1180.314,1180.823,1181.918,1183.621,1185.019,1186.874,1188.759,1190.644,1191.739,1192.043,1193.867,1195.935,1197.759,1199.948,1202.381,1206.395,1210.651,1214.786,1216.976,1219.165,1222.814,1227.192,1231.084,1237.408,1243.246,1250.057,1252.49,1261.733,1265.625,1273.895,1278.76,1287.517,1296.76,1303.571,1192.841,1193.031,1193.297,1193.525,1193.936,1194.445,1195.54,1196.482,1197.09,1198.641,1199.644,1200.922,1201.895,1203.962,1205.665,1208.219,1209.922,1212.111,1214.786,1217.705,1221.354,1225.733,1230.111,1234.003,1236.435,1239.598,1243.49,1245.922,1251.03,1254.436,1259.787,1263.193,1267.084,1271.949,1279.247,1287.517,1294.328,1303.085,1315.247,1208.561,1208.812,1209.215,1209.663,1210.21,1210.53,1210.864,1211.761,1212.506,1213.844,1215.395,1217.219,1218.983,1220.928,1223.057,1225.489,1228.408,1230.841,1235.098,1236.435,1240.327,1244.463,1249.571,1253.219,1259.057,1263.679,1267.084,1270.976,1276.814,1282.652,1289.463,1295.301,1302.112,1306.977,1314.761,1323.031,1327.896,1223.939,1224.167,1224.38,1224.851,1225.231,1225.406,1226.098,1226.31,1227.192,1227.922,1229.229,1231.875,1233.516,1235.098,1237.408,1237.408,1239.354,1242.152,1244.706,1247.99,1251.638,1253.949,1257.355,1259.057,1264.652,1268.057,1275.112,1279.247,1286.544,1292.382,1300.652,1307.463,1314.761,1323.518,1329.356,1335.193,1342.491,1348.329,1239.658,1240.054,1240.563,1241.255,1241.772,1242.365,1242.76,1243.49,1244.979,1247.442,1249.632,1252.064,1255.165,1257.355,1260.274,1262.706,1266.233,1268.544,1271.463,1274.625,1279.49,1283.139,1287.517,1293.355,1298.22,1298.22,1298.22,1298.22,1285.085,1268.544,1264.044,1262.706,1276.328,1000,1000,1341.031,1331.302,1325.95,1324.977,1329.356,1334.22,1341.031,1350.761,1254.922,1255.112,1255.378,1255.568,1255.568,1255.675,1000,1000,1000,1000,1000,1000,1000,1000,1000,1000,1000,1157.137,1156.164,1154.218,1150.326,1146.434,1142.056,1140.596,1139.623,1139.623,1140.596,1141.083,1142.056,1144.002,1145.461,1147.407,1148.38,1150.326,1152.272,1154.218,1157.137,1158.11,1158.11,1157.137,1154.218,1151.299,1148.38,1144.975,1138.65,1131.839,1125.515,1119.677,1115.299,1111.65,1109.218,1106.542,1104.596,1102.163,1101.677,1100.947,1099.731,1099.731,1099.731,1099.245,1099.245,1099.245,1099.245,1099.245,1099.731,1100.461,1100.947,1101.677,1102.163,1102.65,1102.65,1103.38,1104.109,1105.812,1107.028,1108.488,1109.218,1110.434,1110.434,1110.434,1111.65,1113.109,1114.569,1115.299,1115.299,1116.029,1116.029,1115.299,1116.029,1116.029,1116.029,1116.758,1117.245,1117.245,1117.245,1118.218,1118.218,1118.218,1118.218,1119.677,1119.677,1120.164,1121.623,1122.596,1124.056,1125.029,1126.975,1129.407,1131.353,1133.786,1136.218,1138.65,1142.056,1144.975,1151.299,1158.11,1175.137,1068.862,1070.526,1072.092,1073.217,1073.552,1073.552,1073.552,1073.217,1073.369,1073.917,1074.099,1074.494,1074.099,1074.312,1074.494,1077.109,1077.839,1079.42,1079.967,1080.575,1081.123,1084.285,1086.109,1000,1000,1000,1000,1000,1141.729,1141.554,1141.478,1141.395,1141.318,1141.478,1141.638,1142.314,1144.397,1148.38,1149.353,1148.198,1147.711,1146.1,1144.549,1143.515,1141.25,1140.414,1245.192,1000,1000,1000,1000,1000,1000,1175.867,1185.84,1185.84,1186.327,1185.84,1185.84,1185.11,1188.273,1187.543,1000,1000,1000,1000,1000,1000,1000,1000,1000,1000,1000,1000,1467.763,1468.492,1470.013,1470.56,1476.885,1482.601,1490.871,1499.385,1512.034,1523.466,1530.277,1537.574,1547.304,1550.223,1550.223,1558.98,1000,1000,1000,1000,1000,1000,1507.412,1509.844,1000,1000,1000,1000,1000,1000,1000,1000,1000,1000,1000,1000,1000,1000,1000,1000,1000,1000,1000,1000,1000,1000,1000,1000,1000,1000,1000,1000,1000,1000,1000,1000,1000,1000,1000,1000,1000,1000,1000,1000,1000,1491.418,1489.625,1487.777,1487.04,1570.656,1562.872,1544.872,1533.682,1526.385,1532.709,1536.115,1554.115,1576.007,1486.683,1487.086,1488.195,1488.195,1000,1000,1000,1000,1619.161,1713.198,1681.576,1000,1000,1000,1000,1000,1000,1000,1000,1000,1000,1000,1000,1000,1000,1000,1000,1000,1000,1000,1000,1000,1000,1000,1000,1000,1000,1000,1000,1000,1000,1000,1000,1000,1000,1000,1000,1000,1000,1647.765,1640.954,1626.359,1622.224,1608.481,1602.643,1594.844,1593.567,1592.077,1591.575,1675.738,1655.306,1636.332,1615.656,1605.683,1590.724,1588.17,1580.872,1574.061,1570.139,1567.22,1564.522,1642.657,1621.738,1597.413,1589.143,1585.737,1000,1000,1000,1000,1541.831,1539.292,1538.707,1537.468,1631.468,1613.467,1593.521,1578.44,1562.629,1553.142,1541.466,1531.25,1522.007,1517.689,1514.588,1512.611,1511.129,1510.186,1600.332,1582.332,1565.791,1546.818,1538.547,1536.601,1525.655,1516.169,1513.858,1504.493,1498.108,1493.668,1490.172,1487.367,1486.607,1558.98,1548.277,1531.25,1523.953,1516.169,1506.682,1495.493,1489.412,1479.074,1473.479,1470.013,1466.425,1463.84,1462.655,1461.043,1459.895,1559.467,1550.71,1000,1000,1000,1000,1000,1000,1000,1000,1000,1000,1000,1000,1000,1000,1000,1000,1000,1000,1000,1000,1000,1000,1000,1000,1000,1000,1000,1000,1000,1000,1000,1000,1000,1000,1000,1000,1000,1000,1000,1000,1000,1000,1000,1000,1000,1000,1000,1000,1000
1180.314,1180.93,1181.553,1183.317,1184.472,1186.205,1187.786,1189.793,1190.644,1192.043,1192.651,1195.935,1196.3,1198.489,1202.016,1205.422,1208.705,1213.814,1216.976,1218.678,1222.327,1225.976,1229.868,1235.949,1240.814,1247.625,1254.436,1259.301,1262.706,1271.949,1277.787,1285.571,1295.788,1192.651,1192.879,1192.993,1193.244,1193.404,1193.791,1194.354,1195.175,1196.057,1196.786,1198.094,1198.854,1200.07,1201.408,1203.415,1205.117,1208.219,1210.651,1212.111,1214.786,1218.192,1221.354,1225.246,1229.625,1233.516,1235.949,1240.814,1243.976,1250.301,1252.976,1258.328,1261.247,1263.679,1269.517,1273.895,1278.274,1283.625,1293.355,1303.085,1311.355,1208.409,1208.637,1209.154,1209.747,1209.922,1210.743,1210.986,1211.624,1212.506,1213.661,1215.395,1217.219,1218.192,1220.381,1223.057,1225.489,1228.408,1232.057,1235.584,1236.922,1240.327,1244.463,1249.571,1253.219,1259.057,1262.949,1267.084,1272.436,1278.76,1284.112,1290.436,1293.842,1304.058,1308.923,1313.788,1322.058,1326.923,1223.787,1224.129,1224.288,1224.6,1225.071,1225.489,1225.778,1226.432,1226.797,1227.77,1229.412,1230.78,1233.03,1234.064,1235.645,1236.8,1239.963,1242.517,1245.922,1248.841,1252.49,1253.463,1257.355,1260.76,1264.652,1268.057,1273.895,1279.247,1287.031,1293.355,1301.625,1310.382,1318.653,1322.545,1328.383,1333.248,1339.572,1347.356,1239.582,1240,1240.639,1241.255,1241.665,1242.623,1242.897,1243.946,1245.162,1247.199,1249.632,1251.821,1254.922,1257.719,1259.544,1262.341,1264.895,1266.72,1270.003,1274.139,1277.301,1281.922,1285.571,1288.733,1295.544,1296.274,1297.734,1297.004,1282.652,1269.031,1265.747,1000,1000,1000,1330.328,1327.41,1317.68,1314.761,1315.247,1319.626,1325.95,1332.275,1342.977,1354.167,1360.978,1255.036,1255.302,1255.469,1255.675,1000,1000,1000,1000,1271.22,1268.787,1268.057,1000,1000,1000,1000,1149.353,1147.407,1145.461,1141.083,1136.704,1134.272,1134.272,1133.786,1134.272,1136.218,1136.704,1137.677,1140.596,1142.056,1144.975,1146.434,1148.38,1151.299,1154.218,1156.164,1157.137,1156.164,1155.191,1152.272,1149.353,1147.407,1144.002,1138.65,1131.839,1125.515,1119.677,1114.569,1111.164,1108.488,1105.812,1104.109,1102.163,1101.677,1100.461,1099.731,1099.245,1099.245,1098.515,1098.515,1098.515,1098.515,1099.245,1099.245,1099.731,1100.461,1101.677,1101.677,1102.163,1102.65,1103.38,1104.109,1105.812,1107.028,1108.488,1109.218,1109.704,1109.704,1111.164,1111.65,1113.839,1114.569,1115.299,1116.029,1116.029,1116.029,1115.299,1116.029,1116.029,1115.299,1116.758,1117.245,1118.218,1117.245,1118.218,1118.218,1118.218,1118.704,1119.677,1120.164,1121.137,1121.623,1122.596,1124.056,1124.056,1126.488,1128.921,1130.38,1131.839,1134.272,1136.704,1140.596,1143.029,1148.38,1156.164,1168.813,1068.337,1069.394,1070.998,1072.092,1072.396,1072.548,1072.7,1072.548,1072.396,1072.548,1072.852,1072.852,1072.7,1073.217,1073.917,1076.379,1079.177,1079.967,1080.271,1081.427,1081.123,1083.677,1085.015,1000,1000,1000,1000,1000,1142.314,1141.554,1141.318,1141.25,1141.25,1141.318,1141.395,1142.208,1144.549,1148.38,1147.711,1145.917,1145.218,1144.245,1143.242,1142.634,1140.923,1140.376,1250.057,1000,1000,1000,1000,1000,1000,1177.083,1183.894,1184.381,1184.381,1185.11,1184.381,1183.894,1185.84,1182.192,1000,1000,1000,1000,1459.287,1547.304,1000,1000,1000,1000,1000,1000,1466.851,1467.763,1470.317,1470.317,1474.452,1478.709,1484.79,1491.844,1503.52,1514.709,1523.953,1534.656,1544.872,1555.088,1564.818,1576.007,1566.764,1000,1000,1488.287,1490.035,1000,1505.588,1511.547,1519.574,1000,1000,1000,1000,1000,1000,1000,1000,1000,1000,1000,1000,1000,1000,1000,1000,1000,1000,1000,1000,1000,1000,1000,1000,1000,1000,1000,1000,1000,1000,1000,1000,1000,1000,1000,1000,1000,1503.033,1498.959,1495.979,1490.78,1489.503,1487.633,1486.911,1569.683,1559.953,1541.466,1527.358,1521.034,1524.926,1529.791,1549.25,1582.818,1486.949,1487.633,1489.016,1488.697,1000,1000,1000,1000,1619.123,1707.36,1000,1000,1000,1000,1000,1000,1000,1000,1000,1000,1000,1000,1000,1000,1000,1000,1000,1000,1000,1000,1000,1000,1000,1000,1000,1000,1000,1000,1000,1000,1000,1000,1000,1000,1000,1000,1000,1000,1000,1643.63,1639.738,1623.197,1620.278,1608.116,1603.737,1594.585,1593.369,1591.955,1686.928,1668.927,1653.36,1631.468,1611.278,1601.792,1589.872,1585.251,1578.926,1573.818,1570.322,1567.737,1564.75,1646.549,1619.792,1598.386,1584.521,1584.035,1000,1000,1000,1000,1543.078,1540.919,1539.292,1537.734,1625.63,1610.548,1587.683,1573.088,1560.683,1551.196,1540.493,1531.615,1522.554,1519.331,1515.469,1512.733,1510.985,1510.11,1597.9,1585.251,1573.088,1552.169,1537.331,1530.764,1521.763,1512.885,1509.844,1502.669,1496.77,1491.418,1489.26,1487.04,1486.569,1558.007,1548.277,1533.682,1527.845,1519.088,1513.979,1501.331,1493.547,1481.385,1476.155,1470.864,1467.763,1463.232,1462.259,1460.123,1459.439,1542.439,1550.71,1000,1000,1000,1000,1000,1000,1000,1000,1000,1000,1000,1000,1000,1000,1000,1000,1000,1000,1000,1000,1000,1000,1000,1000,1000,1000,1000,1000,1000,1000,1000,1000,1000,1000,1000,1000,1000,1000,1000,1000,1000,1000,1000,1000,1000,1000,1000,1000,1000
1180.025,1180.648,1181.234,1182.572,1183.773,1185.84,1187.543,1189.55,1190.34,1192.347,1193.867,1194.597,1195.935,1198.124,1201.651,1203.719,1209.192,1213.327,1216.976,1219.895,1223.3,1225.976,1229.868,1233.76,1240.814,1247.138,1252.003,1258.328,1263.679,1270.976,1277.787,1285.571,1294.815,1302.599,1192.841,1193.031,1193.244,1193.525,1193.936,1194.445,1194.962,1195.661,1196.786,1197.577,1198.276,1199.462,1201.165,1202.928,1204.813,1206.881,1209.922,1212.476,1214.786,1218.678,1221.354,1224.273,1228.408,1231.084,1235.949,1239.598,1244.706,1247.382,1253.949,1257.355,1259.787,1263.679,1268.057,1271.949,1277.301,1282.652,1290.436,1301.139,1309.409,1208.257,1208.637,1209.283,1209.359,1209.922,1210.53,1210.864,1211.624,1212.658,1214.026,1215.395,1216.976,1218.496,1219.53,1222.449,1224.76,1227.679,1230.841,1234.611,1235.584,1240.327,1243.49,1247.868,1251.517,1258.328,1261.49,1267.084,1272.922,1279.247,1286.058,1287.517,1297.247,1303.085,1308.923,1312.815,1318.653,1324.004,1331.788,1224.015,1224.243,1224.539,1225.155,1225.581,1225.885,1226.554,1227.192,1227.77,1228.895,1230.78,1232.057,1234.307,1235.645,1237.713,1241.422,1242.152,1245.557,1247.138,1252.003,1253.949,1257.355,1261.247,1263.922,1268.057,1274.625,1279.247,1286.544,1294.328,1305.031,1309.409,1316.707,1321.572,1326.437,1331.302,1336.653,1343.464,1239.468,1239.947,1240.289,1240.974,1241.559,1242.243,1242.76,1243.49,1245.162,1246.773,1248.598,1250.969,1253.949,1256.99,1258.814,1262.341,1264.895,1268.544,1270.976,1274.625,1277.787,1281.922,1286.301,1290.193,1295.544,1297.004,1297.734,1292.625,1280.706,1270.976,1267.571,1000,1000,1324.004,1332.275,1325.95,1315.247,1313.788,1315.247,1318.653,1323.031,1327.41,1336.167,1346.869,1353.194,1358.059,1255.036,1255.226,1255.34,1000,1000,1000,1272.436,1275.112,1272.436,1273.166,1000,1000,1000,1000,1000,1140.596,1138.65,1134.272,1131.839,1131.353,1131.353,1131.353,1131.839,1133.786,1135.245,1136.704,1139.623,1141.083,1144.002,1146.434,1149.353,1152.272,1154.218,1155.191,1156.164,1155.191,1153.245,1150.326,1148.38,1146.434,1143.029,1137.677,1131.839,1125.029,1118.704,1113.839,1110.434,1107.758,1105.326,1103.38,1101.677,1100.947,1100.461,1099.731,1099.245,1098.515,1098.515,1098.028,1098.515,1098.515,1098.515,1099.245,1099.731,1099.731,1100.947,1101.677,1102.163,1102.163,1103.38,1104.109,1105.326,1106.542,1107.758,1108.488,1109.704,1109.704,1110.434,1111.65,1113.109,1114.569,1115.299,1116.029,1116.029,1116.029,1115.299,1116.029,1116.029,1115.299,1116.029,1117.245,1117.245,1117.245,1118.218,1118.704,1118.704,1118.704,1119.677,1120.164,1121.137,1121.137,1122.596,1123.083,1125.029,1125.515,1127.948,1128.921,1130.38,1132.813,1135.245,1138.65,1143.029,1148.38,1155.191,1167.84,1182.921,1068.922,1069.903,1070.526,1071.241,1071.241,1071.514,1071.119,1071.119,1070.754,1070.998,1071.119,1071.514,1071.94,1073.552,1077.109,1078.386,1079.724,1080.819,1081.427,1081.731,1083.312,1084.285,1085.38,1000,1000,1000,1000,1142.314,1141.478,1141.25,1141.25,1141.174,1141.174,1141.318,1142.01,1143.941,1146.495,1146.313,1145.036,1145.218,1144.397,1143.789,1143.242,1141.395,1140.186,1000,1000,1000,1000,1000,1000,1000,1180.975,1185.84,1185.11,1185.11,1185.11,1184.381,1183.894,1184.381,1179.273,1000,1000,1000,1547.304,1544.385,1539.52,1520.547,1000,1000,1000,1000,1462.791,1464.874,1466.851,1469.222,1470.317,1472.871,1476.155,1481.385,1487.466,1497.196,1000,1517.628,1530.277,1541.466,1547.304,1559.953,1573.088,1574.061,1487.04,1487.633,1489.625,1490.78,1496.77,1504.128,1509.115,1515.196,1000,1000,1000,1000,1000,1000,1000,1000,1000,1000,1000,1000,1000,1000,1000,1000,1000,1000,1000,1000,1000,1000,1000,1000,1000,1000,1000,1000,1000,1000,1000,1000,1000,1000,1000,1000,1000,1000,1504.493,1497.804,1490.78,1488.91,1487.489,1486.721,1566.764,1554.115,1537.574,1526.385,1523.953,1531.25,1541.466,1561.899,1486.645,1487.086,1487.701,1488.591,1488.393,1000,1000,1000,1620.521,1619.275,1710.279,1678.171,1000,1000,1000,1000,1000,1000,1000,1000,1000,1000,1000,1000,1000,1000,1000,1000,1000,1000,1000,1000,1000,1000,1000,1000,1000,1000,1000,1000,1000,1000,1000,1000,1000,1000,1000,1000,1000,1666.009,1644.36,1639.738,1624.657,1619.427,1607.386,1603.19,1594.981,1593.278,1591.955,1684.009,1664.063,1651.414,1633.9,1615.656,1603.494,1590.359,1584.521,1576.798,1571.933,1568.923,1566.43,1660.657,1634.873,1612.981,1594.737,1585.251,1582.818,1000,1000,1000,1550.406,1544.264,1541.679,1539.855,1537.901,1629.522,1608.602,1591.089,1576.494,1562.629,1550.71,1541.466,1531.25,1523.162,1519.818,1516.838,1513.25,1511.053,1510.11,1601.305,1584.278,1573.575,1556.061,1540.493,1531.493,1522.736,1512.52,1507.898,1501.088,1495.979,1490.476,1488.591,1486.835,1486.607,1556.061,1545.845,1530.277,1527.358,1516.898,1512.034,1499.385,1494.52,1483.452,1477.249,1471.411,1468.492,1463.536,1461.666,1460.123,1459.363,1540.493,1540.493,1000,1000,1000,1000,1000,1000,1000,1000,1000,1000,1000,1000,1000,1000,1000,1000,1000,1000,1000,1000,1000,1000,1000,1000,1000,1000,1000,1000,1000,1000,1000,1000,1000,1000,1000,1000,1000,1000,1000,1000,1000,1000,1000,1000,1000,1000,1000,1000,1000
1179.903,1180.648,1181.447,1182.708,1184.137,1186.023,1187.3,1189.307,1190.34,1191.496,1194.232,1194.597,1195.935,1197.759,1200.435,1203.719,1208.219,1213.327,1218.192,1221.111,1225.246,1225.976,1228.408,1232.3,1240.327,1244.706,1252.49,1257.355,1262.706,1267.084,1274.868,1284.598,1292.869,1300.652,1192.803,1192.955,1193.198,1193.525,1193.936,1194.445,1195.175,1195.783,1196.482,1197.242,1198.459,1199.462,1200.922,1202.624,1204.813,1206.273,1209.557,1210.651,1213.57,1216.489,1220.016,1222.327,1225.733,1228.895,1232.3,1236.922,1243.976,1248.111,1252.49,1256.868,1261.247,1263.679,1267.084,1270.49,1277.301,1282.652,1290.436,1301.139,1312.328,1208.409,1208.766,1209.093,1209.587,1209.922,1210.636,1210.986,1212.202,1212.81,1214.422,1215.212,1216.733,1217.949,1219.53,1222.145,1225.489,1229.625,1232.908,1236.071,1236.435,1238.868,1242.517,1247.382,1250.301,1255.652,1261.003,1265.139,1270.976,1276.328,1284.112,1288.49,1297.247,1303.085,1308.923,1313.788,1319.626,1324.004,1330.815,1223.863,1224.129,1224.486,1224.927,1225.489,1225.885,1226.31,1227.055,1227.922,1229.047,1230.172,1232.3,1232.787,1236.253,1237.408,1242.152,1242.881,1247.99,1247.99,1251.638,1253.949,1258.571,1261.733,1263.436,1268.057,1273.166,1277.787,1285.085,1293.355,1304.058,1311.842,1317.68,1321.572,1323.518,1328.383,1332.275,1341.518,1239.43,1239.902,1240.107,1240.882,1241.452,1242.365,1243.338,1244.098,1245.74,1247.199,1248.598,1251.517,1254.192,1256.625,1257.719,1262.341,1264.044,1268.057,1271.463,1274.625,1277.787,1281.436,1285.085,1288.733,1293.355,1294.085,1294.815,1287.517,1276.328,1268.057,1266.233,1000,1000,1335.193,1339.085,1325.95,1312.815,1310.382,1312.328,1314.761,1317.68,1322.058,1331.302,1340.058,1349.788,1354.167,1254.96,1255.112,1000,1000,1000,1270.003,1270.003,1270.733,1268.057,1267.084,1268.057,1270.733,1000,1000,1000,1000,1136.218,1132.813,1131.353,1130.38,1130.38,1131.353,1132.813,1133.786,1135.245,1136.704,1138.65,1141.083,1144.002,1145.461,1149.353,1151.299,1153.245,1154.218,1153.245,1152.272,1150.326,1148.38,1146.434,1144.975,1142.056,1136.704,1131.353,1124.056,1118.704,1113.839,1109.704,1107.758,1105.326,1103.38,1101.677,1100.947,1099.731,1099.245,1098.515,1098.028,1098.028,1098.028,1098.028,1098.028,1098.515,1098.515,1099.245,1099.245,1100.461,1100.947,1101.677,1102.163,1103.38,1103.38,1105.326,1105.812,1107.028,1107.758,1109.218,1109.704,1110.434,1111.65,1113.109,1113.839,1113.839,1114.569,1116.029,1116.029,1114.569,1116.029,1116.029,1115.299,1116.029,1116.758,1116.758,1117.245,1117.245,1118.218,1118.704,1118.704,1119.677,1120.164,1121.137,1121.137,1122.596,1122.596,1123.083,1125.029,1126.488,1126.975,1129.407,1131.839,1133.786,1137.677,1141.083,1145.461,1153.245,1162.975,1176.11,1068.489,1068.983,1069.812,1070.313,1070.754,1070.876,1070.754,1070.101,1069.728,1069.637,1069.812,1070.876,1071.514,1073.734,1077.596,1079.967,1081.427,1082.339,1083.312,1083.677,1084.65,1085.744,1086.474,1088.298,1000,1000,1000,1141.395,1141.25,1141.106,1141.106,1141.045,1141.045,1141.174,1141.904,1143.652,1146.921,1146.313,1144.701,1144.853,1144.245,1143.515,1143.12,1141.395,1247.138,1000,1000,1000,1000,1000,1000,1181.462,1185.11,1186.327,1184.381,1184.381,1184.381,1184.381,1183.894,1185.11,1180.246,1000,1000,1000,1533.682,1525.899,1526.872,1521.52,1000,1000,1000,1000,1461.149,1462.138,1463.992,1465.634,1467.763,1470.013,1473.844,1479.439,1485.276,1493.547,1503.033,1516.169,1532.223,1539.52,1548.277,1560.926,1568.71,1569.683,1486.797,1487.428,1489.016,1490.628,1495.736,1498.655,1502.06,1504.493,1000,1000,1000,1000,1000,1000,1000,1000,1000,1000,1000,1000,1000,1000,1000,1000,1000,1000,1000,1000,1000,1000,1000,1000,1000,1000,1000,1000,1000,1000,1000,1000,1000,1000,1000,1000,1000,1000,1504.128,1495.979,1491.236,1488.697,1487.428,1486.721,1569.683,1551.196,1535.142,1523.466,1520.547,1525.899,1537.574,1555.088,1582.818,1486.759,1487.245,1488.021,1487.861,1000,1000,1000,1620.613,1619.32,1713.198,1684.495,1000,1000,1000,1000,1000,1000,1000,1000,1000,1000,1000,1000,1000,1000,1000,1000,1000,1000,1000,1000,1000,1000,1000,1000,1000,1000,1000,1000,1000,1000,1000,1000,1000,1000,1000,1000,1000,1000,1637.792,1632.927,1618.94,1613.711,1604.042,1598.994,1592.784,1592.122,1591.575,1677.198,1662.117,1652.387,1632.441,1612.494,1598.629,1588.17,1582.332,1576.494,1570.534,1567.874,1565.266,1653.846,1626.116,1606.656,1591.818,1582.818,1577.953,1565.305,1000,1000,1000,1544.933,1542.196,1539.733,1537.681,1627.576,1604.71,1585.251,1574.061,1563.115,1549.007,1540.007,1530.764,1522.311,1518.601,1515.469,1512.49,1510.719,1509.882,1591.089,1577.467,1566.764,1546.818,1533.926,1528.574,1523.953,1513.371,1506.682,1499.506,1493.912,1488.484,1487.192,1577.953,1576.007,1553.142,1542.926,1530.277,1526.385,1515.439,1507.412,1497.682,1494.52,1483.939,1476.885,1471.411,1467.52,1462.655,1460.952,1459.751,1558.494,1542.439,1548.764,1000,1000,1000,1000,1000,1000,1000,1000,1000,1000,1000,1000,1000,1000,1000,1000,1000,1000,1000,1000,1000,1000,1000,1000,1000,1000,1000,1000,1000,1000,1000,1000,1000,1000,1000,1000,1000,1000,1000,1000,1000,1000,1000,1000,1000,1000,1000,1000,1000
1180.17,1180.823,1181.553,1182.572,1183.955,1185.415,1186.631,1188.516,1190.34,1192.043,1194.232,1194.84,1196.3,1196.665,1200.435,1202.016,1206.881,1212.111,1216.976,1221.111,1226.462,1227.192,1229.868,1233.03,1238.868,1243.733,1251.03,1255.895,1261.247,1269.031,1274.868,1282.652,1292.869,1300.652,1192.651,1192.917,1193.198,1193.525,1194.095,1194.095,1195.068,1195.661,1196.057,1196.786,1198.094,1199.219,1201.165,1201.895,1204.509,1206.273,1208.462,1209.922,1214.057,1216.003,1218.678,1220.503,1224.273,1227.922,1231.084,1234.733,1243.49,1245.436,1249.571,1254.436,1259.301,1262.22,1265.625,1270.976,1275.355,1281.679,1291.409,1301.139,1315.247,1208.637,1208.865,1209.283,1209.504,1209.922,1210.317,1211.107,1211.761,1212.962,1213.844,1215.395,1216.489,1217.219,1219.53,1222.449,1225.125,1228.408,1231.571,1234.246,1236.435,1237.895,1241.3,1246.165,1249.571,1255.165,1259.057,1264.409,1270.003,1275.355,1280.22,1287.517,1294.815,1303.085,1306.004,1311.842,1316.707,1319.626,1324.977,1331.788,1224.015,1224.334,1224.722,1225.231,1225.581,1226.098,1226.797,1227.466,1228.895,1230.598,1230.598,1231.875,1235.645,1236.8,1241.057,1242.517,1245.922,1247.625,1250.665,1252.976,1255.409,1260.03,1262.22,1266.355,1270.733,1275.112,1284.112,1290.923,1303.085,1311.842,1319.626,1320.599,1323.518,1327.41,1330.328,1341.518,1348.329,1239.697,1240,1240.723,1241.057,1241.878,1242.76,1243.946,1245.344,1246.773,1248.354,1250.665,1252.672,1255.53,1256.99,1261.125,1265.382,1268.544,1271.463,1275.598,1277.787,1280.706,1283.625,1286.787,1291.409,1291.409,1292.139,1285.571,1272.436,1267.206,1265.382,1000,1000,1345.896,1341.031,1326.437,1312.328,1310.382,1312.328,1313.788,1317.193,1321.572,1326.437,1335.193,1346.869,1353.194,1254.922,1255.074,1255.15,1000,1000,1000,1269.517,1269.517,1268.787,1266.355,1266.355,1266.355,1000,1000,1000,1000,1134.272,1131.839,1130.38,1130.38,1131.353,1131.839,1132.813,1134.272,1136.218,1136.704,1139.623,1142.056,1144.975,1146.434,1149.353,1151.299,1152.272,1153.245,1152.272,1150.326,1148.38,1146.434,1144.975,1144.002,1141.083,1136.218,1129.407,1123.083,1118.218,1112.38,1109.704,1107.028,1105.326,1103.38,1102.163,1100.947,1099.731,1099.245,1098.515,1098.515,1098.028,1098.028,1098.028,1098.028,1098.028,1098.515,1098.515,1099.245,1099.731,1100.461,1101.677,1102.65,1103.38,1104.109,1105.326,1105.812,1107.028,1107.758,1109.218,1110.434,1111.164,1112.38,1113.109,1113.839,1113.839,1114.569,1116.029,1116.029,1115.299,1116.758,1116.029,1116.029,1116.029,1116.758,1116.758,1117.245,1117.245,1118.218,1119.677,1119.677,1119.677,1120.164,1121.137,1120.164,1121.623,1121.623,1122.596,1124.056,1125.515,1126.488,1127.948,1129.407,1131.839,1135.245,1139.623,1144.002,1151.299,1159.083,1171.245,1182.921,1068.489,1068.808,1069.318,1069.394,1069.553,1069.553,1069.318,1069.173,1068.808,1069.105,1070.009,1071.119,1074.494,1077.596,1081.123,1082.704,1082.947,1083.312,1083.677,1083.92,1085.38,1085.38,1087.204,1089.515,1000,1000,1141.174,1141.174,1141.106,1141.045,1141.045,1141.045,1141.174,1142.01,1144.701,1147.286,1146.921,1145.218,1145.218,1144.701,1144.549,1144.245,1145.735,1000,1000,1000,1000,1000,1000,1000,1190.219,1187.543,1185.84,1182.678,1183.408,1183.408,1182.678,1182.192,1185.84,1180.975,1000,1000,1000,1000,1522.98,1519.574,1518.601,1507.898,1000,1000,1000,1460.184,1460.868,1462.259,1464.175,1467.094,1469.77,1474.087,1479.439,1486.614,1494.033,1501.331,1513.979,1527.845,1534.656,1548.277,1560.926,1569.683,1576.98,1487.245,1487.701,1489.898,1492.483,1000,1000,1503.763,1506.682,1507.412,1510.331,1000,1000,1000,1562.386,1569.196,1000,1000,1000,1000,1000,1000,1000,1000,1000,1000,1000,1000,1000,1000,1000,1000,1000,1000,1000,1000,1000,1000,1000,1000,1000,1000,1540.493,1534.656,1000,1000,1511.182,1505.223,1498.351,1492.118,1489.26,1487.489,1486.493,1559.953,1544.872,1529.791,1519.574,1520.547,1523.953,1535.142,1553.142,1576.98,1486.797,1487.557,1488.697,1488.697,1000,1000,1000,1619.571,1715.144,1696.171,1675.252,1000,1000,1000,1000,1000,1000,1000,1000,1000,1000,1000,1000,1000,1000,1000,1000,1000,1000,1000,1000,1000,1000,1000,1000,1000,1000,1000,1000,1000,1000,1000,1000,1000,1000,1000,1000,1000,1650.441,1634.873,1627.332,1614.927,1610.67,1602.339,1597.018,1592.571,1591.841,1677.198,1666.009,1657.252,1642.657,1624.657,1603.981,1591.21,1584.521,1579.899,1574.305,1570.139,1567.737,1565.266,1656.765,1631.954,1613.954,1597.413,1584.035,1574.548,1563.48,1000,1000,1000,1544.689,1542.196,1540.098,1538.084,1537.126,1609.575,1589.143,1575.521,1562.629,1549.494,1539.52,1529.669,1523.162,1518.358,1000,1000,1511.053,1510.034,1600.332,1583.305,1572.115,1557.034,1542.683,1532.709,1527.845,1515.196,1505.952,1498.351,1493.304,1488.484,1487.192,1576.98,1569.683,1548.277,1537.088,1523.466,1522.007,1512.034,1503.52,1495.006,1491.358,1481.02,1475.79,1470.317,1466.851,1462.138,1460.617,1459.515,1555.575,1541.466,1545.358,1000,1000,1000,1000,1000,1000,1000,1000,1000,1000,1000,1000,1000,1000,1000,1000,1000,1000,1000,1000,1000,1000,1000,1000,1000,1000,1000,1000,1000,1000,1000,1000,1000,1000,1000,1000,1000,1000,1000,1000,1000,1000,1000,1000,1000,1000,1000,1000,1000
1180.17,1180.823,1181.796,1182.86,1184.137,1185.597,1186.874,1188.759,1189.793,1191.496,1193.259,1193.624,1195.57,1196.665,1199.948,1201.651,1206.881,1211.624,1216.489,1220.381,1225.246,1227.192,1229.138,1233.03,1238.868,1243.733,1252.003,1255.895,1261.733,1267.084,1272.922,1282.652,1289.463,1297.734,1302.599,1192.841,1193.069,1193.244,1193.791,1194.552,1194.962,1195.175,1196.482,1196.938,1198.094,1199.462,1201.408,1202.381,1204.509,1205.361,1207.854,1209.192,1211.746,1213.57,1216.854,1220.016,1222.814,1226.219,1230.598,1235.219,1239.598,1243.976,1251.03,1254.436,1257.355,1262.22,1267.084,1272.922,1275.355,1285.571,1293.355,1304.058,1317.193,1208.485,1208.721,1209.215,1209.093,1209.587,1210.013,1210.864,1211.624,1212.658,1214.026,1215.03,1216.733,1217.949,1219.287,1221.841,1226.219,1227.679,1232.422,1234.611,1235.098,1240.327,1240.814,1245.192,1249.571,1257.598,1261.003,1265.139,1268.544,1275.355,1279.247,1286.544,1292.869,1298.22,1303.085,1310.869,1315.734,1317.68,1324.004,1327.896,1332.761,1224.167,1224.722,1225.155,1225.406,1226.31,1227.055,1227.77,1229.229,1230.962,1231.206,1232.787,1233.516,1236.496,1240.327,1242.152,1244.706,1247.625,1250.665,1252.003,1255.409,1260.03,1262.22,1266.355,1270.003,1275.841,1285.085,1292.382,1304.058,1310.869,1316.707,1316.707,1321.572,1325.464,1330.328,1341.518,1239.43,1239.947,1240.229,1240.799,1241.346,1242.121,1243.186,1243.946,1244.979,1246.348,1248.841,1250.422,1252.368,1255.165,1256.99,1259.909,1263.557,1267.571,1271.463,1274.625,1278.517,1279.49,1285.085,1287.517,1291.409,1292.139,1292.625,1285.571,1271.949,1268.057,1000,1000,1000,1000,1333.248,1324.004,1309.896,1307.95,1309.896,1312.815,1316.22,1320.599,1327.41,1336.167,1350.761,1356.113,1254.998,1255.302,1255.568,1000,1000,1000,1000,1267.084,1265.139,1262.22,1261.733,1262.22,1000,1000,1000,1000,1000,1131.353,1129.407,1129.407,1130.38,1131.353,1132.813,1134.272,1135.245,1136.704,1139.623,1142.056,1144.975,1147.407,1149.353,1152.272,1153.245,1153.245,1151.299,1150.326,1147.407,1145.461,1144.002,1143.029,1139.623,1134.272,1127.948,1122.596,1117.245,1112.38,1109.218,1106.542,1104.596,1102.65,1101.677,1100.461,1099.731,1099.245,1098.515,1098.515,1098.028,1098.028,1098.028,1098.028,1098.028,1098.515,1098.515,1098.515,1099.245,1100.461,1100.947,1102.163,1103.38,1104.596,1105.326,1106.542,1107.028,1108.488,1109.218,1110.434,1111.65,1112.38,1113.109,1113.839,1113.109,1113.839,1114.569,1115.299,1115.299,1116.758,1116.758,1117.245,1116.758,1117.245,1117.245,1117.245,1117.245,1118.218,1118.704,1119.677,1119.677,1120.164,1120.164,1119.677,1120.164,1121.137,1122.596,1123.083,1125.515,1126.488,1127.948,1129.407,1131.353,1133.786,1136.704,1139.623,1144.975,1150.326,1162.002,1167.84,1178.056,1068.185,1068.451,1068.755,1068.808,1068.565,1068.527,1068.337,1068.451,1068.755,1069.637,1070.998,1073.917,1077.839,1079.724,1081.427,1082.035,1082.704,1082.704,1083.312,1083.92,1084.65,1086.109,1087.934,1000,1000,1140.756,1141.045,1141.045,1141.045,1141.045,1141.045,1141.174,1142.314,1145.37,1149.353,1148.624,1146.495,1145.735,1145.552,1145.036,1145.036,1149.11,1000,1000,1000,1000,1000,1000,1201.895,1192.894,1188.273,1187.056,1182.678,1183.408,1182.678,1182.192,1180.975,1184.381,1179.273,1000,1000,1000,1000,1516.169,1509.358,1506.925,1000,1000,1000,1000,1459.796,1460.458,1462.138,1463.84,1466.668,1469.222,1472.871,1478.344,1486.614,1492.817,1000,1513.25,1527.845,1532.223,1546.331,1559.953,1568.71,1580.872,1486.949,1487.777,1489.503,1492.483,1495.25,1000,1500.419,1507.412,1508.263,1515.196,1526.628,1534.656,1545.358,1557.521,1565.791,1000,1609.089,1000,1000,1520.365,1000,1000,1000,1000,1000,1000,1000,1562.629,1570.169,1558.494,1539.034,1000,1000,1000,1511.464,1510.544,1509.844,1586.224,1582.332,1569.196,1553.629,1544.872,1538.547,1521.763,1514.709,1507.412,1501.331,1496.77,1491.418,1489.016,1487.428,1486.493,1554.115,1540.493,1526.385,1520.547,1522.493,1532.709,1541.953,1558.98,1577.953,1486.607,1487.086,1487.937,1488.591,1486.835,1000,1000,1000,1618.819,1695.198,1678.171,1000,1000,1000,1000,1000,1000,1000,1000,1000,1000,1000,1000,1000,1000,1000,1000,1000,1000,1000,1000,1000,1000,1000,1000,1000,1000,1000,1000,1000,1000,1000,1000,1000,1000,1000,1000,1000,1646.306,1634.143,1625.873,1614.197,1607.751,1601.062,1595.254,1592.221,1688.874,1671.846,1659.198,1653.36,1646.549,1629.035,1606.9,1589.386,1580.507,1575.642,1571.507,1567.6,1000,1565.396,1564.37,1631.954,1619.792,1605.197,1587.926,1573.332,1564.453,1555.453,1548.946,1546.088,1543.899,1541.375,1539.399,1537.787,1537.126,1606.656,1586.71,1574.061,1558.494,1544.142,1536.237,1528.574,1522.858,1519.818,1515.834,1000,1511.129,1510.072,1600.332,1584.278,1570.169,1558.494,1541.953,1527.845,1522.736,1512.885,1503.033,1496.466,1491.236,1487.367,1486.759,1570.656,1562.872,1546.331,1537.574,1522.493,1519.088,1507.412,1497.682,1489.412,1487.466,1479.074,1474.452,1470.013,1466.851,1462.381,1461.043,1459.796,1559.467,1543.412,1534.656,1000,1000,1000,1000,1000,1000,1000,1000,1000,1000,1000,1000,1000,1000,1000,1000,1000,1000,1000,1000,1000,1000,1000,1000,1000,1000,1000,1000,1000,1000,1000,1000,1000,1000,1000,1000,1000,1000,1000,1000,1000,1000,1000,1000,1000,1000,1000,1000,1000
1180.094,1180.93,1181.675,1182.86,1183.955,1185.597,1187.117,1188.516,1190.097,1192.043,1192.651,1193.867,1195.57,1197.03,1199.219,1201.165,1205.057,1209.192,1212.597,1218.678,1222.814,1227.192,1228.408,1233.76,1238.868,1243.733,1249.571,1255.895,1261.247,1266.111,1273.895,1282.652,1286.544,1294.815,1298.707,1192.803,1192.955,1193.404,1193.647,1194.27,1195.296,1195.296,1196.33,1196.938,1198.276,1199.462,1201.165,1202.381,1203.962,1204.813,1207.489,1208.827,1211.016,1214.057,1216.489,1218.678,1221.841,1224.76,1230.598,1232.3,1237.652,1240.084,1245.922,1249.571,1255.895,1260.76,1264.652,1269.517,1278.274,1283.625,1292.382,1305.517,1317.193,1208.599,1208.721,1209.154,1209.093,1209.587,1209.663,1210.53,1210.986,1212.658,1213.844,1215.212,1216.733,1217.705,1219.287,1221.233,1224.395,1226.949,1229.138,1231.571,1233.273,1237.408,1241.3,1245.679,1249.571,1256.382,1259.544,1265.139,1268.057,1271.463,1276.328,1285.085,1289.463,1295.301,1299.193,1306.977,1311.842,1313.788,1319.626,1326.923,1332.761,1224.091,1224.782,1225.315,1225.778,1226.432,1227.192,1228.074,1229.047,1230.172,1231.631,1232.057,1233.273,1235.402,1236.496,1241.057,1243.611,1247.625,1249.814,1251.638,1254.436,1258.084,1260.03,1263.436,1268.787,1272.436,1281.436,1288.49,1300.652,1306.49,1314.761,1314.761,1321.572,1326.437,1329.356,1337.626,1239.43,1239.811,1240.168,1240.639,1241.148,1241.878,1242.76,1243.642,1244.615,1245.922,1247.625,1249.328,1251.821,1253.949,1256.99,1259.179,1263.557,1266.233,1271.463,1274.139,1277.787,1279.49,1284.355,1286.787,1288.733,1290.193,1291.409,1281.922,1000,1268.544,1000,1000,1000,1000,1335.193,1321.572,1310.382,1307.95,1309.896,1312.328,1315.247,1319.626,1326.437,1337.139,1349.788,1356.113,1255.074,1255.188,1255.469,1000,1000,1000,1000,1000,1000,1000,1000,1000,1000,1000,1000,1000,1000,1131.839,1131.353,1130.38,1130.38,1131.353,1132.813,1134.272,1136.218,1137.677,1140.596,1143.029,1144.975,1146.434,1149.353,1151.299,1151.299,1151.299,1150.326,1148.38,1146.434,1144.975,1144.002,1142.056,1138.65,1133.786,1126.975,1121.137,1116.758,1111.65,1109.218,1106.542,1104.596,1102.65,1101.677,1100.947,1099.731,1099.731,1099.245,1098.515,1098.028,1098.028,1098.028,1098.028,1098.028,1098.515,1098.515,1098.515,1099.245,1100.461,1100.947,1102.65,1103.38,1105.326,1105.812,1106.542,1107.758,1108.488,1109.218,1111.164,1111.65,1112.38,1112.38,1113.109,1113.109,1113.839,1114.569,1115.299,1115.299,1116.758,1117.245,1117.245,1117.245,1117.245,1116.758,1116.758,1117.245,1118.218,1118.704,1119.677,1119.677,1119.677,1119.677,1118.704,1119.677,1120.164,1122.596,1123.083,1125.029,1126.488,1126.975,1127.948,1129.407,1131.839,1136.218,1137.677,1143.029,1146.434,1153.245,1156.164,1164.921,1168.813,1176.11,1176.11,1180.002,1176.11,1176.11,1175.137,1180.975,1068.375,1069.173,1070.876,1073.734,1077.596,1079.177,1080.271,1080.819,1081.123,1081.123,1081.427,1082.035,1082.339,1083.92,1085.744,1094.136,1000,1140.756,1140.984,1140.984,1140.984,1140.984,1141.045,1141.318,1142.755,1146.921,1151.725,1152.272,1150.083,1149.597,1150.63,1150.874,1150.387,1000,1000,1000,1000,1000,1000,1209.678,1197.03,1193.381,1188.273,1186.327,1181.462,1182.192,1181.462,1180.975,1179.759,1183.894,1181.462,1172.218,1000,1000,1000,1514.223,1503.033,1494.277,1000,1000,1000,1000,1460.063,1460.534,1461.241,1462.791,1465.057,1468.736,1473.175,1481.871,1491.358,1000,1000,1523.466,1531.25,1532.709,1539.52,1549.25,1561.899,1581.845,1486.949,1488.697,1490.628,1494.337,1496.223,1498.959,1502.669,1506.682,1506.682,1515.682,1523.953,1532.223,1544.142,1562.386,1577.467,1597.9,1510.186,1000,1000,1519.574,1526.02,1528.574,1534.047,1532.831,1543.412,1557.277,1559.223,1557.277,1559.223,1551.196,1539.034,1530.764,1000,1518.115,1513.979,1511.942,1510.985,1601.305,1596.927,1571.142,1558.494,1546.331,1544.142,1529.061,1524.439,1000,1503.763,1497.56,1491.601,1489.016,1487.245,1486.493,1552.169,1537.574,1526.385,1522.493,1522.493,1531.25,1541.953,1555.088,1573.088,1582.818,1486.759,1487.245,1488.112,1486.835,1000,1000,1000,1713.198,1688.387,1675.252,1000,1000,1000,1000,1000,1000,1000,1000,1000,1000,1000,1000,1000,1000,1000,1000,1000,1000,1000,1000,1000,1000,1000,1000,1000,1000,1000,1000,1000,1000,1000,1000,1000,1000,1000,1000,1000,1637.305,1631.711,1622.224,1613.711,1605.197,1600.089,1594.981,1592.328,1687.901,1668.927,1654.333,1643.63,1636.332,1624.657,1606.413,1590.359,1584.156,1577.649,1572.419,1568.315,1567.22,1565.266,1000,1636.819,1629.035,1610.062,1591.089,1574.548,1566.277,1555.088,1547.608,1543.078,1541.223,1539.186,1538.228,1537.354,1632.441,1602.764,1589.143,1576.98,1566.034,1554.115,1544.629,1534.047,1526.75,1520.912,1515.287,1000,1511.053,1510.11,1603.251,1589.143,1573.575,1558.494,1545.358,1532.709,1522.25,1512.885,1502.669,1496.466,1491.236,1488.393,1487.086,1576.007,1565.791,1551.196,1540.493,1524.926,1517.628,1503.52,1491.844,1485.641,1483.452,1476.155,1472.567,1469.77,1465.634,1462.016,1460.777,1459.948,1559.467,1000,1536.601,1000,1000,1000,1000,1000,1000,1000,1000,1000,1000,1000,1000,1000,1000,1000,1000,1000,1000,1000,1000,1000,1000,1000,1000,1000,1000,1000,1000,1000,1000,1000,1000,1000,1000,1000,1000,1000,1000,1000,1000,1000,1000,1000,1000,1000,1000,1000,1000,1000
1179.964,1180.648,1181.796,1183.012,1184.472,1186.205,1187.543,1188.273,1189.307,1189.307,1191.192,1192.347,1194.232,1196.665,1199.219,1201.651,1205.422,1210.165,1212.111,1217.462,1221.111,1225.976,1228.408,1234.49,1238.868,1243.246,1250.057,1255.895,1260.274,1266.111,1271.949,1279.733,1284.598,1292.869,1295.788,1302.599,1192.879,1193.244,1193.586,1194.179,1194.856,1195.296,1196.057,1196.938,1198.276,1199.827,1201.408,1202.624,1204.266,1205.665,1206.881,1208.462,1211.016,1213.205,1216.003,1218.678,1222.327,1226.219,1228.895,1231.084,1235.219,1240.084,1243.49,1247.382,1255.409,1259.301,1263.193,1270.49,1277.301,1282.652,1292.382,1305.517,1312.328,1208.409,1208.675,1209.032,1209.032,1209.504,1209.587,1210.013,1210.636,1211.898,1213.327,1215.03,1216.489,1217.705,1219.287,1222.145,1223.787,1226.584,1229.138,1232.057,1234.246,1238.868,1241.787,1247.868,1250.301,1255.165,1256.868,1262.22,1262.949,1267.084,1270.976,1280.22,1286.544,1292.869,1299.193,1306.977,1310.869,1312.815,1318.653,1324.977,1331.788,1224.091,1224.38,1225.315,1225.581,1226.31,1227.055,1227.618,1228.378,1229.777,1230.598,1231.875,1232.543,1234.854,1236.253,1239.598,1242.517,1246.409,1247.99,1251.638,1254.922,1254.922,1260.03,1262.22,1267.571,1275.841,1282.166,1290.923,1300.652,1306.004,1311.842,1315.734,1321.572,1326.437,1330.328,1339.572,1239.43,1239.734,1240.054,1240.723,1241.559,1242,1243.034,1243.794,1244.797,1245.922,1247.442,1248.598,1252.368,1253.949,1256.99,1259.179,1263.193,1264.409,1270.003,1271.949,1276.814,1279.004,1283.625,1285.571,1288.733,1291.409,1292.139,1000,1000,1000,1000,1000,1000,1000,1340.058,1320.599,1307.95,1306.004,1307.95,1310.382,1314.761,1319.626,1327.41,1337.139,1349.788,1356.113,1255.074,1255.302,1255.675,1000,1000,1000,1000,1000,1000,1000,1000,1000,1000,1000,1000,1000,1000,1133.786,1131.839,1130.38,1130.38,1130.38,1132.813,1134.272,1136.218,1137.677,1140.596,1143.029,1145.461,1147.407,1148.38,1150.326,1149.353,1148.38,1147.407,1145.461,1144.975,1144.002,1143.029,1140.596,1137.677,1131.839,1125.515,1120.164,1116.029,1111.65,1109.218,1106.542,1104.596,1103.38,1102.163,1100.947,1099.731,1099.245,1099.245,1098.515,1098.028,1098.028,1098.028,1098.515,1098.515,1099.245,1099.245,1099.245,1099.731,1100.947,1101.677,1102.65,1104.109,1105.812,1106.542,1107.028,1108.488,1109.218,1109.704,1111.164,1111.65,1113.109,1113.109,1113.839,1113.839,1114.569,1114.569,1115.299,1116.029,1116.758,1117.245,1117.245,1117.245,1118.218,1117.245,1117.245,1117.245,1118.218,1118.218,1118.704,1118.704,1119.677,1119.677,1118.704,1119.677,1120.164,1121.623,1122.596,1124.056,1125.515,1126.975,1128.921,1130.38,1132.813,1134.272,1135.245,1138.65,1141.083,1144.002,1149.353,1154.218,1157.137,1161.029,1164.921,1162.975,1156.164,1161.029,1160.056,1168.813,1182.921,1068.702,1069.903,1072.244,1074.92,1077.352,1078.629,1079.177,1079.967,1079.967,1080.271,1080.819,1081.427,1082.704,1085.015,1089.515,1000,1140.809,1140.984,1140.923,1140.984,1140.984,1141.045,1141.174,1143.12,1147.529,1153.428,1155.678,1154.948,1152.576,1154.34,1153.732,1151.421,1000,1000,1000,1000,1000,1000,1202.867,1194.111,1190.948,1188.273,1185.11,1180.246,1180.975,1180.975,1180.246,1179.273,1183.894,1182.678,1175.867,1000,1000,1000,1511.304,1497.196,1484.547,1000,1000,1000,1000,1000,1460.063,1460.458,1461.894,1463.84,1468.249,1473.175,1481.871,1489.898,1000,1510.574,1525.899,1532.223,1536.115,1541.953,1551.196,1558.98,1000,1000,1000,1000,1493.668,1495.25,1498.655,1502.304,1505.952,1508.263,1519.574,1528.574,1538.547,1557.034,1571.142,1588.17,1000,1510.779,1512.155,1517.02,1521.155,1528.574,1532.466,1538.547,1537.696,1546.818,1556.791,1557.277,1557.277,1556.061,1551.196,1539.52,1530.764,1523.77,1517.932,1513.676,1512.262,1511.547,1510.072,1509.844,1584.278,1564.332,1546.331,1537.818,1522.736,1000,1507.412,1499.202,1495.25,1491.084,1488.804,1487.139,1486.493,1555.088,1538.547,1528.818,1521.034,1519.088,1523.953,1538.547,1548.277,1572.115,1581.845,1486.645,1487.245,1488.697,1487.04,1000,1000,1000,1704.441,1680.603,1665.036,1000,1000,1000,1000,1000,1000,1000,1000,1000,1000,1000,1000,1000,1000,1000,1000,1000,1000,1000,1000,1000,1000,1000,1000,1000,1000,1000,1000,1000,1000,1000,1000,1000,1000,1000,1000,1640.224,1635.359,1627.819,1619.792,1609.94,1602.886,1597.96,1594.22,1592.449,1591.651,1670.873,1656.279,1644.603,1632.927,1620.521,1601.305,1588.17,1582.332,1575.642,1570.899,1567.874,1567.342,1565.859,1564.75,1650.927,1635.846,1612.494,1588.413,1574.061,1566.764,1555.818,1546.818,1542.713,1540.493,1538.707,1537.635,1634.386,1626.603,1606.656,1594.494,1581.845,1568.71,1554.845,1542.439,1530.399,1525.047,1519.574,1514.284,1000,1510.985,1510.072,1605.197,1589.143,1572.115,1554.602,1536.601,1526.142,1518.115,1510.696,1502.06,1498.351,1492.3,1489.26,1487.428,1486.531,1570.656,1552.169,1544.872,1528.818,1522.007,1505.466,1494.52,1486.614,1483.452,1475.425,1472.567,1470.013,1465.452,1461.666,1460.952,1459.796,1559.467,1551.683,1546.331,1000,1000,1000,1000,1000,1000,1000,1000,1000,1000,1000,1000,1000,1000,1000,1000,1000,1000,1000,1000,1000,1000,1000,1000,1000,1000,1000,1000,1000,1000,1000,1000,1000,1000,1000,1000,1000,1000,1000,1000,1000,1000,1000,1000,1000,1000,1000,1000,1000
1179.964,1180.648,1181.553,1182.86,1183.773,1185.232,1186.874,1187.786,1189.002,1189.793,1191.192,1191.739,1194.84,1197.03,1199.584,1201.651,1204.084,1207.732,1210.651,1216.003,1220.381,1225.976,1228.408,1234.49,1238.868,1243.246,1247.625,1254.436,1258.328,1265.625,1270.003,1276.814,1281.679,1288.49,1293.842,1303.571,1192.841,1193.153,1193.404,1194.095,1194.445,1195.175,1195.92,1196.938,1197.759,1199.219,1200.739,1202.381,1204.266,1205.361,1207.246,1209.192,1211.381,1213.205,1216.489,1219.53,1222.814,1227.922,1230.111,1232.787,1235.949,1239.598,1242.76,1246.652,1251.03,1256.868,1263.679,1268.057,1272.922,1281.679,1289.463,1299.193,1310.382,1208.333,1208.675,1209.093,1209.032,1209.359,1209.587,1209.838,1210.423,1211.624,1212.962,1214.422,1216.307,1217.705,1219.287,1221.841,1224.395,1225.489,1227.679,1230.841,1232.422,1237.895,1240.814,1245.679,1248.354,1253.949,1255.652,1261.003,1261.49,1267.084,1268.544,1276.814,1282.652,1289.463,1295.301,1304.058,1306.004,1311.842,1319.626,1324.977,1329.842,1224.205,1224.539,1225.155,1225.687,1226.432,1226.918,1227.466,1228.378,1229.412,1230.598,1231.206,1233.273,1234.064,1236.253,1238.381,1240.692,1244.341,1247.138,1248.476,1254.922,1255.895,1258.084,1260.03,1266.355,1274.625,1282.652,1288.49,1295.788,1307.463,1310.382,1313.788,1321.572,1326.437,1331.302,1338.599,1348.329,1239.582,1239.947,1240.35,1241.255,1241.559,1242.76,1243.642,1244.615,1245.162,1246.956,1248.841,1250.665,1253.584,1256.26,1256.99,1261.976,1262.706,1267.206,1270.976,1275.598,1279.49,1283.139,1286.787,1290.193,1292.625,1000,1000,1000,1000,1000,1000,1000,1000,1337.139,1318.653,1307.95,1306.49,1308.923,1312.328,1316.22,1322.058,1330.328,1337.139,1352.221,1359.032,1254.96,1255.188,1255.796,1255.857,1257.233,1000,1000,1000,1000,1000,1000,1000,1000,1000,1000,1000,1000,1135.245,1132.813,1130.38,1131.353,1130.38,1132.813,1135.245,1137.677,1139.623,1143.029,1144.975,1145.461,1147.407,1147.407,1148.38,1147.407,1146.434,1145.461,1144.002,1143.029,1142.056,1141.083,1139.623,1136.218,1131.353,1125.029,1118.704,1114.569,1111.164,1108.488,1106.542,1105.326,1103.38,1102.65,1101.677,1100.947,1099.731,1099.731,1099.245,1098.028,1098.515,1098.515,1099.245,1099.245,1099.731,1099.731,1099.731,1100.461,1101.677,1101.677,1103.38,1104.596,1105.812,1107.028,1108.488,1109.218,1110.434,1111.164,1112.38,1112.38,1113.109,1113.839,1113.839,1113.839,1114.569,1114.569,1115.299,1116.029,1116.758,1117.245,1118.218,1118.704,1118.704,1118.218,1118.218,1117.245,1117.245,1118.218,1118.704,1118.704,1118.704,1119.677,1118.704,1119.677,1120.164,1121.623,1122.596,1124.056,1126.488,1127.948,1128.921,1130.38,1131.839,1133.786,1134.272,1136.704,1139.623,1141.083,1144.002,1144.975,1147.407,1151.299,1149.353,1149.353,1146.434,1149.353,1151.299,1162.002,1174.164,1068.337,1069.553,1071.378,1073.734,1075.102,1076.379,1077.109,1077.352,1077.839,1078.082,1079.177,1079.724,1081.123,1082.947,1000,1000,1140.923,1140.923,1140.756,1140.809,1140.809,1140.862,1140.923,1142.877,1147.286,1151.968,1155.313,1156.286,1156.651,1159.205,1157.38,1153.124,1000,1000,1000,1000,1000,1000,1000,1191.435,1188.273,1187.543,1185.11,1180.246,1180.975,1180.246,1179.759,1179.273,1183.894,1182.192,1178.056,1000,1000,1000,1515.196,1495.736,1000,1000,1000,1000,1000,1000,1460.458,1460.693,1462.655,1464.692,1469.222,1000,1000,1000,1000,1509.358,1520.547,1520.547,1527.845,1529.791,1537.088,1545.845,1000,1000,1000,1000,1491.935,1494.094,1499.81,1501.331,1505.223,1507.898,1518.601,1523.953,1537.331,1555.088,1571.142,1593.035,1000,1000,1000,1000,1518.115,1524.682,1528.574,1534.534,1537.696,1546.088,1550.71,1551.926,1550.71,1548.277,1545.115,1536.237,1529.304,1523.162,1519.818,1515.287,1512.854,1511.942,1510.224,1603.251,1578.44,1564.818,1546.331,1537.331,1526.628,1518.115,1508.628,1499.81,1495.493,1490.476,1488.287,1486.949,1578.926,1555.088,1539.52,1528.818,1522.493,1519.574,1522.493,1536.115,1547.304,1569.683,1583.791,1486.645,1487.192,1488.484,1000,1000,1000,1000,1701.036,1677.198,1662.603,1000,1000,1000,1000,1000,1000,1000,1000,1000,1000,1000,1000,1000,1000,1000,1000,1000,1000,1000,1000,1000,1000,1000,1000,1000,1000,1000,1000,1000,1000,1000,1000,1000,1000,1000,1000,1643.63,1637.305,1629.522,1623.684,1612.981,1604.285,1598.994,1594.22,1592.449,1591.613,1664.063,1648.981,1636.332,1626.116,1618.332,1603.494,1591.21,1586.467,1578.561,1570.899,1568.771,1567.342,1565.7,1000,1654.819,1636.819,1615.413,1595.467,1577.224,1567.25,1555.088,1545.602,1541.375,1540.493,1538.791,1537.787,1537.202,1632.441,1608.602,1597.9,1585.251,1568.224,1549.007,1538.547,1529.669,1523.466,1519.088,1514.953,1512.49,1511.129,1510.186,1603.251,1585.251,1567.737,1553.142,1537.331,1527.358,1516.169,1508.263,1500.115,1495.736,1491.601,1490.035,1487.701,1486.835,1574.061,1553.142,1543.899,1529.791,1516.898,1503.033,1495.006,1486.128,1479.803,1473.175,1471.411,1468.006,1465.057,1462.259,1461.149,1459.751,1459.287,1000,1536.601,1000,1000,1000,1000,1000,1000,1000,1000,1000,1000,1000,1000,1000,1000,1000,1000,1000,1000,1000,1000,1000,1000,1000,1000,1000,1000,1000,1000,1000,1000,1000,1000,1000,1000,1000,1000,1000,1000,1000,1000,1000,1000,1000,1000,1000,1000,1000,1000,1000
1179.903,1180.238,1181.127,1182.161,1183.955,1185.415,1187.117,1187.3,1188.029,1189.002,1189.793,1191.496,1194.232,1196.665,1199.584,1202.016,1205.057,1208.705,1211.138,1214.3,1218.678,1224.03,1229.138,1233.76,1238.868,1243.733,1247.138,1254.436,1258.328,1265.625,1270.976,1276.814,1279.733,1288.49,1292.869,1301.625,1192.841,1193.107,1193.35,1194.095,1194.552,1195.296,1195.92,1197.242,1198.094,1199.644,1200.922,1202.928,1204.266,1205.665,1207.246,1209.192,1210.651,1212.841,1216.003,1219.043,1222.814,1226.949,1230.111,1233.516,1235.949,1238.868,1242.03,1247.382,1250.301,1254.436,1261.247,1268.057,1275.355,1279.733,1288.49,1298.22,1308.436,1208.219,1208.561,1208.918,1209.032,1209.215,1209.359,1209.838,1210.21,1211.107,1212.506,1213.661,1215.212,1216.976,1218.739,1221.233,1224.03,1226.219,1228.408,1232.422,1234.246,1237.895,1240.814,1244.463,1247.382,1253.949,1253.949,1260.274,1261.49,1265.139,1269.517,1277.787,1281.679,1289.463,1294.815,1303.085,1306.004,1310.869,1318.653,1324.977,1332.761,1224.167,1224.433,1224.927,1225.406,1226.204,1226.797,1227.329,1227.922,1228.895,1230.172,1231.388,1233.273,1234.55,1236.253,1238.017,1240.692,1242.881,1248.476,1248.841,1251.638,1254.436,1258.571,1260.03,1268.787,1273.166,1281.436,1289.463,1298.22,1304.058,1310.382,1314.761,1320.599,1327.41,1329.356,1337.626,1345.41,1239.43,1239.772,1240.107,1241.057,1241.665,1242.623,1243.49,1244.463,1245.162,1246.773,1248.111,1250.118,1252.064,1255.165,1255.895,1259.544,1262.706,1264.895,1267.571,1273.652,1277.787,1281.922,1286.301,1291.409,1000,1000,1000,1000,1000,1000,1000,1000,1000,1340.058,1315.247,1306.004,1305.031,1307.463,1311.355,1317.193,1324.004,1332.275,1341.031,1347.842,1355.14,1362.924,1255.188,1255.796,1255.986,1256.625,1257.02,1257.932,1258.753,1260.73,1263.193,1265.443,1267.389,1266.78,1000,1000,1000,1000,1137.677,1133.786,1131.353,1131.353,1130.38,1132.813,1135.245,1136.704,1139.623,1142.056,1144.002,1144.975,1146.434,1146.434,1146.434,1144.975,1144.002,1143.029,1142.056,1142.056,1141.083,1140.596,1137.677,1133.786,1128.921,1123.083,1118.218,1115.299,1111.65,1109.218,1107.028,1105.812,1103.38,1102.65,1102.163,1100.947,1100.461,1100.461,1099.731,1098.515,1099.245,1099.245,1099.731,1099.731,1100.947,1100.461,1100.947,1101.677,1102.163,1102.65,1104.109,1105.326,1106.542,1107.758,1109.218,1110.434,1111.164,1111.164,1112.38,1112.38,1113.109,1113.839,1115.299,1114.569,1115.299,1115.299,1116.029,1116.029,1117.245,1117.245,1118.218,1118.704,1118.704,1118.218,1118.218,1117.245,1117.245,1118.218,1118.704,1118.218,1118.704,1118.704,1118.704,1118.704,1120.164,1121.623,1122.596,1123.083,1125.515,1126.975,1128.921,1130.38,1131.839,1132.813,1133.786,1135.245,1138.65,1140.596,1140.596,1140.596,1144.975,1141.083,1140.596,1140.596,1144.002,1144.975,1148.38,1158.11,1174.164,1068.413,1069.394,1070.876,1073.035,1074.099,1074.92,1075.71,1075.954,1076.379,1076.866,1077.596,1078.386,1079.967,1082.339,1087.569,1000,1140.984,1140.862,1140.703,1140.809,1140.809,1140.809,1140.923,1142.208,1145.036,1150.387,1155.313,1158.475,1162.245,1161.516,1157.38,1150.387,1000,1000,1000,1000,1000,1000,1000,1192.894,1188.759,1187.543,1185.11,1180.246,1180.975,1180.246,1179.759,1178.543,1183.408,1182.678,1179.273,1000,1000,1000,1000,1494.277,1479.682,1000,1000,1000,1000,1459.842,1461.043,1461.56,1462.518,1464.874,1469.222,1473.175,1000,1000,1000,1504.25,1516.898,1513.25,1519.088,1522.007,1533.682,1539.52,1000,1000,1000,1000,1491.935,1495.493,1503.763,1000,1507.412,1509.115,1516.169,1519.088,1535.142,1000,1000,1601.305,1000,1000,1000,1515.834,1519.088,1525.047,1528.574,1533.196,1534.899,1542.926,1546.088,1547.791,1548.277,1545.602,1540.98,1535.872,1530.034,1525.047,1521.459,1516.655,1512.976,1511.638,1510.186,1604.224,1578.44,1569.196,1550.71,1539.764,1527.358,1517.628,1507.898,1497.804,1493.304,1489.503,1487.861,1486.683,1580.872,1556.061,1537.088,1525.899,1519.574,1513.979,1519.574,1532.709,1541.953,1561.899,1572.115,1576.98,1486.759,1488.195,1000,1000,1000,1000,1700.063,1674.279,1659.684,1650.441,1000,1000,1000,1000,1000,1000,1000,1000,1000,1000,1000,1000,1000,1000,1000,1000,1000,1000,1000,1000,1000,1000,1000,1000,1000,1000,1000,1000,1000,1000,1000,1000,1000,1000,1000,1000,1632.441,1623.684,1620.765,1614.562,1603.433,1598.751,1594.585,1592.51,1591.613,1668.927,1648.008,1632.441,1624.657,1615.17,1601.305,1593.521,1586.102,1576.494,1570.717,1568.619,1566.642,1565.54,1564.924,1654.819,1636.819,1613.954,1595.954,1576.737,1568.224,1555.818,1546.818,1541.527,1540.767,1538.373,1537.681,1632.441,1621.251,1601.792,1593.521,1577.953,1561.899,1544.142,1533.196,1525.047,1520.608,1000,1514.436,1512.262,1510.84,1509.958,1594.008,1578.44,1561.899,1543.412,1529.061,1521.277,1508.628,1503.033,1498.959,1495.736,1491.601,1490.476,1488.112,1486.873,1575.034,1000,1543.899,1532.223,1519.088,1504.979,1000,1000,1000,1474.087,1470.56,1467.337,1464.509,1462.138,1461.241,1460.245,1459.401,1551.683,1534.656,1000,1000,1000,1000,1000,1000,1000,1000,1000,1000,1000,1000,1000,1000,1000,1000,1000,1000,1000,1000,1000,1000,1000,1000,1000,1000,1000,1000,1000,1000,1000,1000,1000,1000,1000,1000,1000,1000,1000,1000,1000,1000,1000,1000,1000,1000,1000,1000,1000
1179.782,1180.238,1181.127,1182.039,1183.621,1184.837,1186.205,1186.631,1188.029,1188.759,1191.192,1192.043,1194.597,1197.03,1199.584,1200.435,1204.084,1207.246,1211.138,1213.814,1219.895,1225.976,1228.408,1233.76,1238.868,1243.733,1246.165,1252.003,1254.922,1261.247,1266.111,1273.895,1278.76,1286.544,1293.842,1302.599,1192.765,1193.069,1193.297,1193.791,1194.179,1195.068,1195.92,1197.242,1197.911,1199.462,1200.496,1202.138,1203.962,1205.665,1207.854,1210.286,1212.476,1213.57,1217.341,1220.868,1223.3,1227.435,1230.598,1234.733,1236.435,1240.084,1242.03,1243.49,1250.301,1253.949,1258.328,1265.625,1271.949,1278.274,1286.544,1296.274,1305.517,1316.22,1208.485,1208.766,1208.918,1209.215,1209.283,1209.922,1210.317,1210.986,1211.898,1213.145,1214.209,1215.82,1218.739,1220.685,1224.03,1225.854,1229.138,1231.571,1234.611,1236.435,1238.868,1243.003,1244.463,1248.354,1252.49,1260.274,1259.544,1267.084,1267.084,1278.76,1281.679,1288.49,1293.842,1299.193,1306.004,1313.788,1319.626,1329.842,1223.825,1223.977,1224.334,1224.782,1225.155,1225.778,1226.31,1226.918,1227.618,1228.895,1229.777,1231.631,1232.787,1235.645,1236.496,1238.381,1240.327,1243.246,1245.557,1247.99,1252.49,1252.003,1257.355,1260.03,1265.868,1272.436,1279.977,1287.031,1297.247,1303.085,1306.49,1313.788,1316.707,1324.491,1328.383,1333.248,1340.545,1345.41,1239.582,1239.811,1240.495,1240.799,1242,1242.897,1243.794,1244.979,1246.53,1247.868,1249.632,1251.517,1253.28,1256.26,1258.814,1261.49,1265.382,1268.057,1271.949,1276.328,1280.22,1283.625,1000,1000,1000,1000,1000,1000,1000,1000,1000,1255.796,1358.059,1323.031,1309.896,1307.463,1308.923,1312.328,1316.22,1324.004,1328.383,1340.058,1347.842,1350.761,1357.086,1255.036,1255.515,1255.918,1256.914,1257.339,1258.328,1258.753,1260.365,1261.49,1263.193,1264.652,1264.652,1000,1000,1000,1000,1143.029,1136.218,1132.813,1131.839,1131.353,1132.813,1134.272,1136.704,1138.65,1142.056,1144.002,1144.975,1145.461,1146.434,1145.461,1144.002,1142.056,1141.083,1140.596,1139.623,1139.623,1138.65,1136.218,1131.839,1126.975,1122.596,1118.218,1115.299,1111.65,1109.218,1107.028,1105.812,1104.109,1103.38,1102.65,1102.163,1101.677,1100.947,1100.947,1099.731,1100.461,1099.731,1100.461,1100.461,1100.947,1100.947,1101.677,1102.65,1104.109,1104.596,1105.326,1106.542,1107.028,1108.488,1109.704,1111.164,1111.65,1112.38,1113.839,1113.839,1114.569,1114.569,1115.299,1114.569,1116.029,1115.299,1116.029,1116.758,1118.218,1118.218,1118.218,1118.704,1118.218,1117.245,1117.245,1118.218,1118.218,1118.218,1118.704,1118.704,1119.677,1119.677,1119.677,1119.677,1121.137,1121.623,1121.623,1121.623,1125.515,1126.975,1126.975,1129.407,1131.839,1132.813,1132.813,1136.704,1138.65,1138.65,1140.596,1140.596,1142.056,1138.65,1138.65,1140.596,1139.623,1140.596,1149.353,1158.11,1174.164,1068.489,1069.477,1071.514,1073.035,1074.099,1074.677,1075.285,1075.285,1075.528,1075.954,1076.623,1077.596,1079.42,1081.731,1000,1000,1140.984,1140.862,1140.703,1140.756,1140.756,1140.756,1140.809,1142.01,1143.652,1147.286,1150.387,1000,1000,1000,1000,1000,1000,1000,1000,1000,1000,1000,1000,1000,1188.273,1187.543,1183.894,1179.759,1180.246,1179.759,1179.273,1178.543,1183.408,1183.894,1180.975,1000,1000,1000,1000,1504.006,1000,1000,1000,1000,1000,1000,1460.458,1460.458,1461.241,1463.688,1000,1000,1000,1000,1000,1494.52,1507.898,1505.466,1000,1520.547,1540.493,1545.845,1565.791,1000,1000,1000,1491.236,1496.223,1503.033,1506.317,1506.317,1507.047,1512.034,1515.682,1532.709,1558.494,1584.278,1509.882,1000,1512.49,1514.132,1517.446,1520.608,1524.439,1526.75,1530.764,1534.534,1539.034,1539.52,1541.466,1544.629,1542.439,1539.034,1535.872,1530.764,1525.655,1522.007,1517.263,1513.828,1512.049,1510.262,1604.224,1579.413,1567.737,1549.25,1537.331,1523.466,1516.655,1508.628,1499.202,1000,1489.898,1487.861,1486.645,1578.926,1560.926,1538.547,1525.899,1519.574,1512.52,1513.979,1530.277,1545.845,1566.764,1486.531,1486.531,1486.994,1487.557,1000,1000,1000,1000,1702.982,1681.576,1665.036,1652.873,1000,1000,1000,1000,1000,1000,1000,1000,1000,1000,1000,1000,1000,1000,1000,1000,1000,1000,1000,1000,1000,1000,1000,1000,1000,1000,1000,1000,1000,1000,1000,1000,1000,1000,1000,1000,1639.738,1624.657,1620.765,1614.197,1604.285,1597.383,1594.464,1592.449,1591.689,1666.009,1647.035,1627.089,1620.521,1610.062,1598.629,1592.548,1587.683,1577.041,1570.322,1568.619,1566.43,1565.084,1564.56,1658.711,1643.63,1620.765,1602.764,1584.521,1571.386,1556.548,1547.365,1542.348,1540.919,1538.373,1537.43,1633.413,1620.278,1598.873,1587.683,1574.548,1557.277,1542.926,1533.682,1524.682,1520.121,1516.23,1513.523,1511.942,1510.658,1509.882,1593.035,1577.467,1558.494,1537.331,1521.763,1518.601,1506.682,1501.331,1497.013,1493.486,1490.476,1489.625,1487.861,1486.911,1582.818,1000,1000,1537.088,1522.007,1506.196,1497.682,1488.439,1479.074,1473.479,1470.013,1466.242,1463.688,1461.453,1460.389,1459.591,1552.656,1540.493,1000,1000,1000,1000,1000,1000,1000,1000,1000,1000,1000,1000,1000,1000,1000,1000,1000,1000,1000,1000,1000,1000,1000,1000,1000,1000,1000,1000,1000,1000,1000,1000,1000,1000,1000,1000,1000,1000,1000,1000,1000,1000,1000,1000,1000,1000,1000,1000,1000,1000
1179.782,1180.17,1180.93,1181.918,1183.165,1184.837,1186.448,1186.631,1187.543,1188.516,1190.644,1191.739,1193.867,1195.935,1198.854,1200.435,1204.084,1207.732,1211.624,1214.3,1217.462,1222.327,1226.462,1233.03,1237.408,1242.273,1244.706,1249.571,1254.436,1260.274,1264.652,1271.949,1277.787,1285.571,1293.842,1302.599,1192.879,1193.107,1193.35,1193.936,1194.354,1195.175,1196.193,1197.09,1198.276,1199.462,1200.07,1202.138,1203.719,1205.361,1207.854,1209.922,1212.476,1214.422,1216.854,1218.678,1221.841,1226.219,1229.625,1231.814,1236.435,1239.598,1243.49,1245.436,1250.301,1253.949,1260.76,1267.084,1271.949,1279.733,1288.49,1299.193,1304.058,1208.219,1208.409,1208.637,1208.812,1208.971,1209.093,1209.587,1210.013,1210.986,1211.761,1212.81,1214.209,1215.82,1217.949,1221.233,1225.489,1226.949,1230.354,1232.908,1235.584,1236.071,1238.381,1239.841,1241.3,1247.382,1251.517,1256.382,1259.057,1266.598,1270.003,1278.76,1283.625,1290.923,1292.869,1299.193,1305.031,1314.761,1321.085,1327.896,1332.761,1224.015,1224.167,1224.433,1224.782,1225.406,1225.991,1226.797,1227.055,1228.53,1229.412,1231.631,1232.543,1234.55,1236.496,1237.713,1239.963,1242.152,1244.341,1246.773,1249.328,1251.638,1255.895,1259.544,1265.868,1272.436,1280.706,1288.004,1297.247,1301.625,1306.004,1310.382,1319.626,1322.545,1325.464,1333.248,1340.545,1342.491,1239.392,1239.582,1240.289,1240.563,1241.878,1242.76,1243.794,1244.797,1246.165,1247.625,1248.598,1250.969,1253.28,1256.625,1259.544,1261.976,1265.382,1268.057,1270.976,1274.139,1278.517,1280.706,1000,1000,1000,1000,1000,1000,1000,1000,1259.666,1256.45,1254.96,1325.95,1311.355,1306.004,1308.923,1312.815,1317.193,1325.95,1333.248,1338.112,1342.004,1347.842,1352.221,1361.951,1255.34,1255.675,1256.207,1256.914,1257.446,1258.191,1259.209,1260.547,1261.733,1263.679,1264.166,1000,1000,1000,1000,1143.029,1137.677,1134.272,1133.786,1132.813,1133.786,1135.245,1136.704,1137.677,1141.083,1143.029,1144.002,1144.975,1144.975,1144.002,1142.056,1141.083,1140.596,1139.623,1139.623,1138.65,1136.704,1134.272,1130.38,1125.515,1121.137,1117.245,1114.569,1111.65,1109.218,1107.758,1106.542,1104.596,1104.109,1103.38,1102.163,1101.677,1101.677,1101.677,1100.947,1101.677,1100.947,1100.947,1100.947,1101.677,1102.163,1103.38,1104.109,1104.596,1105.326,1105.812,1107.028,1107.758,1108.488,1110.434,1111.164,1112.38,1113.839,1115.299,1115.299,1116.758,1116.758,1116.758,1116.029,1116.758,1116.758,1116.758,1118.218,1118.704,1118.704,1118.704,1119.677,1118.704,1118.218,1118.704,1118.704,1118.704,1119.677,1119.677,1119.677,1120.164,1120.164,1120.164,1120.164,1120.164,1121.137,1121.137,1121.137,1124.056,1126.975,1127.948,1129.407,1131.353,1132.813,1132.813,1135.245,1136.218,1136.218,1136.704,1136.218,1136.218,1132.813,1136.704,1136.704,1141.083,1144.975,1153.245,1162.975,1176.11,1068.527,1069.903,1071.651,1073.217,1074.312,1074.677,1075.102,1075.285,1075.528,1075.954,1076.623,1077.839,1079.177,1082.947,1000,1000,1140.984,1140.862,1140.657,1140.703,1140.756,1140.703,1140.756,1141.554,1142.755,1144.853,1145.218,1000,1000,1000,1000,1000,1000,1000,1000,1000,1000,1000,1000,1000,1187.543,1187.056,1183.894,1180.246,1180.246,1180.246,1179.759,1179.273,1183.408,1183.894,1181.462,1000,1000,1000,1000,1000,1000,1000,1000,1000,1000,1000,1000,1000,1461.56,1465.452,1468.736,1000,1000,1482.236,1483.452,1490.385,1500.601,1500.115,1000,1519.088,1541.466,1545.845,1568.71,1486.493,1000,1000,1489.138,1492.3,1498.351,1502.06,1505.223,1507.412,1514.344,1000,1540.493,1560.926,1583.305,1000,1510.262,1511.547,1512.976,1515.652,1519.088,1523.466,1525.412,1530.399,1533.196,1539.52,1540.98,1544.629,1546.818,1546.088,1542.439,1538.547,1531.98,1526.385,1521.459,1516.047,1512.976,1511.129,1510.11,1597.9,1578.44,1562.386,1546.331,1531.493,1519.088,1510.696,1504.493,1496.466,1493.668,1489.503,1487.557,1486.683,1578.926,1562.872,1543.899,1530.277,1000,1000,1000,1529.791,1545.845,1566.764,1486.607,1486.683,1487.428,1000,1000,1000,1000,1000,1701.036,1681.576,1662.603,1000,1000,1000,1000,1000,1000,1000,1000,1000,1000,1000,1000,1000,1000,1000,1000,1000,1000,1000,1000,1000,1000,1000,1000,1000,1000,1000,1000,1000,1000,1000,1000,1000,1000,1000,1000,1000,1638.522,1620.278,1616.63,1608.481,1602.643,1596.501,1593.886,1592.221,1591.727,1663.09,1645.576,1630.008,1623.197,1610.548,1600.089,1593.035,1584.156,1574.305,1570.717,1568.619,1566.034,1564.879,1564.408,1648.495,1629.035,1610.062,1596.927,1580.872,1570.169,1558.494,1550.102,1544.081,1540.767,1538.532,1537.43,1634.386,1618.332,1596.927,1585.737,1571.629,1551.926,1535.872,1528.209,1520.608,1516.838,1514.588,1513.25,1512.155,1510.49,1608.116,1583.305,1565.791,1549.25,1534.656,1520.79,1517.142,1506.317,1499.506,1494.581,1491.753,1490.172,1488.91,1487.777,1486.949,1583.791,1554.115,1542.926,1530.277,1520.547,1507.898,1500.601,1489.412,1479.439,1473.479,1468.979,1465.452,1463.536,1461.773,1460.534,1459.591,1554.602,1542.439,1521.52,1000,1000,1000,1000,1000,1000,1000,1000,1000,1000,1000,1000,1000,1000,1000,1000,1000,1000,1000,1000,1000,1000,1000,1000,1000,1000,1000,1000,1000,1000,1000,1000,1000,1000,1000,1000,1000,1000,1000,1000,1000,1000,1000,1000,1000,1000,1000,1000,1000
1179.843,1180.238,1181.021,1182.039,1183.165,1183.955,1185.415,1186.205,1187.3,1188.759,1191.192,1192.043,1194.232,1195.57,1198.489,1199.584,1202.867,1206.881,1211.138,1216.003,1216.976,1222.327,1226.462,1231.084,1237.408,1243.246,1245.679,1250.057,1254.436,1259.301,1263.679,1270.976,1280.706,1286.544,1294.815,1303.571,1192.841,1192.993,1193.244,1193.647,1194.354,1195.175,1196.057,1197.09,1198.094,1198.854,1199.644,1200.922,1202.624,1204.813,1207.489,1209.192,1211.746,1213.57,1216.854,1219.53,1221.841,1225.246,1228.895,1232.3,1235.949,1238.381,1242.76,1245.436,1251.03,1253.949,1260.76,1266.111,1271.949,1280.706,1285.571,1297.247,1302.112,1314.274,1208.371,1208.599,1208.766,1208.865,1209.154,1209.663,1210.013,1210.986,1212.05,1213.145,1214.209,1216.489,1218.496,1220.077,1224.03,1225.854,1228.773,1232.057,1234.611,1235.098,1238.381,1239.354,1241.787,1246.165,1249.571,1256.382,1260.274,1267.084,1270.003,1276.814,1282.652,1286.544,1293.842,1297.247,1302.112,1310.869,1319.626,1324.977,1331.788,1224.015,1224.167,1224.334,1224.782,1225.406,1226.098,1227.055,1227.466,1229.047,1229.412,1231.388,1232.543,1235.098,1236.496,1238.017,1239.963,1241.422,1244.706,1246.409,1249.328,1251.638,1255.409,1257.355,1265.139,1271.949,1279.977,1286.544,1294.328,1299.193,1304.058,1307.463,1310.869,1316.707,1326.437,1329.356,1339.572,1343.464,1239.468,1239.544,1239.947,1240.229,1240.974,1242,1243.186,1244.098,1245.557,1246.773,1247.442,1250.118,1252.368,1255.165,1258.449,1261.49,1264.409,1265.747,1269.517,1274.139,1276.814,1279.49,1000,1000,1000,1000,1000,1000,1000,1000,1263.679,1256.823,1254.998,1324.977,1311.355,1304.058,1306.49,1310.382,1313.788,1323.031,1328.383,1338.112,1337.139,1346.869,1350.761,1357.086,1255.226,1255.621,1256.062,1256.823,1257.339,1257.811,1258.753,1260.03,1261.125,1263.193,1264.409,1263.01,1000,1000,1000,1000,1140.596,1136.218,1134.272,1133.786,1133.786,1135.245,1136.218,1136.704,1139.623,1141.083,1142.056,1142.056,1143.029,1141.083,1141.083,1140.596,1141.083,1140.596,1139.623,1138.65,1136.218,1132.813,1128.921,1125.515,1121.137,1117.245,1115.299,1111.65,1109.704,1107.758,1107.028,1105.326,1105.326,1104.596,1103.38,1102.65,1102.65,1102.65,1102.163,1102.163,1102.163,1102.163,1102.163,1102.65,1103.38,1104.109,1105.326,1105.812,1106.542,1107.028,1108.488,1108.488,1109.704,1111.164,1112.38,1113.109,1114.569,1116.758,1116.029,1117.245,1117.245,1117.245,1116.758,1116.758,1116.758,1117.245,1118.218,1119.677,1119.677,1120.164,1120.164,1119.677,1119.677,1119.677,1119.677,1119.677,1120.164,1120.164,1120.164,1121.137,1121.137,1121.137,1121.137,1121.623,1121.623,1121.623,1122.596,1125.029,1126.975,1126.975,1129.407,1129.407,1131.839,1131.839,1133.786,1131.839,1134.272,1132.813,1134.272,1135.245,1135.245,1135.245,1137.677,1140.596,1144.975,1152.272,1162.002,1180.002,1068.808,1070.101,1072.092,1073.552,1074.677,1074.92,1075.285,1075.285,1075.71,1076.197,1076.866,1078.082,1079.967,1083.312,1000,1000,1140.923,1140.809,1140.612,1140.703,1140.703,1140.657,1140.703,1141.395,1142.01,1143.652,1143.242,1144.245,1000,1000,1000,1000,1000,1000,1000,1000,1000,1000,1000,1000,1000,1185.11,1183.408,1180.246,1180.246,1180.246,1179.759,1179.273,1182.678,1183.408,1182.192,1000,1000,1000,1000,1000,1000,1000,1000,1000,1000,1000,1000,1000,1000,1000,1000,1000,1000,1487.466,1487.466,1491.358,1500.115,1498.412,1505.466,1519.088,1536.115,1544.872,1565.791,1578.926,1486.569,1486.835,1488.804,1492.3,1498.108,1501.696,1505.588,1509.115,1516.655,1000,1537.818,1552.169,1577.467,1000,1509.958,1511.372,1513.387,1514.77,1517.932,1521.155,1522.311,1525.412,1530.034,1535.872,1537.696,1541.953,1543.412,1543.412,1538.061,1535.385,1530.764,1525.412,1520.365,1517.263,1513.828,1511.129,1510.262,1600.332,1578.44,1563.359,1547.791,1533.439,1520.061,1510.696,1503.398,1496.223,1493.486,1489.503,1487.633,1486.759,1578.926,1565.791,1548.277,1530.277,1523.953,1517.628,1518.115,1524.926,1546.331,1563.845,1583.791,1486.569,1487.04,1487.04,1000,1000,1000,1000,1699.09,1679.63,1666.981,1000,1000,1000,1000,1000,1000,1000,1000,1000,1000,1000,1000,1000,1000,1000,1000,1000,1000,1000,1000,1000,1000,1000,1000,1000,1000,1000,1000,1000,1000,1000,1000,1000,1000,1000,1000,1000,1632.927,1621.738,1616.265,1609.94,1603.433,1000,1000,1000,1000,1664.063,1640.224,1625.63,1619.062,1605.197,1596.44,1592.183,1584.886,1575.095,1572.602,1568.771,1565.951,1564.636,1659.684,1637.792,1623.684,1605.683,1594.737,1578.44,1566.277,1556.183,1550.406,1544.081,1541.375,1538.791,1537.734,1537.202,1619.305,1595.467,1582.818,1567.494,1547.304,1535.872,1529.669,1522.311,1517.02,1514.77,1512.854,1511.547,1510.186,1602.278,1575.521,1564.332,1546.818,1533.926,1523.953,1521.277,1508.263,1502.06,1496.223,1491.236,1489.26,1488.112,1487.701,1486.911,1581.845,1559.953,1546.331,1527.845,1516.169,1505.466,1496.223,1487.101,1478.709,1472.263,1468.006,1465.452,1463.536,1461.666,1460.534,1459.591,1548.764,1534.656,1513.736,1000,1000,1000,1000,1000,1000,1000,1000,1000,1000,1000,1000,1000,1000,1000,1000,1000,1000,1000,1000,1000,1000,1000,1000,1000,1000,1000,1000,1000,1000,1000,1000,1000,1000,1000,1000,1000,1000,1000,1000,1000,1000,1000,1000,1000,1000,1000,1000,1000
1179.675,1180.094,1180.648,1181.675,1182.86,1183.955,1185.415,1186.874,1188.029,1189.002,1191.496,1192.347,1194.597,1195.935,1198.124,1199.948,1203.719,1208.705,1212.111,1214.3,1217.462,1222.814,1225.246,1228.408,1233.76,1238.868,1241.787,1247.625,1253.463,1258.328,1266.111,1271.949,1278.76,1286.544,1295.788,1192.651,1192.841,1193.107,1193.404,1193.86,1194.552,1195.296,1195.92,1196.634,1197.242,1198.276,1198.459,1200.253,1201.895,1203.962,1206.577,1208.827,1211.381,1212.841,1215.638,1217.705,1219.53,1223.3,1225.733,1230.598,1234.733,1238.868,1243.49,1247.382,1250.301,1255.409,1258.328,1267.084,1270.976,1279.247,1283.625,1295.301,1301.139,1311.355,1208.257,1208.523,1208.675,1208.766,1209.154,1209.587,1210.119,1211.107,1212.05,1213.327,1214.604,1216.489,1218.496,1220.381,1224.395,1226.219,1229.138,1231.571,1235.098,1234.611,1236.922,1239.354,1241.3,1245.192,1248.354,1254.436,1258.328,1266.598,1271.463,1276.814,1283.625,1289.463,1290.923,1296.274,1303.085,1308.923,1313.788,1323.031,1329.842,1223.825,1223.863,1224.167,1224.486,1225.155,1225.778,1226.918,1227.466,1228.378,1229.412,1230.598,1232.057,1234.064,1235.098,1237.713,1239.963,1242.152,1245.192,1246.409,1249.814,1250.665,1253.949,1257.355,1262.949,1269.517,1277.058,1283.625,1290.923,1296.76,1303.085,1305.031,1310.869,1313.788,1325.464,1331.302,1340.545,1343.464,1239.43,1239.544,1239.856,1240.054,1240.882,1241.559,1242.76,1244.098,1244.979,1246.53,1247.442,1249.875,1252.672,1255.895,1259.179,1261.125,1263.193,1264.895,1268.544,1271.949,1274.139,1276.814,1280.22,1000,1000,1000,1000,1000,1000,1000,1264.652,1258.191,1255.515,1335.193,1311.355,1303.571,1304.058,1306.004,1314.761,1319.626,1324.977,1331.302,1337.139,1343.95,1352.221,1359.032,1255.188,1255.621,1255.918,1256.625,1256.914,1257.932,1257.932,1259.848,1260.03,1262.098,1262.767,1261.916,1000,1000,1000,1000,1141.083,1136.704,1135.245,1133.786,1133.786,1133.786,1134.272,1135.245,1136.704,1138.65,1140.596,1141.083,1142.056,1141.083,1140.596,1140.596,1140.596,1140.596,1139.623,1139.623,1136.218,1132.813,1128.921,1124.056,1121.137,1117.245,1115.299,1112.38,1111.164,1109.218,1107.758,1105.812,1105.812,1104.596,1104.109,1104.109,1104.109,1104.109,1103.38,1103.38,1103.38,1103.38,1103.38,1104.109,1104.596,1105.326,1106.542,1107.028,1107.758,1108.488,1109.218,1109.704,1111.164,1111.65,1113.109,1114.569,1116.029,1117.245,1118.218,1118.704,1118.704,1118.704,1117.245,1118.218,1117.245,1118.218,1118.704,1119.677,1120.164,1120.164,1120.164,1120.164,1120.164,1120.164,1120.164,1121.137,1121.137,1121.623,1121.137,1121.623,1121.623,1121.623,1121.623,1122.596,1122.596,1122.596,1124.056,1125.515,1126.975,1127.948,1129.407,1130.38,1132.813,1131.839,1133.786,1132.813,1132.813,1129.407,1131.839,1134.272,1133.786,1134.272,1138.65,1142.056,1148.38,1156.164,1166.867,1068.147,1068.702,1070.313,1072.548,1073.734,1074.677,1075.102,1075.528,1075.71,1075.954,1076.379,1077.109,1078.386,1079.967,1084.285,1000,1000,1140.984,1140.809,1140.703,1140.756,1140.703,1140.703,1140.756,1141.25,1141.813,1142.877,1142.877,1000,1000,1000,1000,1000,1000,1000,1000,1000,1000,1000,1000,1000,1000,1185.11,1182.678,1179.759,1179.759,1179.759,1179.273,1179.273,1182.678,1185.11,1185.11,1000,1000,1000,1000,1000,1000,1000,1000,1000,1000,1000,1000,1000,1000,1000,1000,1000,1000,1000,1000,1492.817,1503.033,1506.196,1512.034,1532.709,1548.277,1554.115,1570.656,1486.797,1486.645,1486.994,1000,1491.935,1495.493,1499.506,1503.398,1509.844,1000,1000,1000,1554.602,1579.413,1590.116,1509.92,1511.053,1513.676,1514.77,1518.844,1521.703,1524.682,1527.115,1534.534,1536.723,1540.493,1540.493,1544.142,1542.926,1539.52,1534.534,1530.764,1523.77,1518.844,1515.652,1513.828,1511.129,1510.49,1609.089,1583.305,1563.359,1549.737,1532.709,1518.601,1509.844,1504.858,1497.56,1495.006,1490.78,1488.287,1486.835,1580.872,1561.899,1542.926,1528.818,1520.547,1515.439,1518.115,1523.466,1541.466,1556.061,1576.007,1580.872,1486.949,1000,1000,1000,1000,1000,1683.522,1672.819,1657.252,1000,1000,1000,1000,1000,1000,1000,1000,1000,1000,1000,1000,1000,1000,1000,1000,1000,1000,1000,1000,1000,1000,1000,1000,1000,1000,1000,1000,1000,1000,1000,1000,1000,1000,1000,1000,1000,1632.441,1619.427,1613.711,1609.21,1602.886,1000,1000,1000,1000,1680.117,1646.549,1624.657,1614.44,1599.602,1591.21,1588.17,1580.872,1573.332,1571.507,1567.463,1565.266,1564.56,1656.765,1641.684,1623.684,1606.656,1589.143,1575.521,1562.142,1555.088,1549.554,1544.933,1540.767,1538.456,1537.316,1627.576,1607.629,1592.548,1579.413,1567.494,1547.304,1540.007,1531.25,1523.466,1000,1514.588,1512.155,1510.985,1609.089,1594.981,1573.575,1565.791,1549.737,1536.601,1524.926,1521.277,1508.263,1502.06,1497.013,1492.118,1489.761,1488.021,1487.489,1486.683,1576.98,1555.088,1544.872,1525.899,1517.628,1504.979,1496.709,1486.614,1480.168,1473.175,1468.736,1465.817,1463.992,1461.56,1460.534,1459.629,1553.629,1533.682,1516.169,1000,1000,1000,1000,1000,1000,1000,1000,1000,1000,1000,1000,1000,1000,1000,1000,1000,1000,1000,1000,1000,1000,1000,1000,1000,1000,1000,1000,1000,1000,1000,1000,1000,1000,1000,1000,1000,1000,1000,1000,1000,1000,1000,1000,1000,1000,1000,1000,1000
1179.675,1180.094,1180.732,1181.918,1183.165,1183.955,1185.019,1186.448,1187.543,1189.307,1190.888,1192.043,1193.867,1194.84,1198.124,1199.948,1204.57,1209.678,1212.597,1214.786,1218.192,1223.3,1224.03,1227.679,1232.3,1238.868,1242.273,1247.138,1253.463,1257.355,1264.652,1270.003,1281.679,1289.463,1298.707,1303.571,1192.803,1192.993,1193.198,1193.525,1193.936,1194.962,1195.783,1196.786,1197.09,1198.094,1198.276,1200.253,1201.651,1203.962,1205.969,1207.854,1210.286,1212.476,1214.786,1217.341,1220.016,1223.3,1225.246,1228.895,1232.787,1238.381,1242.76,1246.652,1248.841,1254.436,1258.328,1264.652,1268.544,1276.328,1282.652,1288.49,1296.274,1309.409,1316.22,1208.371,1208.637,1208.812,1209.215,1209.838,1210.423,1211.229,1212.202,1213.145,1215.395,1216.489,1218.496,1220.381,1223.422,1224.76,1228.043,1229.989,1232.908,1233.273,1236.435,1239.354,1241.3,1245.679,1250.301,1253.219,1257.598,1264.409,1269.517,1272.922,1281.193,1287.517,1290.923,1296.274,1303.085,1307.95,1311.842,1322.058,1330.815,1223.787,1224.015,1224.334,1224.722,1225.155,1226.098,1226.797,1228.074,1228.53,1229.594,1231.206,1232.3,1234.307,1235.949,1237.713,1240.327,1242.152,1245.192,1247.138,1249.328,1250.179,1255.409,1257.355,1261.733,1267.084,1274.625,1283.625,1290.436,1295.788,1301.625,1306.004,1310.869,1315.734,1324.491,1330.328,1339.572,1345.41,1239.468,1239.544,1239.856,1240.054,1240.563,1241.148,1242,1243.186,1244.28,1245.344,1247.442,1249.632,1252.368,1255.895,1258.449,1259.909,1262.706,1264.409,1268.057,1270.49,1275.112,1276.328,1000,1000,1000,1000,1000,1000,1000,1000,1265.99,1258.601,1255.857,1342.977,1315.247,1302.599,1302.112,1306.49,1309.896,1317.193,1323.031,1329.356,1336.167,1343.95,1352.221,1358.059,1255.074,1255.568,1255.735,1256.541,1256.716,1257.446,1257.811,1259.361,1259.848,1261.733,1262.341,1261.733,1000,1000,1000,1000,1144.002,1138.65,1135.245,1133.786,1133.786,1133.786,1134.272,1134.272,1136.218,1138.65,1139.623,1140.596,1141.083,1140.596,1139.623,1139.623,1139.623,1139.623,1138.65,1137.677,1135.245,1131.839,1126.975,1124.056,1120.164,1118.218,1115.299,1112.38,1111.164,1109.218,1107.758,1106.542,1105.812,1105.326,1104.596,1104.596,1104.596,1104.596,1104.109,1104.109,1104.109,1103.38,1104.596,1104.596,1105.326,1105.812,1107.028,1107.758,1109.218,1110.434,1111.164,1111.65,1112.38,1113.109,1114.569,1116.029,1117.245,1118.218,1119.677,1120.164,1119.677,1119.677,1118.704,1118.218,1118.704,1119.677,1120.164,1121.137,1121.623,1121.623,1122.596,1122.596,1122.596,1122.596,1122.596,1122.596,1122.596,1122.596,1122.596,1123.083,1123.083,1123.083,1123.083,1123.083,1123.083,1123.083,1125.029,1125.515,1128.921,1128.921,1131.353,1129.407,1131.353,1130.38,1129.407,1130.38,1130.38,1129.407,1131.353,1135.245,1135.245,1137.677,1141.083,1144.975,1149.353,1160.056,1169.786,1068.147,1068.862,1070.313,1072.244,1073.734,1075.102,1075.285,1075.954,1076.197,1076.623,1077.109,1078.082,1079.177,1080.575,1085.38,1000,1000,1140.809,1140.703,1140.612,1140.657,1140.657,1140.612,1140.657,1141.106,1141.638,1142.208,1141.638,1000,1000,1000,1000,1000,1000,1000,1000,1000,1000,1000,1000,1000,1000,1183.408,1180.975,1179.273,1179.273,1179.273,1178.543,1178.543,1180.975,1182.192,1183.894,1000,1000,1000,1000,1000,1000,1000,1000,1000,1000,1000,1000,1000,1000,1000,1000,1000,1000,1000,1000,1000,1000,1000,1521.034,1000,1556.061,1569.683,1581.845,1487.04,1486.835,1486.949,1487.937,1489.26,1491.418,1495.493,1500.723,1507.412,1520.79,1000,1548.277,1556.061,1576.494,1585.251,1509.844,1510.84,1512.854,1513.828,1517.446,1000,1000,1000,1000,1536.723,1539.52,1540.007,1544.629,1542.439,1539.52,1534.534,1529.669,1521.155,1517.263,1514.77,1513.387,1000,1510.346,1603.251,1000,1000,1547.791,1000,1518.115,1509.844,1503.033,1497.256,1494.581,1490.78,1488.021,1487.04,1581.845,1562.872,1545.845,1531.25,1522.493,1516.898,1518.115,1527.358,1545.845,1559.953,1580.872,1486.569,1487.04,1486.835,1000,1000,1000,1000,1681.576,1674.279,1660.171,1000,1000,1000,1000,1000,1000,1000,1000,1000,1000,1000,1000,1000,1000,1000,1000,1000,1000,1000,1000,1000,1000,1000,1000,1000,1000,1000,1000,1000,1000,1000,1000,1000,1000,1000,1000,1000,1635.359,1623.197,1614.197,1607.386,1000,1000,1000,1000,1000,1675.738,1638.765,1620.521,1611.765,1595.467,1590.359,1586.102,1578.926,1572.845,1571.507,1566.855,1565.145,1564.446,1650.927,1630.981,1612.981,1597.413,1584.035,1572.845,1560.926,1555.453,1550.406,1544.264,1540.098,1538.228,1633.413,1619.305,1601.792,1588.17,1576.98,1563.845,1545.602,1537.696,1528.939,1000,1000,1513.387,1511.942,1510.909,1608.116,1599.359,1576.494,1561.899,1547.791,1537.818,1525.655,1521.277,1511.547,1505.952,1497.56,1493.06,1490.324,1487.937,1487.139,1486.683,1576.007,1559.953,1552.169,1532.223,1522.007,1507.898,1496.709,1486.128,1479.803,1473.175,1469.526,1466.242,1463.992,1461.56,1460.123,1558.494,1544.385,1522.98,1508.871,1000,1000,1000,1000,1000,1000,1000,1000,1000,1000,1000,1000,1000,1000,1000,1000,1000,1000,1000,1000,1000,1000,1000,1000,1000,1000,1000,1000,1000,1000,1000,1000,1000,1000,1000,1000,1000,1000,1000,1000,1000,1000,1000,1000,1000,1000,1000,1000,1000
1179.622,1180.17,1180.823,1181.675,1182.708,1183.621,1185.019,1186.023,1187.3,1189.002,1190.34,1191.496,1193.259,1195.205,1197.759,1200.8,1204.084,1207.732,1211.624,1214.786,1216.976,1220.381,1223.3,1225.976,1229.868,1233.76,1237.895,1243.733,1251.03,1256.868,1263.679,1270.003,1279.733,1284.598,1295.788,1303.571,1192.803,1192.993,1193.198,1193.525,1194.095,1194.552,1195.175,1195.92,1196.786,1197.242,1197.911,1199.036,1200.496,1203.719,1205.117,1207.489,1209.922,1212.111,1213.57,1216.003,1218.678,1220.868,1223.3,1228.895,1231.814,1238.381,1240.814,1245.922,1248.111,1252.976,1255.409,1263.679,1268.544,1275.355,1279.733,1286.544,1296.274,1305.517,1315.247,1208.295,1208.599,1208.865,1209.215,1209.587,1210.743,1211.351,1212.202,1213.327,1215.395,1216.489,1218.192,1220.077,1223.422,1223.787,1226.949,1228.408,1231.206,1232.422,1236.435,1239.841,1242.517,1246.652,1251.517,1254.436,1259.057,1263.679,1268.544,1272.922,1279.247,1284.112,1287.517,1292.869,1300.166,1305.031,1312.815,1319.626,1327.896,1223.863,1224.053,1224.167,1224.486,1225.155,1226.31,1227.055,1228.378,1228.895,1230.172,1231.388,1232.543,1233.516,1235.402,1237.104,1239.598,1241.422,1244.706,1246.409,1248.841,1250.665,1254.922,1255.895,1261.247,1266.355,1273.895,1282.166,1288.49,1295.788,1299.68,1303.085,1308.436,1314.761,1322.545,1328.383,1338.599,1345.41,1239.506,1239.544,1239.947,1240.054,1240.563,1241.148,1241.772,1242.76,1243.946,1245.557,1246.773,1249.632,1252.368,1255.895,1258.449,1259.909,1262.706,1263.557,1267.206,1270.003,1272.922,1276.328,1000,1000,1000,1000,1000,1000,1000,1000,1262.767,1258.191,1255.796,1342.977,1317.68,1303.571,1301.139,1307.95,1311.355,1313.788,1323.031,1330.328,1334.22,1343.95,1352.221,1358.059,1255.15,1255.469,1255.568,1256.45,1256.45,1257.568,1257.932,1259.513,1260.03,1261.125,1261.49,1260.912,1000,1000,1000,1000,1146.434,1140.596,1136.704,1136.218,1135.245,1135.245,1134.272,1135.245,1136.218,1137.677,1138.65,1139.623,1139.623,1139.623,1138.65,1139.623,1139.623,1139.623,1138.65,1137.677,1135.245,1131.839,1127.948,1123.083,1120.164,1117.245,1115.299,1113.109,1111.65,1110.434,1109.218,1107.758,1106.542,1105.812,1104.596,1104.596,1104.596,1104.596,1104.109,1104.596,1104.596,1105.326,1105.812,1106.542,1107.028,1107.758,1108.488,1108.488,1110.434,1111.164,1112.38,1113.109,1114.569,1114.569,1115.299,1116.029,1116.758,1118.218,1119.677,1120.164,1120.164,1121.137,1120.164,1120.164,1120.164,1121.137,1121.623,1122.596,1123.083,1123.083,1124.056,1125.029,1125.029,1125.029,1124.056,1123.083,1123.083,1123.083,1123.083,1123.083,1124.056,1125.029,1125.029,1125.029,1125.029,1126.488,1126.488,1128.921,1131.353,1131.353,1131.353,1128.921,1128.921,1129.407,1127.948,1128.921,1130.38,1128.921,1129.407,1134.272,1134.272,1137.677,1140.596,1145.461,1150.326,1165.894,1174.164,1068.185,1068.808,1070.101,1072.396,1073.734,1075.102,1075.528,1076.197,1076.379,1077.109,1077.352,1078.082,1079.177,1080.575,1085.38,1000,1000,1140.657,1140.657,1140.566,1140.612,1140.612,1140.612,1140.657,1141.174,1141.638,1142.101,1141.904,1000,1000,1000,1000,1000,1000,1000,1000,1000,1000,1000,1000,1000,1000,1182.678,1180.246,1179.273,1179.273,1178.543,1178.543,1178.056,1179.273,1179.273,1182.678,1000,1000,1000,1000,1000,1000,1000,1000,1000,1000,1000,1000,1000,1000,1000,1000,1000,1000,1000,1000,1000,1527.358,1533.682,1539.52,1555.088,1561.899,1573.088,1486.721,1487.633,1487.428,1488.021,1489.503,1490.035,1492.483,1495.25,1502.06,1000,1521.277,1000,1000,1549.25,1564.332,1575.521,1595.954,1510.224,1511.638,1512.976,1515.469,1000,1000,1000,1000,1539.52,1542.439,1542.926,1545.602,1541.953,1539.52,1534.047,1529.669,1521.155,1517.02,1514.588,1513.113,1511.053,1510.658,1000,1585.251,1565.791,1546.818,1000,1519.574,1511.547,1502.304,1495.979,1492.483,1489.381,1487.086,1486.645,1570.656,1556.061,1542.926,1533.682,1522.493,1517.628,1517.628,1523.466,1535.142,1554.115,1570.656,1486.569,1486.873,1486.797,1000,1000,1000,1713.198,1675.252,1665.036,1654.819,1000,1000,1000,1000,1000,1000,1000,1000,1000,1000,1000,1000,1000,1000,1000,1000,1000,1000,1000,1000,1000,1000,1000,1000,1000,1000,1000,1000,1000,1000,1000,1000,1000,1000,1000,1000,1000,1625.143,1619.792,1611.4,1606.778,1601.852,1599.177,1000,1000,1000,1000,1640.224,1621.981,1608.602,1600.089,1593.521,1588.535,1581.602,1575.642,1572.602,1567.099,1565.266,1564.37,1643.63,1619.305,1600.332,1588.413,1576.737,1570.169,1559.71,1555.088,1549.554,1544.081,1539.976,1538.084,1537.278,1616.386,1601.792,1588.17,1579.413,1561.899,1547.304,1537.696,1528.574,1521.703,1000,1513.828,1512.368,1511.053,1509.958,1599.359,1578.44,1562.386,1550.71,1539.277,1529.061,1522.25,1512.885,1507.047,1498.655,1494.581,1491.418,1488.393,1487.367,1486.911,1573.088,1557.034,1551.196,1531.25,1520.547,1507.898,1496.223,1485.641,1478.709,1472.263,1468.736,1465.634,1463.232,1461.56,1460.002,1560.44,1544.385,1524.926,1509.358,1506.439,1000,1000,1000,1000,1000,1000,1000,1000,1000,1000,1000,1000,1000,1000,1000,1000,1000,1000,1000,1000,1000,1000,1000,1000,1000,1000,1000,1000,1000,1000,1000,1000,1000,1000,1000,1000,1000,1000,1000,1000,1000,1000,1000,1000,1000,1000,1000,1000
1179.675,1179.843,1180.732,1181.675,1182.572,1183.621,1184.472,1185.597,1186.023,1187.543,1188.759,1190.097,1192.651,1194.84,1198.489,1200.8,1204.57,1206.881,1211.624,1213.327,1216.489,1219.895,1222.814,1226.462,1231.814,1235.949,1240.814,1245.679,1253.463,1255.895,1264.652,1270.976,1281.679,1289.463,1297.734,1303.571,1192.841,1192.917,1193.107,1193.244,1193.791,1194.445,1195.068,1195.661,1196.938,1197.577,1198.094,1199.644,1201.165,1202.928,1205.361,1207.246,1209.192,1211.016,1213.57,1215.638,1218.678,1221.841,1224.273,1227.922,1231.814,1236.922,1240.814,1245.436,1248.111,1252.49,1255.895,1263.193,1266.111,1273.895,1278.274,1286.544,1294.328,1303.085,1311.355,1208.257,1208.523,1208.865,1209.359,1209.747,1210.53,1211.229,1211.898,1213.145,1214.786,1216.064,1217.949,1219.287,1222.449,1222.814,1225.125,1227.314,1230.354,1231.571,1236.922,1240.327,1243.49,1247.868,1252.003,1255.165,1257.598,1262.949,1266.598,1269.517,1275.355,1281.679,1285.085,1292.869,1297.247,1304.058,1309.896,1317.68,1324.977,1332.761,1223.977,1224.205,1224.661,1225.071,1226.204,1227.618,1228.895,1229.412,1230.598,1231.206,1232.543,1233.273,1235.098,1237.104,1238.625,1240.692,1243.246,1245.922,1248.841,1251.152,1254.922,1257.355,1260.76,1265.868,1271.22,1282.166,1288.004,1295.788,1298.22,1304.058,1306.49,1311.842,1319.626,1325.464,1336.653,1340.545,1239.544,1239.658,1240.054,1240.107,1240.563,1241.057,1241.878,1242.486,1243.338,1245.162,1246.53,1248.598,1251.213,1253.584,1256.26,1258.084,1261.976,1264.409,1268.057,1270.49,1273.652,1277.787,1000,1000,1000,1000,1000,1000,1000,1000,1000,1257.568,1255.378,1341.031,1317.193,1306.004,1301.139,1304.058,1307.95,1314.761,1319.626,1325.95,1334.22,1345.896,1353.194,1362.924,1255.188,1255.469,1255.675,1256.131,1256.625,1257.339,1257.811,1259.361,1260.182,1262.098,1261.49,1261.49,1000,1000,1000,1000,1148.38,1142.056,1138.65,1136.704,1135.245,1135.245,1135.245,1136.218,1136.218,1137.677,1138.65,1138.65,1138.65,1139.623,1138.65,1138.65,1138.65,1138.65,1137.677,1136.704,1133.786,1131.353,1126.975,1123.083,1120.164,1118.218,1116.029,1113.839,1113.109,1111.65,1110.434,1108.488,1107.758,1107.028,1106.542,1106.542,1105.812,1105.812,1105.812,1106.542,1105.812,1106.542,1107.758,1108.488,1109.218,1109.218,1109.704,1109.704,1111.65,1113.109,1114.569,1115.299,1116.029,1116.758,1117.245,1118.218,1118.218,1118.704,1119.677,1120.164,1121.137,1121.623,1121.137,1121.137,1121.623,1121.623,1121.623,1123.083,1124.056,1125.029,1125.515,1126.488,1125.515,1125.515,1125.029,1125.029,1124.056,1124.056,1124.056,1124.056,1125.029,1126.488,1126.488,1126.488,1126.975,1127.948,1129.407,1130.38,1133.786,1132.813,1131.353,1130.38,1127.948,1127.948,1126.488,1130.38,1131.839,1131.353,1132.813,1137.677,1137.677,1141.083,1144.002,1150.326,1160.056,1167.84,1176.11,1068.261,1068.808,1069.903,1072.548,1074.099,1075.285,1075.71,1076.197,1076.379,1077.109,1077.109,1078.082,1078.873,1080.819,1087.204,1000,1000,1140.49,1140.528,1140.49,1140.49,1140.528,1140.528,1140.612,1140.984,1141.554,1142.634,1143.12,1000,1000,1000,1000,1000,1000,1000,1000,1000,1000,1000,1000,1000,1000,1182.678,1180.975,1178.543,1178.543,1178.543,1178.543,1178.056,1178.543,1177.083,1179.273,1000,1000,1000,1000,1000,1000,1000,1000,1000,1000,1000,1000,1000,1000,1000,1000,1000,1000,1000,1000,1000,1528.818,1538.547,1540.493,1555.088,1558.98,1569.683,1000,1000,1486.759,1000,1489.503,1489.761,1492.3,1495.493,1500.419,1000,1000,1000,1000,1000,1000,1000,1604.224,1510.779,1512.368,1513.979,1515.834,1000,1000,1000,1537.21,1539.52,1540.493,1540.493,1542.926,1536.723,1534.899,1530.034,1527.845,1520.912,1517.689,1514.588,1512.854,1510.658,1509.958,1593.035,1568.71,1553.629,1537.331,1528.574,1515.682,1508.628,1501.331,1495.25,1491.935,1489.761,1487.192,1581.845,1565.791,1551.196,1535.142,1528.818,1523.466,1518.115,1517.628,1523.466,1537.088,1546.331,1559.953,1577.953,1486.493,1575.034,1000,1000,1000,1709.306,1677.198,1666.009,1658.711,1000,1000,1000,1000,1000,1000,1000,1000,1000,1000,1000,1000,1000,1000,1000,1000,1000,1000,1000,1000,1000,1000,1000,1000,1000,1000,1000,1000,1000,1000,1000,1000,1000,1000,1000,1000,1000,1624.657,1620.765,1614.927,1608.846,1602.096,1597.565,1594.844,1593.567,1000,1000,1646.549,1621.251,1607.629,1600.575,1591.697,1587.683,1580.507,1575.399,1570.717,1566.125,1564.598,1650.927,1634.873,1613.954,1597.413,1587.926,1578.44,1568.71,1560.075,1555.088,1548.703,1542.896,1539.733,1537.962,1537.164,1614.44,1601.792,1586.71,1575.521,1559.953,1547.304,1535.872,1527.48,1522.007,1518.844,1514.132,1512.368,1510.719,1509.882,1596.927,1581.359,1564.332,1553.142,1538.547,1529.061,1522.736,1513.858,1508.263,1500.723,1495.736,1491.236,1488.393,1487.192,1486.759,1572.115,1558.007,1549.25,1531.25,1516.169,1503.033,1492.331,1483.452,1477.249,1470.864,1467.763,1464.692,1462.381,1460.617,1459.667,1554.602,1539.52,1522.98,1513.736,1000,1000,1000,1000,1000,1000,1000,1000,1000,1000,1000,1000,1000,1000,1000,1000,1000,1000,1000,1000,1000,1000,1000,1000,1000,1000,1000,1000,1000,1000,1000,1000,1000,1000,1000,1000,1000,1000,1000,1000,1000,1000,1000,1000,1000,1000,1000,1000,1000
1179.577,1179.843,1180.398,1181.553,1182.86,1183.469,1184.837,1185.597,1186.023,1187.3,1188.516,1190.644,1192.955,1194.597,1197.394,1199.584,1203.232,1205.908,1209.192,1212.111,1215.273,1219.165,1222.327,1226.462,1230.354,1233.76,1237.895,1240.814,1247.625,1254.922,1261.733,1268.057,1277.787,1286.544,1296.76,1298.707,1192.765,1192.917,1193.107,1193.198,1193.791,1194.179,1195.54,1195.418,1196.786,1197.394,1198.276,1199.644,1200.922,1202.928,1204.813,1207.246,1209.557,1211.746,1214.057,1215.638,1219.043,1220.868,1223.3,1227.922,1232.787,1238.381,1242.03,1245.922,1248.841,1252.49,1256.868,1261.247,1266.111,1273.895,1277.301,1284.598,1292.382,1301.139,1310.382,1317.193,1208.447,1208.675,1209.154,1209.587,1210.119,1211.107,1211.898,1212.81,1214.209,1215.638,1217.462,1219.53,1221.537,1222.814,1225.854,1226.584,1229.138,1230.354,1235.098,1238.381,1241.787,1247.382,1252.003,1255.165,1258.328,1264.409,1267.084,1270.003,1274.868,1279.247,1281.679,1288.49,1296.274,1301.139,1308.923,1319.626,1327.896,1332.761,1223.901,1224.129,1224.38,1225.071,1225.991,1227.77,1228.53,1229.412,1230.172,1231.206,1232.3,1233.76,1234.854,1237.408,1238.381,1239.963,1242.881,1245.192,1247.138,1249.328,1254.922,1256.868,1260.03,1266.355,1273.166,1282.652,1288.004,1296.76,1299.193,1302.112,1306.004,1311.842,1316.707,1321.572,1333.248,1339.572,1239.468,1239.544,1239.947,1240.107,1240.563,1241.255,1242.243,1243.642,1244.098,1246.165,1246.956,1248.841,1250.969,1253.949,1256.99,1258.814,1262.341,1264.895,1266.233,1268.544,1271.463,1273.652,1273.652,1000,1000,1000,1000,1000,1000,1000,1000,1257.446,1255.568,1341.031,1319.626,1307.463,1300.652,1302.112,1307.95,1313.788,1319.626,1326.437,1336.167,1342.977,1353.194,1254.922,1255.15,1255.424,1255.621,1256.062,1256.366,1257.568,1258.464,1259.848,1260.547,1262.341,1262.524,1000,1000,1000,1000,1000,1150.326,1143.029,1139.623,1136.704,1136.704,1136.704,1136.704,1136.704,1136.704,1137.677,1138.65,1139.623,1139.623,1139.623,1139.623,1138.65,1138.65,1137.677,1136.704,1136.218,1133.786,1130.38,1126.488,1121.623,1119.677,1118.218,1115.299,1113.839,1113.109,1111.65,1111.164,1109.704,1109.218,1109.218,1107.758,1107.758,1107.028,1107.028,1106.542,1107.028,1107.028,1107.758,1109.218,1109.704,1109.704,1111.164,1111.65,1111.65,1113.109,1114.569,1116.029,1117.245,1118.218,1118.218,1118.704,1119.677,1118.704,1119.677,1120.164,1121.137,1121.623,1122.596,1122.596,1122.596,1122.596,1123.083,1122.596,1124.056,1125.029,1125.515,1126.975,1127.948,1126.975,1127.948,1126.975,1125.515,1125.515,1125.515,1125.515,1126.488,1127.948,1128.921,1127.948,1127.948,1127.948,1128.921,1130.38,1131.839,1133.786,1136.218,1131.839,1128.921,1126.488,1127.948,1126.488,1127.948,1129.407,1130.38,1134.272,1139.623,1140.596,1144.975,1148.38,1157.137,1160.056,1171.245,1180.002,1068.185,1068.755,1070.207,1072.548,1074.312,1075.528,1075.954,1076.379,1076.623,1076.866,1077.109,1077.839,1078.629,1080.575,1086.109,1000,1000,1140.49,1140.49,1140.414,1140.452,1140.414,1140.414,1140.49,1140.862,1141.729,1000,1000,1000,1000,1000,1000,1000,1000,1000,1000,1000,1000,1000,1000,1000,1182.678,1182.192,1179.759,1178.056,1178.543,1178.056,1178.056,1177.57,1179.273,1174.894,1000,1000,1000,1000,1000,1000,1000,1000,1000,1000,1000,1000,1000,1000,1000,1000,1000,1000,1000,1000,1000,1000,1523.466,1533.682,1534.656,1551.196,1554.115,1569.683,1000,1000,1580.872,1000,1000,1488.804,1000,1494.581,1501.331,1509.479,1519.574,1000,1000,1000,1000,1000,1609.089,1510.779,1512.049,1514.132,1515.652,1000,1000,1000,1537.21,1541.466,1541.466,1541.953,1542.439,1536.237,1534.899,1531.615,1528.574,1522.858,1518.844,1514.436,1512.049,1510.224,1596.927,1579.413,1559.953,1546.331,1535.872,1525.655,1513.371,1508.263,1502.304,1495.736,1492.483,1489.625,1487.04,1573.088,1559.953,1541.466,1526.385,1522.493,1520.547,1515.439,1520.547,1524.926,1537.088,1547.304,1562.872,1578.926,1486.797,1486.493,1000,1000,1000,1618.895,1683.522,1668.441,1661.144,1000,1000,1000,1000,1000,1000,1000,1000,1000,1000,1000,1000,1000,1000,1000,1000,1000,1000,1000,1000,1000,1000,1000,1000,1000,1000,1000,1000,1000,1000,1000,1000,1000,1000,1000,1000,1000,1624.17,1619.792,1614.927,1608.481,1601.548,1596.835,1594.342,1592.639,1591.689,1674.765,1642.17,1621.251,1610.062,1605.197,1596.927,1590.724,1583.062,1576.494,1571.325,1566.232,1564.598,1649.954,1634.873,1615.413,1601.792,1594.737,1584.035,1571.872,1564.453,1558.007,1549.798,1544.507,1540.098,1538.084,1537.164,1613.467,1597.9,1585.251,1574.548,1559.223,1549.494,1540.98,1530.034,1522.554,1519.088,1514.284,1512.155,1510.658,1509.92,1600.332,1578.44,1562.386,1553.142,1537.818,1527.358,1521.277,1512.034,1506.317,1499.202,1495.25,1490.932,1488.195,1486.949,1486.531,1565.791,1552.169,1544.872,1531.25,1515.439,1503.033,1492.817,1482.601,1475.79,1470.013,1466.425,1463.232,1461.347,1460.002,1557.521,1545.358,1535.628,1520.547,1514.223,1000,1000,1000,1000,1000,1000,1000,1000,1000,1000,1000,1000,1000,1000,1000,1000,1000,1000,1000,1000,1000,1000,1000,1000,1000,1000,1000,1000,1000,1000,1000,1000,1000,1000,1000,1000,1000,1000,1000,1000,1000,1000,1000,1000,1000,1000,1000,1000,1000
1179.531,1179.843,1180.474,1181.447,1183.012,1183.955,1184.654,1185.232,1185.597,1186.631,1188.029,1190.097,1192.651,1194.84,1197.759,1199.584,1203.232,1204.57,1207.732,1210.165,1213.327,1216.489,1222.814,1226.462,1229.868,1235.219,1241.787,1243.733,1247.625,1253.463,1261.733,1267.084,1276.814,1284.598,1293.842,1296.76,1192.651,1192.689,1193.031,1193.069,1193.791,1194.27,1194.962,1195.92,1196.786,1197.577,1198.459,1199.827,1201.408,1202.928,1204.509,1205.969,1209.192,1212.111,1214.422,1216.489,1219.043,1220.503,1223.3,1227.435,1232.3,1235.949,1242.03,1245.922,1251.517,1254.436,1258.328,1263.193,1265.625,1269.517,1274.868,1287.517,1294.328,1303.085,1311.355,1317.193,1208.447,1208.721,1208.865,1209.427,1209.838,1210.864,1211.488,1212.202,1213.479,1214.604,1216.489,1218.739,1220.685,1222.145,1224.03,1225.854,1227.314,1229.138,1232.908,1237.408,1241.787,1247.868,1251.517,1255.652,1256.868,1263.679,1264.409,1268.057,1271.463,1278.76,1280.22,1289.463,1295.301,1305.031,1308.923,1319.626,1324.977,1331.788,1223.863,1224.129,1224.38,1225.071,1225.991,1227.329,1228.53,1229.229,1229.777,1231.206,1232.543,1233.516,1235.098,1236.496,1237.713,1238.625,1241.787,1243.611,1246.409,1250.179,1254.436,1257.355,1260.03,1268.057,1273.895,1284.112,1290.436,1298.22,1299.68,1305.031,1305.031,1310.382,1314.761,1317.68,1327.41,1336.653,1348.329,1239.506,1239.902,1240.107,1240.639,1241.559,1242.365,1243.49,1244.615,1245.74,1246.956,1248.598,1250.665,1252.368,1254.557,1256.625,1260.76,1263.557,1266.233,1269.517,1271.463,1272.922,1000,1000,1000,1000,1000,1000,1000,1000,1257.568,1256.207,1254.96,1327.41,1318.653,1307.95,1302.599,1303.571,1310.382,1314.761,1321.572,1329.356,1337.139,1342.004,1353.194,1360.978,1255.112,1255.264,1255.568,1255.918,1256.366,1257.02,1258.054,1259.361,1260.182,1262.524,1262.767,1000,1000,1000,1000,1000,1153.245,1144.975,1140.596,1137.677,1136.704,1136.704,1136.704,1137.677,1138.65,1138.65,1138.65,1138.65,1138.65,1138.65,1138.65,1138.65,1138.65,1136.704,1136.218,1134.272,1131.839,1128.921,1126.488,1121.623,1119.677,1118.218,1116.029,1113.839,1113.109,1112.38,1111.65,1110.434,1109.704,1109.704,1108.488,1108.488,1108.488,1108.488,1108.488,1109.218,1109.218,1109.704,1111.164,1111.65,1112.38,1113.109,1113.109,1113.839,1115.299,1116.029,1117.245,1118.704,1119.677,1120.164,1120.164,1121.137,1120.164,1120.164,1121.623,1121.623,1122.596,1124.056,1124.056,1124.056,1124.056,1124.056,1125.029,1125.515,1126.488,1126.975,1126.975,1129.407,1127.948,1128.921,1128.921,1127.948,1126.975,1126.975,1127.948,1128.921,1129.407,1130.38,1130.38,1129.407,1129.407,1130.38,1130.38,1134.272,1134.272,1131.839,1129.407,1128.921,1126.488,1125.515,1125.515,1126.975,1130.38,1133.786,1136.218,1139.623,1142.056,1146.434,1153.245,1157.137,1162.002,1171.245,1177.083,1182.921,1068.565,1070.207,1072.396,1074.099,1075.528,1075.954,1076.197,1076.623,1076.623,1076.866,1077.352,1078.386,1079.967,1000,1000,1000,1140.49,1140.452,1140.414,1140.414,1140.376,1140.414,1140.452,1140.923,1000,1000,1000,1000,1000,1000,1000,1000,1000,1000,1000,1000,1000,1000,1000,1000,1000,1180.975,1180.975,1178.056,1178.056,1177.57,1177.57,1176.354,1176.354,1170.759,1000,1000,1000,1000,1000,1000,1000,1000,1000,1000,1000,1000,1000,1000,1000,1000,1000,1000,1000,1000,1000,1000,1000,1000,1536.115,1541.953,1545.845,1553.142,1565.791,1000,1486.645,1487.861,1490.932,1490.172,1000,1000,1503.763,1510.696,1519.574,1523.953,1539.764,1000,1000,1000,1509.996,1510.84,1511.372,1000,1000,1000,1000,1527.48,1531.615,1539.034,1539.034,1542.439,1541.466,1536.723,1534.047,1531.25,1527.845,1522.858,1518.844,1514.284,1511.836,1510.11,1590.116,1576.494,1560.926,1544.872,1535.142,1526.628,1514.709,1510.331,1503.763,1496.223,1491.935,1488.697,1486.607,1565.791,1554.115,1537.088,1524.926,1518.115,1517.628,1512.034,1516.898,1520.547,1533.682,1543.899,1558.98,1576.98,1486.721,1486.721,1000,1000,1000,1000,1692.279,1662.117,1656.279,1000,1000,1000,1000,1000,1000,1000,1000,1000,1000,1000,1000,1000,1000,1000,1000,1000,1000,1000,1000,1000,1000,1000,1000,1000,1000,1000,1000,1000,1000,1000,1000,1000,1000,1000,1000,1000,1618.94,1618.454,1613.711,1609.575,1603.433,1597.018,1593.475,1591.917,1670.873,1653.36,1632.441,1617.603,1610.548,1605.197,1596.927,1591.21,1583.426,1577.345,1571.751,1566.536,1564.712,1652.873,1636.819,1617.359,1603.737,1595.467,1585.251,1571.872,1564.94,1559.223,1550.71,1544.689,1540.22,1538.084,1537.202,1615.413,1604.71,1585.251,1576.494,1558.494,1552.412,1540.007,1531.615,1522.554,1518.601,1513.387,1511.745,1510.437,1509.958,1600.332,1580.386,1559.467,1549.25,1532.709,1522.736,1516.655,1509.479,1504.128,1498.351,1494.763,1490.476,1488.287,1486.949,1486.683,1567.737,1557.034,1544.872,1532.223,1514.709,1503.033,1491.358,1481.02,1474.817,1468.736,1464.874,1463.08,1460.868,1459.705,1544.385,1540.493,1522.98,1513.736,1505.466,1000,1000,1000,1000,1000,1000,1000,1000,1000,1000,1000,1000,1000,1000,1000,1000,1000,1000,1000,1000,1000,1000,1000,1000,1000,1000,1000,1000,1000,1000,1000,1000,1000,1000,1000,1000,1000,1000,1000,1000,1000,1000,1000,1000,1000,1000,1000,1000,1000
1179.371,1179.782,1180.314,1181.34,1182.298,1183.317,1184.654,1185.232,1186.023,1187.3,1189.55,1190.888,1192.651,1195.205,1197.03,1198.854,1202.016,1203.719,1205.908,1208.705,1212.111,1216.489,1221.111,1224.76,1230.354,1234.49,1239.354,1242.273,1247.625,1252.003,1258.328,1262.706,1273.895,1278.76,1287.517,1291.896,1301.625,1303.571,1192.993,1193.107,1193.647,1194.27,1194.856,1195.418,1196.33,1197.09,1198.094,1199.462,1200.922,1202.381,1203.962,1205.665,1208.462,1211.746,1214.422,1216.854,1219.043,1220.503,1223.787,1226.219,1232.3,1236.435,1240.814,1243.976,1250.301,1252.976,1259.301,1261.247,1268.057,1270.976,1274.868,1282.652,1294.328,1305.517,1311.355,1208.295,1208.371,1208.561,1208.721,1209.215,1209.922,1210.423,1211.229,1212.658,1213.661,1214.786,1216.976,1218.192,1220.685,1222.145,1224.03,1225.489,1227.314,1228.408,1231.571,1235.098,1237.408,1243.49,1249.084,1255.165,1257.598,1262.949,1264.409,1267.084,1270.003,1276.328,1278.76,1287.517,1291.896,1300.166,1309.896,1319.626,1324.004,1331.788,1223.939,1224.091,1224.38,1224.995,1225.581,1226.554,1227.618,1228.226,1229.047,1230.78,1231.388,1234.064,1234.55,1236.496,1237.104,1238.625,1241.422,1243.246,1245.922,1248.841,1252.49,1256.868,1260.76,1267.084,1272.436,1284.112,1289.463,1298.22,1296.76,1303.085,1304.058,1308.436,1311.842,1320.599,1327.41,1335.193,1345.41,1239.392,1239.734,1239.856,1240.289,1241.255,1242.486,1243.794,1244.797,1245.922,1246.956,1247.625,1249.328,1252.368,1254.557,1258.449,1260.274,1263.193,1265.747,1269.031,1271.463,1272.922,1000,1000,1000,1000,1000,1000,1000,1000,1000,1000,1000,1323.031,1310.382,1305.031,1299.68,1301.139,1310.382,1317.193,1321.572,1330.328,1340.058,1341.031,1349.788,1359.032,1254.998,1255.226,1255.515,1255.796,1256.207,1257.568,1258.328,1259.361,1260.73,1262.098,1262.524,1262.098,1000,1000,1000,1000,1154.218,1146.434,1141.083,1138.65,1137.677,1137.677,1137.677,1137.677,1138.65,1138.65,1138.65,1137.677,1139.623,1139.623,1139.623,1138.65,1138.65,1136.704,1136.218,1134.272,1131.839,1128.921,1126.488,1121.623,1119.677,1118.218,1116.758,1114.569,1113.839,1113.839,1113.109,1112.38,1111.65,1111.164,1110.434,1109.704,1109.704,1110.434,1110.434,1111.164,1111.164,1112.38,1113.109,1113.839,1114.569,1115.299,1115.299,1115.299,1116.758,1116.758,1118.218,1119.677,1121.137,1121.623,1122.596,1122.596,1121.623,1122.596,1122.596,1123.083,1124.056,1125.029,1125.029,1125.515,1125.515,1125.515,1125.515,1126.488,1126.975,1128.921,1129.407,1130.38,1129.407,1129.407,1128.921,1128.921,1127.948,1128.921,1130.38,1130.38,1131.839,1132.813,1132.813,1131.839,1131.839,1131.839,1133.786,1134.272,1135.245,1131.353,1128.921,1126.488,1126.488,1126.488,1126.975,1129.407,1131.353,1133.786,1135.245,1140.596,1143.029,1149.353,1154.218,1157.137,1162.002,1162.002,1168.813,1176.11,1068.565,1069.812,1071.94,1073.917,1075.102,1075.71,1075.954,1076.379,1076.379,1076.866,1077.109,1077.839,1079.177,1000,1000,1000,1140.566,1140.49,1140.376,1140.376,1140.376,1140.376,1140.49,1141.904,1000,1000,1000,1000,1000,1000,1000,1000,1000,1440.519,1449.276,1444.654,1000,1000,1000,1000,1183.408,1179.273,1180.246,1177.083,1177.57,1176.354,1177.083,1175.381,1177.083,1172.705,1000,1000,1000,1000,1000,1000,1000,1000,1000,1000,1000,1000,1000,1000,1000,1000,1000,1000,1000,1000,1000,1000,1000,1000,1527.845,1532.709,1532.223,1535.142,1546.331,1555.088,1574.061,1000,1491.935,1000,1000,1000,1501.088,1509.479,1516.655,1522.25,1537.818,1000,1000,1000,1509.996,1510.779,1511.213,1000,1000,1517.02,1520.365,1526.385,1529.669,1540.007,1541.466,1543.412,1540.493,1535.872,1531.615,1528.574,1524.682,1521.703,1517.689,1513.979,1511.745,1510.3,1594.981,1580.386,1558.494,1541.953,1532.709,1523.466,1511.547,1508.263,1502.304,1494.337,1490.78,1488.393,1486.569,1558.007,1550.223,1532.223,1518.115,1512.034,1512.52,1506.196,1510.088,1513.25,1526.385,1538.547,1555.088,1574.061,1486.493,1486.493,1000,1000,1000,1619.518,1694.225,1662.603,1654.819,1000,1000,1000,1000,1000,1000,1000,1000,1000,1000,1000,1000,1000,1000,1000,1000,1000,1000,1000,1000,1000,1000,1000,1000,1000,1000,1000,1000,1000,1000,1000,1000,1000,1000,1000,1000,1000,1622.224,1619.792,1614.562,1609.21,1602.643,1596.318,1593.369,1592.077,1679.144,1663.09,1642.657,1625.63,1615.17,1610.062,1598.629,1591.21,1583.062,1577.041,1570.139,1000,1564.598,1654.819,1634.873,1621.738,1610.062,1598.873,1585.251,1573.332,1566.277,1558.859,1550.71,1544.689,1539.976,1537.901,1537.24,1616.386,1604.71,1585.737,1574.061,1558.494,1553.142,1541.466,1534.899,1524.439,1518.844,1513.828,1511.638,1510.3,1509.844,1594.981,1575.521,1558.494,1546.818,1531.493,1520.79,1515.682,1507.412,1502.06,1497.013,1493.06,1489.016,1487.367,1486.607,1580.872,1566.764,1553.142,1541.953,1527.845,1510.574,1499.385,1489.412,1479.803,1474.452,1469.222,1464.509,1462.928,1460.777,1459.553,1543.412,1542.439,1522.98,1511.304,1505.466,1508.871,1000,1000,1000,1000,1000,1000,1000,1000,1000,1000,1000,1000,1000,1000,1000,1000,1000,1000,1000,1000,1000,1000,1000,1000,1000,1000,1000,1000,1000,1000,1000,1000,1000,1000,1000,1000,1000,1000,1000,1000,1000,1000,1000,1000,1000,1000,1000,1000
1179.371,1179.675,1180.238,1181.34,1182.161,1183.165,1183.955,1185.019,1185.597,1187.117,1189.002,1190.644,1192.651,1194.597,1196.665,1198.489,1200.435,1202.867,1205.422,1208.219,1211.624,1214.3,1219.165,1224.03,1228.408,1233.76,1237.895,1242.273,1247.625,1252.49,1257.355,1262.706,1270.976,1277.787,1284.598,1285.571,1294.815,1302.599,1192.917,1193.153,1193.525,1194.179,1194.749,1195.783,1196.482,1197.759,1198.641,1200.07,1201.408,1202.928,1204.266,1206.577,1207.489,1211.016,1213.205,1214.786,1217.705,1219.53,1222.327,1224.76,1230.111,1233.516,1238.868,1242.76,1248.841,1252.976,1258.328,1260.76,1263.679,1268.544,1275.355,1284.598,1294.328,1307.463,1315.247,1208.371,1208.409,1208.637,1208.766,1209.215,1209.922,1210.636,1211.488,1212.354,1213.145,1214.422,1215.638,1218.192,1220.381,1222.145,1224.03,1225.854,1226.584,1229.138,1230.354,1233.273,1236.922,1241.787,1248.354,1251.517,1255.652,1260.274,1261.49,1267.084,1269.517,1276.814,1277.787,1288.49,1292.869,1301.139,1308.923,1318.653,1323.031,1327.896,1223.825,1224.129,1224.539,1224.927,1225.581,1226.098,1227.055,1227.77,1229.412,1230.598,1231.875,1232.787,1234.307,1235.645,1236.8,1238.381,1241.422,1244.706,1247.625,1249.328,1254.436,1258.571,1260.76,1265.139,1272.436,1280.706,1288.49,1297.247,1300.652,1304.058,1303.085,1306.49,1310.382,1315.734,1322.545,1332.275,1340.545,1239.354,1239.62,1239.947,1240.35,1241.346,1242.365,1243.642,1244.615,1245.74,1246.348,1247.442,1249.875,1250.665,1252.672,1255.165,1258.814,1263.193,1265.382,1268.057,1270.49,1271.463,1000,1000,1000,1000,1000,1000,1000,1000,1258.753,1000,1000,1321.572,1306.004,1302.599,1297.734,1297.734,1306.004,1313.788,1316.22,1324.004,1332.275,1338.112,1350.761,1358.059,1254.998,1255.188,1255.621,1255.796,1256.29,1257.339,1257.811,1258.753,1259.848,1261.307,1262.341,1261.49,1000,1000,1000,1000,1155.191,1147.407,1142.056,1138.65,1136.704,1136.704,1136.704,1136.704,1138.65,1138.65,1138.65,1138.65,1138.65,1138.65,1138.65,1137.677,1137.677,1136.218,1135.245,1132.813,1130.38,1126.975,1125.515,1121.623,1120.164,1118.704,1117.245,1115.299,1115.299,1114.569,1114.569,1113.839,1113.839,1113.109,1112.38,1111.65,1111.65,1112.38,1113.109,1113.839,1113.109,1114.569,1115.299,1116.029,1116.029,1117.245,1117.245,1117.245,1118.218,1118.704,1119.677,1121.137,1121.623,1122.596,1123.083,1124.056,1124.056,1124.056,1124.056,1125.029,1125.515,1126.488,1126.975,1126.975,1126.975,1126.975,1126.975,1127.948,1128.921,1129.407,1130.38,1130.38,1129.407,1130.38,1129.407,1129.407,1129.407,1130.38,1131.839,1132.813,1134.272,1135.245,1135.245,1134.272,1134.272,1134.272,1133.786,1132.813,1130.38,1127.948,1126.975,1125.515,1125.029,1125.029,1126.488,1128.921,1132.813,1133.786,1138.65,1140.596,1142.056,1148.38,1152.272,1156.164,1159.083,1162.002,1166.867,1175.137,1068.656,1069.903,1071.788,1074.312,1074.92,1075.71,1075.954,1076.379,1076.379,1076.866,1077.109,1078.386,1000,1000,1000,1000,1140.984,1140.49,1140.376,1140.376,1140.338,1140.3,1140.452,1000,1000,1000,1155.054,1155.921,1000,1000,1000,1000,1434.316,1442.344,1449.276,1451.952,1456.573,1000,1000,1000,1182.678,1179.759,1180.246,1176.354,1177.083,1176.354,1177.083,1175.381,1177.57,1000,1000,1000,1000,1000,1000,1000,1000,1000,1000,1000,1000,1000,1000,1000,1000,1000,1000,1000,1000,1000,1000,1000,1000,1000,1512.52,1517.628,1516.169,1523.466,1526.385,1534.656,1558.007,1486.873,1489.26,1490.78,1492.878,1493.668,1498.655,1507.047,1513.371,1522.736,1537.331,1000,1000,1000,1000,1511.053,1511.464,1512.733,1513.25,1515.652,1519.331,1524.682,1528.939,1536.723,1537.696,1538.547,1537.21,1534.534,1531.25,1528.209,1525.047,1521.703,1517.932,1513.676,1511.547,1510.11,1592.062,1578.44,1557.521,1540.493,1535.142,1523.953,1513.371,1507.047,1502.669,1495.493,1491.236,1488.804,1486.911,1562.872,1552.169,1532.223,1517.628,1510.574,1511.304,1503.52,1507.412,1508.628,1523.466,1536.115,1556.061,1566.764,1582.818,1486.493,1000,1000,1000,1000,1678.657,1654.333,1644.36,1000,1000,1000,1000,1000,1000,1000,1000,1000,1000,1000,1000,1000,1000,1000,1000,1000,1000,1000,1000,1000,1000,1000,1000,1000,1000,1000,1000,1000,1000,1000,1000,1000,1000,1000,1000,1624.17,1626.359,1620.765,1614.927,1608.116,1602.339,1595.254,1593.103,1591.879,1680.117,1658.225,1643.63,1627.576,1617.116,1608.602,1601.305,1593.521,1584.156,1576.494,1570.717,1565.859,1564.674,1660.657,1643.63,1627.089,1616.386,1601.792,1587.197,1572.359,1565.791,1558.494,1551.014,1544.933,1540.63,1538.297,1537.354,1619.305,1602.764,1581.845,1567.494,1553.629,1548.277,1539.034,1533.682,1526.02,1519.088,1513.828,1511.289,1510.11,1603.251,1590.116,1572.115,1557.521,1546.818,1530.764,1518.601,1514.709,1505.952,1500.115,1496.223,1492.118,1488.195,1487.306,1486.569,1576.007,1563.845,1547.304,1532.709,1519.088,1503.033,1494.52,1485.276,1476.52,1473.844,1468.736,1464.509,1463.384,1461.56,1459.667,1551.683,1541.466,1521.52,1505.466,1500.601,1497.682,1000,1000,1000,1000,1000,1000,1000,1000,1000,1000,1000,1000,1000,1000,1000,1000,1000,1000,1000,1000,1000,1000,1000,1000,1000,1000,1000,1000,1000,1000,1000,1000,1000,1000,1000,1000,1000,1000,1000,1000,1000,1000,1000,1000,1000,1000,1000,1000
1179.333,1179.675,1180.17,1181.127,1181.796,1182.572,1183.165,1184.29,1185.415,1186.874,1188.759,1190.888,1192.043,1193.867,1194.84,1198.489,1199.219,1202.381,1205.057,1208.219,1211.138,1214.786,1219.895,1222.814,1227.192,1232.3,1237.895,1240.814,1245.679,1250.057,1258.328,1261.247,1270.976,1274.868,1280.706,1283.625,1291.896,1300.652,1192.727,1193.031,1193.464,1194.019,1194.354,1195.418,1196.33,1197.242,1198.459,1199.644,1200.496,1202.624,1203.415,1205.117,1208.219,1210.286,1212.476,1214.057,1217.341,1219.53,1222.327,1224.76,1228.895,1231.084,1237.652,1240.814,1247.382,1249.571,1257.355,1262.22,1266.111,1268.057,1274.868,1284.598,1294.328,1306.49,1315.247,1208.333,1208.447,1208.523,1208.721,1209.215,1209.587,1210.53,1211.624,1213.327,1214.209,1214.422,1215.395,1217.219,1219.834,1222.145,1224.395,1226.949,1228.043,1229.138,1229.989,1233.273,1235.098,1240.327,1245.192,1251.517,1254.436,1260.274,1261.49,1266.598,1269.517,1276.814,1278.76,1286.544,1291.896,1301.139,1308.923,1317.68,1324.977,1330.815,1223.977,1224.167,1224.539,1224.722,1225.231,1225.991,1226.675,1227.618,1228.895,1230.78,1231.631,1232.543,1233.76,1235.645,1236.8,1239.354,1241.787,1244.341,1246.773,1249.814,1252.976,1253.949,1259.057,1263.922,1267.571,1279.247,1288.49,1296.76,1298.22,1301.625,1302.112,1306.49,1311.842,1316.707,1324.491,1331.302,1339.572,1348.329,1239.544,1239.856,1240.229,1241.057,1241.772,1242.897,1244.463,1245.557,1246.53,1247.868,1249.084,1252.064,1252.976,1255.165,1258.084,1261.49,1263.193,1266.72,1269.031,1269.031,1000,1000,1000,1000,1000,1000,1000,1264.166,1259.666,1257.568,1255.424,1328.383,1312.815,1306.49,1300.652,1297.004,1304.058,1309.896,1312.815,1320.599,1330.328,1338.112,1353.194,1359.032,1363.896,1255.15,1255.515,1255.735,1256.366,1257.339,1258.464,1259.057,1260.547,1261.307,1261.307,1261.733,1000,1000,1000,1000,1157.137,1148.38,1144.002,1139.623,1138.65,1137.677,1137.677,1137.677,1138.65,1138.65,1139.623,1138.65,1139.623,1138.65,1138.65,1136.704,1136.704,1135.245,1134.272,1132.813,1131.353,1127.948,1125.515,1121.623,1120.164,1118.704,1117.245,1116.029,1116.029,1116.029,1116.029,1115.299,1114.569,1114.569,1113.109,1113.109,1113.109,1114.569,1114.569,1115.299,1115.299,1116.029,1116.758,1116.758,1117.245,1118.704,1119.677,1119.677,1120.164,1120.164,1120.164,1121.623,1122.596,1124.056,1125.029,1125.515,1126.488,1126.488,1126.488,1126.975,1126.975,1127.948,1129.407,1128.921,1128.921,1128.921,1128.921,1129.407,1130.38,1131.353,1131.839,1131.839,1131.353,1131.839,1131.839,1131.839,1131.839,1132.813,1133.786,1135.245,1136.218,1136.704,1136.704,1136.218,1135.245,1134.272,1133.786,1130.38,1128.921,1126.488,1125.515,1125.029,1125.515,1125.029,1125.515,1127.948,1129.407,1132.813,1134.272,1139.623,1143.029,1147.407,1151.299,1152.272,1152.272,1157.137,1165.894,1176.11,1068.755,1070.754,1072.396,1073.917,1074.677,1075.528,1075.71,1076.623,1076.623,1077.352,1077.352,1078.629,1000,1000,1000,1000,1141.106,1140.528,1140.3,1140.262,1140.224,1140.224,1140.376,1000,1000,1155.191,1156.529,1157.046,1000,1000,1000,1000,1439.181,1446.114,1451.465,1457.06,1463.141,1000,1000,1000,1188.759,1180.246,1180.975,1177.083,1177.57,1175.867,1176.354,1174.408,1176.354,1000,1000,1000,1000,1000,1000,1423.735,1419.235,1000,1000,1000,1000,1000,1000,1000,1000,1000,1000,1000,1000,1000,1000,1000,1000,1000,1000,1513.979,1510.574,1518.115,1530.277,1544.872,1568.71,1487.192,1489.625,1491.601,1493.486,1493.912,1501.696,1510.696,1516.655,1526.628,1537.818,1550.71,1566.764,1589.143,1604.224,1510.072,1510.346,1511.638,1513.25,1516.23,1520.912,1526.75,1528.574,1536.237,1536.723,1536.723,1535.385,1534.047,1530.034,1527.48,1523.466,1519.818,1515.834,1512.854,1511.372,1510.262,1601.305,1588.17,1565.791,1544.872,1537.818,1524.926,1513.371,1506.682,1502.06,1495.25,1490.932,1488.287,1486.797,1563.845,1547.304,1528.818,1515.439,1506.682,1506.196,1499.385,1504.979,1505.466,1519.574,1537.574,1552.169,1562.872,1580.872,1486.569,1000,1000,1000,1000,1673.792,1649.224,1639.008,1000,1000,1000,1000,1000,1000,1000,1000,1000,1000,1000,1000,1000,1000,1000,1000,1000,1000,1000,1000,1000,1000,1000,1000,1000,1000,1000,1000,1000,1000,1000,1000,1000,1000,1000,1000,1619.427,1621.251,1618.94,1611.765,1607.386,1601.305,1595.558,1592.51,1591.689,1666.981,1650.927,1639.738,1627.089,1615.656,1609.332,1601.305,1590.359,1583.062,1574.852,1569.44,1565.396,1564.833,1564.408,1644.603,1629.035,1620.765,1603.737,1584.521,1572.359,1565.791,1556.912,1551.318,1546.088,1541.831,1538.791,1537.681,1624.657,1602.764,1584.278,1569.683,1553.629,1547.791,1540.007,1533.682,1525.655,1518.358,1513.387,1510.909,1509.958,1602.278,1591.089,1571.142,1557.521,1546.818,1529.061,1517.142,1512.034,1504.128,1498.959,1495.979,1492.3,1488.195,1000,1486.569,1567.737,1556.061,1543.899,1527.845,1512.034,1501.817,1492.817,1483.452,1476.885,1474.452,1469.222,1464.509,1463.232,1461.149,1459.477,1546.331,1540.493,1520.547,1503.033,1495.736,1492.087,1000,1000,1000,1000,1000,1000,1000,1000,1000,1000,1000,1000,1000,1000,1000,1000,1000,1000,1000,1000,1000,1000,1000,1000,1000,1000,1000,1000,1000,1000,1000,1000,1000,1000,1000,1000,1000,1000,1000,1000,1000,1000,1000,1000,1000,1000,1000,1000
1179.409,1179.729,1180.314,1180.93,1181.675,1182.298,1183.012,1183.955,1184.837,1186.023,1187.543,1190.097,1190.644,1193.624,1195.57,1197.394,1199.219,1202.016,1205.057,1207.732,1209.678,1213.814,1218.192,1221.111,1225.976,1232.3,1236.679,1241.787,1246.165,1250.057,1256.868,1261.733,1270.003,1273.895,1278.76,1284.598,1290.436,1300.652,1192.651,1193.069,1193.153,1193.715,1194.27,1195.175,1196.193,1197.242,1198.276,1199.219,1200.253,1201.651,1203.719,1205.117,1207.489,1209.922,1211.016,1214.057,1216.489,1218.192,1220.868,1224.273,1228.408,1230.111,1234.733,1239.598,1243.49,1248.111,1253.949,1257.355,1263.193,1269.517,1274.868,1284.598,1294.328,1307.463,1315.247,1208.485,1208.409,1208.637,1208.721,1209.093,1209.587,1210.119,1211.624,1212.202,1212.354,1213.479,1215.03,1215.82,1218.192,1221.233,1224.395,1227.679,1228.408,1230.354,1231.206,1233.273,1235.098,1240.814,1244.463,1249.084,1252.49,1257.598,1260.274,1266.598,1269.517,1279.247,1281.193,1288.49,1292.869,1300.166,1306.004,1315.734,1322.058,1327.896,1223.901,1223.977,1224.486,1224.782,1225.231,1225.687,1226.675,1227.192,1228.895,1229.989,1231.206,1231.875,1233.03,1234.55,1236.8,1239.598,1242.517,1245.192,1247.99,1252.976,1254.922,1255.409,1258.084,1262.22,1269.517,1278.517,1290.436,1298.22,1300.652,1302.112,1304.058,1306.49,1309.409,1315.734,1322.545,1330.328,1337.626,1347.356,1239.582,1239.947,1240.289,1240.882,1241.346,1242.486,1243.794,1244.797,1246.53,1248.598,1249.084,1250.665,1252.672,1255.165,1258.814,1262.341,1265.747,1267.571,1270.003,1269.517,1000,1000,1000,1000,1000,1000,1000,1000,1000,1257.811,1255.264,1334.22,1314.761,1309.896,1302.599,1299.193,1305.031,1308.923,1312.328,1319.626,1330.328,1335.193,1348.815,1356.113,1254.922,1255.112,1255.515,1255.675,1256.366,1257.339,1258.328,1259.057,1259.848,1261.49,1261.125,1260.73,1000,1000,1000,1000,1158.11,1149.353,1144.002,1139.623,1137.677,1136.218,1136.704,1136.704,1137.677,1137.677,1138.65,1137.677,1138.65,1137.677,1137.677,1136.704,1136.218,1134.272,1133.786,1131.839,1130.38,1127.948,1125.515,1122.596,1121.137,1119.677,1118.218,1117.245,1118.218,1118.218,1118.218,1117.245,1116.029,1115.299,1113.839,1114.569,1114.569,1116.029,1116.758,1118.218,1117.245,1118.218,1118.218,1118.704,1118.704,1120.164,1120.164,1121.137,1121.623,1121.623,1121.623,1123.083,1123.083,1125.029,1125.515,1127.948,1127.948,1128.921,1128.921,1129.407,1128.921,1130.38,1131.353,1130.38,1130.38,1131.353,1131.353,1131.839,1132.813,1132.813,1133.786,1132.813,1132.813,1132.813,1133.786,1133.786,1134.272,1135.245,1136.218,1136.704,1137.677,1138.65,1138.65,1137.677,1136.704,1136.218,1133.786,1131.353,1127.948,1126.488,1125.515,1125.515,1123.083,1125.029,1126.488,1128.921,1131.353,1133.786,1136.218,1137.677,1142.056,1144.002,1147.407,1150.326,1152.272,1158.11,1169.786,1068.337,1069.318,1071.514,1072.852,1074.312,1074.92,1075.528,1075.954,1076.866,1076.866,1077.596,1077.839,1079.42,1000,1000,1000,1000,1141.318,1140.528,1140.338,1140.224,1140.224,1140.186,1140.338,1000,1000,1156.377,1157.228,1158.171,1159.874,1000,1000,1442.708,1442.344,1447.087,1452.438,1461.438,1469.952,1482.601,1000,1000,1191.435,1180.246,1180.246,1176.354,1177.083,1175.867,1175.867,1173.678,1176.354,1000,1000,1000,1000,1000,1000,1000,1000,1000,1000,1000,1000,1000,1000,1000,1000,1000,1000,1000,1000,1000,1000,1000,1000,1000,1000,1516.898,1515.439,1519.574,1533.682,1552.169,1577.953,1487.428,1489.503,1490.324,1491.418,1491.753,1000,1000,1000,1000,1533.439,1551.196,1569.196,1589.143,1602.278,1509.92,1510.148,1511.372,1512.976,1515.834,1522.007,1528.574,1529.669,1535.385,1534.899,1534.047,1532.831,1531.98,1528.574,1525.047,1521.459,1517.932,1514.77,1512.155,1510.779,1510.148,1601.305,1586.224,1564.332,1546.331,1534.656,1524.439,1513.371,1505.588,1501.088,1495.493,1490.932,1488.484,1486.797,1565.791,1548.277,1530.277,1518.115,1510.088,1506.196,1500.115,1501.331,1502.547,1512.034,1529.791,1545.845,1558.98,1573.088,1578.926,1000,1000,1000,1701.036,1667.468,1643.63,1634.873,1000,1000,1000,1000,1000,1000,1000,1000,1000,1000,1000,1000,1000,1000,1000,1000,1000,1000,1000,1000,1000,1000,1000,1000,1000,1000,1000,1000,1000,1000,1000,1000,1000,1000,1000,1618.94,1618.454,1621.738,1617.603,1609.94,1606.413,1601.548,1595.71,1592.639,1591.917,1674.765,1654.333,1640.224,1624.657,1611.765,1602.764,1594.981,1587.683,1580.872,1574.852,1569.44,1565.616,1564.674,1660.657,1639.738,1628.062,1611.521,1595.954,1579.656,1569.196,1562.629,1555.088,1550.406,1545.358,1542.014,1538.882,1537.734,1624.657,1599.845,1580.386,1563.845,1549.494,1542.439,1533.682,1529.304,1523.466,1517.932,1513.676,1511.372,1510.11,1604.224,1589.143,1571.142,1552.169,1540.493,1525.655,1513.371,1510.331,1502.669,1498.351,1494.763,1491.935,1488.021,1487.245,1582.818,1568.71,1556.061,1542.926,1524.926,1511.304,1499.385,1490.871,1482.601,1476.885,1473.479,1468.979,1464.692,1463.232,1461.149,1459.591,1553.629,1543.412,1521.52,1505.466,1492.087,1485.276,1000,1000,1000,1000,1000,1000,1000,1000,1000,1000,1000,1000,1000,1000,1000,1000,1000,1000,1000,1000,1000,1000,1000,1000,1000,1000,1000,1000,1000,1000,1000,1000,1000,1000,1000,1000,1000,1000,1000,1000,1000,1000,1000,1000,1000,1000,1000,1000
1179.409,1179.675,1180.094,1180.648,1181.234,1181.796,1182.572,1183.621,1184.472,1185.232,1186.631,1188.759,1189.55,1192.043,1193.624,1195.57,1197.759,1201.651,1205.057,1207.732,1210.165,1213.814,1216.976,1220.381,1226.462,1233.03,1236.679,1239.354,1243.733,1250.057,1254.922,1261.733,1268.057,1273.895,1278.76,1284.598,1290.436,1298.707,1303.571,1192.955,1193.069,1193.525,1193.936,1194.856,1195.661,1196.938,1197.911,1199.036,1200.07,1201.165,1202.928,1205.117,1206.577,1209.192,1211.381,1212.841,1215.638,1217.341,1220.503,1222.814,1226.219,1228.895,1234.733,1236.922,1242.76,1246.652,1253.949,1258.328,1263.193,1268.544,1274.868,1284.598,1294.328,1310.382,1315.247,1208.409,1208.371,1208.485,1208.637,1208.971,1209.427,1210.013,1211.229,1212.05,1212.962,1213.479,1215.03,1215.395,1217.949,1221.537,1225.489,1227.679,1230.354,1230.841,1231.206,1234.611,1236.071,1240.327,1243.976,1247.868,1249.571,1255.652,1260.274,1266.598,1270.976,1278.76,1281.679,1289.463,1291.896,1298.22,1306.977,1313.788,1321.085,1326.923,1223.863,1224.015,1224.334,1224.6,1225.071,1225.406,1226.204,1226.918,1228.226,1229.412,1230.354,1231.631,1232.787,1234.064,1236.253,1238.381,1241.057,1244.341,1247.138,1249.328,1252.976,1254.922,1256.382,1260.76,1268.057,1279.247,1286.544,1297.247,1299.68,1302.112,1305.031,1308.436,1314.761,1320.599,1326.437,1332.275,1337.626,1347.356,1239.658,1240,1240.289,1240.799,1241.057,1242,1243.186,1244.797,1246.348,1248.111,1249.084,1250.422,1252.976,1255.165,1259.179,1261.976,1264.895,1267.206,1268.544,1268.544,1000,1000,1000,1000,1000,1000,1000,1000,1261.307,1258.464,1255.986,1350.761,1323.031,1312.815,1300.652,1298.22,1303.571,1307.95,1308.923,1319.626,1328.383,1334.22,1346.869,1353.194,1362.924,1255.036,1255.424,1255.675,1256.29,1257.02,1258.191,1258.753,1260.03,1260.912,1261.125,1261.125,1000,1000,1000,1000,1160.056,1151.299,1145.461,1141.083,1138.65,1136.704,1137.677,1137.677,1137.677,1137.677,1138.65,1137.677,1137.677,1137.677,1136.704,1136.218,1136.218,1135.245,1134.272,1131.839,1130.38,1127.948,1125.515,1123.083,1121.623,1120.164,1119.677,1119.677,1119.677,1119.677,1120.164,1119.677,1118.704,1117.245,1116.029,1116.758,1116.758,1117.245,1118.218,1118.704,1118.704,1118.704,1119.677,1120.164,1121.137,1121.623,1121.623,1122.596,1123.083,1123.083,1124.056,1125.515,1125.029,1126.488,1126.975,1128.921,1128.921,1129.407,1129.407,1130.38,1130.38,1131.839,1132.813,1132.813,1131.839,1132.813,1132.813,1133.786,1134.272,1134.272,1136.218,1135.245,1134.272,1135.245,1135.245,1135.245,1136.218,1136.704,1137.677,1137.677,1139.623,1140.596,1140.596,1140.596,1139.623,1136.704,1133.786,1130.38,1127.948,1126.488,1125.029,1125.515,1125.515,1125.515,1125.515,1126.975,1130.38,1130.38,1135.245,1139.623,1142.056,1145.461,1147.407,1151.299,1154.218,1162.002,1177.083,1068.862,1070.754,1072.548,1073.552,1074.677,1075.102,1075.71,1076.197,1077.109,1077.352,1078.629,1079.42,1000,1000,1000,1000,1000,1000,1140.566,1140.3,1140.262,1140.224,1140.224,1140.452,1000,1000,1156.894,1157.989,1158.353,1162.063,1000,1000,1445.141,1446.6,1451.952,1458.276,1468.492,1477.736,1491.358,1491.358,1000,1000,1182.678,1180.246,1175.867,1175.867,1174.894,1174.894,1172.705,1175.867,1000,1000,1000,1000,1000,1000,1000,1000,1000,1000,1000,1000,1000,1000,1000,1000,1000,1000,1000,1000,1000,1000,1000,1000,1000,1510.088,1514.709,1000,1519.088,1528.818,1550.223,1564.818,1486.835,1487.777,1489.381,1491.084,1493.912,1000,1000,1000,1000,1000,1541.223,1561.899,1580.386,1594.008,1608.116,1510.034,1000,1512.262,1516.047,1522.311,1527.48,1528.939,1534.534,1533.682,1530.764,1530.764,1530.034,1526.02,1523.162,1520.608,1516.655,1513.828,1511.638,1510.3,1609.089,1594.008,1575.521,1557.521,1542.683,1532.223,1522.25,1509.479,1501.088,1497.256,1493.304,1489.761,1488.195,1486.873,1568.71,1547.304,1531.25,1517.628,1510.088,1504.25,1500.115,1503.033,1506.682,1513.979,1535.142,1547.304,1552.169,1566.764,1570.656,1000,1000,1000,1682.549,1663.576,1647.765,1639.738,1000,1000,1000,1000,1000,1000,1000,1000,1000,1000,1000,1000,1000,1000,1000,1000,1000,1000,1000,1000,1000,1000,1000,1000,1000,1000,1000,1000,1000,1000,1000,1000,1000,1000,1000,1618.454,1000,1618.94,1612.981,1607.751,1604.042,1600.089,1595.254,1592.86,1591.917,1675.738,1656.279,1642.657,1626.116,1613.711,1605.197,1595.467,1587.318,1581.602,1575.399,1570.322,1566.125,1564.879,1656.765,1635.846,1619.305,1609.089,1594.008,1579.17,1569.683,1562.629,1553.994,1549.554,1544.689,1541.679,1539.186,1537.901,1623.684,1592.062,1574.548,1558.007,1547.304,1536.723,1529.669,1525.412,1520.912,1516.838,1513.979,1511.745,1510.224,1603.251,1582.332,1559.467,1546.331,1537.818,1524.439,1513.858,1509.844,1502.06,1497.013,1493.912,1490.932,1487.777,1486.949,1575.034,1558.007,1548.277,1538.547,1523.466,1512.034,1501.817,1492.817,1483.452,1477.614,1472.871,1467.337,1463.536,1462.138,1460.458,1459.591,1459.249,1548.764,1526.872,1510.331,1493.547,1480.898,1000,1000,1000,1000,1000,1000,1000,1000,1000,1000,1000,1000,1000,1000,1000,1000,1000,1000,1000,1000,1000,1000,1000,1000,1000,1000,1000,1000,1000,1000,1000,1000,1000,1000,1000,1000,1000,1000,1000,1000,1000,1000,1000,1000,1000,1000,1000,1000
1179.371,1179.622,1180.094,1180.648,1181.234,1181.796,1182.298,1183.165,1183.621,1184.654,1185.84,1188.029,1189.307,1190.888,1193.259,1195.57,1198.124,1201.165,1205.422,1208.219,1210.651,1214.786,1216.976,1221.597,1225.246,1232.3,1235.219,1240.327,1243.246,1249.571,1256.868,1262.706,1270.003,1275.841,1280.706,1286.544,1293.842,1301.625,1192.765,1192.879,1193.031,1193.525,1194.019,1195.068,1195.661,1196.786,1197.759,1198.459,1199.462,1200.922,1202.138,1203.962,1205.361,1208.827,1210.286,1212.476,1214.057,1215.638,1219.53,1221.841,1226.949,1231.814,1232.787,1236.922,1240.814,1245.922,1248.841,1255.409,1261.247,1265.625,1273.895,1282.652,1292.382,1306.49,1316.22,1208.447,1208.447,1208.523,1208.637,1208.865,1209.283,1209.663,1210.636,1211.351,1212.354,1213.327,1214.604,1215.395,1217.949,1220.685,1223.422,1227.679,1229.625,1230.841,1231.571,1235.584,1236.071,1239.354,1243.003,1246.652,1249.571,1255.165,1259.544,1267.084,1272.922,1278.76,1281.193,1288.49,1291.896,1296.274,1304.058,1311.842,1319.626,1323.031,1330.815,1223.977,1224.243,1224.661,1225.155,1225.581,1226.31,1226.918,1228.378,1229.229,1230.78,1231.206,1233.03,1233.516,1235.645,1238.381,1241.057,1243.976,1246.773,1247.99,1252.003,1256.382,1255.895,1261.733,1269.517,1279.247,1286.544,1295.788,1296.76,1299.193,1299.68,1308.436,1310.382,1319.626,1327.41,1332.275,1339.572,1239.354,1239.658,1239.902,1240.289,1240.882,1241.148,1241.878,1242.897,1244.979,1246.165,1247.442,1249.328,1250.969,1253.28,1255.53,1259.544,1261.976,1264.409,1265.382,1267.571,1266.233,1000,1000,1000,1000,1000,1000,1000,1267.936,1261.49,1258.753,1256.062,1356.113,1333.248,1318.653,1305.031,1300.652,1305.031,1307.463,1310.382,1318.653,1327.41,1333.248,1347.842,1354.167,1360.978,1255.112,1255.424,1255.568,1256.062,1256.625,1257.568,1258.328,1259.666,1260.547,1261.125,1261.49,1000,1000,1000,1000,1160.056,1151.299,1145.461,1141.083,1138.65,1136.704,1138.65,1138.65,1138.65,1138.65,1138.65,1137.677,1137.677,1136.704,1136.704,1136.704,1136.218,1134.272,1134.272,1131.839,1130.38,1127.948,1126.488,1124.056,1122.596,1121.137,1121.137,1121.137,1121.137,1121.137,1121.623,1121.137,1120.164,1118.704,1118.218,1118.218,1118.218,1119.677,1119.677,1120.164,1120.164,1121.137,1121.137,1121.623,1122.596,1123.083,1123.083,1124.056,1124.056,1125.029,1125.515,1126.975,1126.975,1128.921,1129.407,1130.38,1130.38,1130.38,1131.353,1131.839,1131.353,1132.813,1133.786,1133.786,1132.813,1134.272,1133.786,1135.245,1135.245,1136.218,1136.704,1136.704,1136.704,1136.704,1137.677,1136.704,1137.677,1137.677,1138.65,1139.623,1141.083,1142.056,1142.056,1143.029,1141.083,1138.65,1131.839,1131.353,1126.975,1127.948,1123.083,1124.056,1124.056,1125.029,1125.029,1125.515,1129.407,1132.813,1136.218,1138.65,1142.056,1144.975,1147.407,1153.245,1160.056,1175.137,1068.337,1069.812,1071.788,1073.035,1074.312,1074.92,1075.528,1076.197,1076.623,1077.352,1077.839,1078.873,1079.724,1000,1000,1000,1000,1000,1000,1140.566,1140.3,1140.224,1140.186,1140.148,1140.338,1000,1000,1157.228,1157.989,1158.779,1163.097,1000,1000,1449.762,1453.654,1457.79,1463.871,1472.141,1483.087,1494.763,1499.141,1000,1000,1183.894,1178.543,1174.408,1174.894,1173.678,1173.678,1173.191,1175.867,1000,1000,1000,1000,1000,1000,1000,1000,1000,1000,1000,1000,1000,1000,1000,1000,1000,1000,1000,1000,1000,1000,1000,1000,1000,1000,1519.088,1510.574,1519.088,1525.899,1541.466,1556.061,1582.818,1486.911,1488.393,1490.035,1000,1000,1000,1000,1527.358,1532.709,1549.737,1564.818,1584.278,1597.9,1000,1000,1000,1000,1000,1000,1529.304,1530.399,1531.25,1529.669,1526.02,1000,1527.115,1000,1000,1521.459,1515.652,1000,1510.544,1604.224,1590.116,1577.467,1564.818,1552.169,1537.818,1528.574,1520.061,1509.844,1501.331,1497.013,1493.668,1489.898,1487.777,1486.683,1569.683,1547.304,1534.656,1524.926,1515.439,1506.196,1501.817,1506.682,1504.979,1511.304,1534.656,1546.331,1549.25,1569.683,1575.034,1000,1000,1000,1681.576,1661.144,1647.765,1639.738,1000,1000,1000,1000,1000,1000,1000,1000,1000,1000,1000,1000,1000,1000,1000,1000,1000,1000,1000,1000,1000,1000,1000,1000,1000,1000,1000,1000,1000,1000,1000,1000,1000,1000,1000,1000,1000,1612.494,1609.575,1605.501,1603.19,1599.845,1595.406,1592.86,1591.841,1672.819,1653.36,1637.792,1623.197,1609.332,1600.575,1592.548,1585.737,1580.872,1574.852,1570.717,1566.43,1564.879,1652.873,1632.927,1617.359,1607.629,1594.737,1582.089,1569.683,1561.291,1552.899,1548.156,1544.507,1541.831,1539.505,1538.023,1623.684,1589.143,1574.061,1556.791,1545.115,1534.534,1528.939,1524.074,1519.818,1517.689,1515.287,1512.49,1510.719,1509.996,1592.062,1567.737,1548.277,1537.818,1523.466,1512.52,1508.263,1499.506,1495.736,1493.912,1491.236,1488.112,1487.489,1486.607,1565.791,1549.25,1538.547,1520.547,1509.358,1500.115,1491.844,1481.871,1475.79,1470.56,1465.817,1462.791,1461.56,1460.184,1459.515,1558.494,1544.385,1524.926,1510.331,1492.817,1000,1000,1000,1000,1000,1000,1000,1000,1000,1000,1000,1000,1000,1000,1000,1000,1000,1000,1000,1000,1000,1000,1000,1000,1000,1000,1000,1000,1000,1000,1000,1000,1000,1000,1000,1000,1000,1000,1000,1000,1000,1000,1000,1000,1000,1000,1000,1000,1000
1179.181,1179.447,1179.843,1180.314,1180.93,1181.796,1182.298,1183.165,1183.621,1184.654,1185.597,1187.543,1188.273,1190.888,1192.955,1195.205,1197.759,1201.165,1205.422,1209.192,1210.651,1215.273,1217.462,1222.814,1227.679,1233.03,1235.949,1240.814,1242.273,1248.598,1254.436,1262.706,1268.057,1274.868,1280.706,1285.571,1291.896,1296.76,1192.689,1192.955,1193.198,1193.586,1194.095,1194.856,1195.54,1196.193,1196.938,1197.759,1198.094,1200.07,1201.165,1202.928,1205.665,1208.827,1209.922,1212.111,1214.057,1215.638,1218.678,1221.841,1225.733,1228.408,1232.787,1236.922,1240.084,1245.436,1250.301,1255.895,1259.301,1266.111,1272.922,1282.652,1293.355,1305.517,1316.22,1208.295,1208.409,1208.447,1208.561,1208.675,1208.971,1209.359,1210.21,1211.229,1212.05,1213.145,1214.604,1215.82,1217.705,1220.381,1223.787,1225.854,1228.043,1228.773,1232.422,1233.76,1237.408,1239.354,1243.003,1245.679,1249.084,1254.436,1260.274,1267.084,1272.436,1277.787,1282.652,1286.058,1292.869,1297.247,1304.058,1312.815,1319.626,1323.031,1332.761,1223.939,1224.243,1224.539,1225.071,1225.581,1225.991,1226.797,1227.922,1228.895,1230.598,1231.388,1232.543,1233.516,1235.645,1238.017,1240.692,1242.881,1245.192,1249.328,1251.152,1253.949,1256.868,1262.949,1268.787,1277.787,1283.625,1294.328,1294.328,1299.68,1302.112,1310.869,1315.734,1321.572,1327.41,1332.275,1338.599,1346.383,1239.582,1239.856,1240.35,1240.799,1241.148,1241.665,1242.897,1244.28,1246.165,1247.625,1249.328,1250.665,1253.584,1255.895,1258.814,1260.76,1262.706,1263.193,1265.747,1264.409,1000,1000,1000,1000,1000,1000,1000,1000,1260.73,1258.328,1255.796,1352.221,1330.328,1316.22,1306.49,1302.112,1308.923,1312.815,1316.22,1324.977,1333.248,1334.22,1343.95,1350.761,1361.951,1254.922,1255.378,1255.469,1255.986,1256.541,1257.127,1258.464,1259.666,1260.182,1261.307,1260.912,1000,1000,1000,1000,1162.002,1154.218,1147.407,1144.002,1140.596,1138.65,1139.623,1139.623,1138.65,1139.623,1138.65,1137.677,1137.677,1137.677,1137.677,1137.677,1136.704,1135.245,1134.272,1131.839,1130.38,1128.921,1126.488,1125.029,1123.083,1122.596,1122.596,1122.596,1122.596,1123.083,1124.056,1122.596,1121.623,1120.164,1119.677,1118.704,1119.677,1120.164,1120.164,1121.137,1121.137,1121.623,1122.596,1122.596,1123.083,1124.056,1124.056,1125.029,1125.515,1126.488,1126.975,1128.921,1128.921,1130.38,1131.353,1132.813,1132.813,1132.813,1132.813,1133.786,1132.813,1134.272,1136.218,1136.218,1135.245,1136.218,1135.245,1136.218,1136.218,1137.677,1138.65,1138.65,1139.623,1139.623,1138.65,1139.623,1139.623,1140.596,1139.623,1141.083,1142.056,1143.029,1143.029,1144.002,1142.056,1137.677,1134.272,1131.353,1127.948,1126.975,1125.029,1125.029,1125.029,1127.948,1127.948,1128.921,1130.38,1131.353,1134.272,1138.65,1141.083,1146.434,1149.353,1161.029,1169.786,1068.489,1069.394,1070.876,1072.244,1073.369,1074.312,1074.92,1075.528,1076.197,1076.623,1077.109,1078.082,1079.42,1080.575,1000,1000,1000,1000,1000,1000,1140.528,1140.224,1140.148,1140.148,1140.11,1140.3,1000,1000,1156.529,1157.593,1158.962,1161.759,1000,1000,1450.735,1454.141,1458.763,1467.276,1473.357,1480.168,1491.358,1494.763,1000,1000,1183.894,1178.056,1174.408,1174.408,1172.705,1172.218,1171.732,1174.894,1000,1000,1000,1000,1000,1000,1000,1000,1000,1000,1000,1000,1000,1000,1000,1000,1000,1000,1000,1000,1000,1000,1000,1000,1000,1000,1000,1000,1000,1000,1000,1000,1000,1000,1000,1000,1000,1000,1000,1000,1000,1549.737,1000,1000,1000,1000,1000,1000,1000,1000,1000,1000,1000,1000,1531.98,1000,1000,1000,1000,1000,1000,1000,1000,1000,1000,1577.467,1568.71,1564.332,1553.629,1539.277,1530.764,1521.763,1515.682,1507.412,1500.723,1496.223,1493.06,1490.172,1487.701,1486.531,1566.764,1550.223,1537.088,1527.358,1516.169,1504.979,1498.898,1503.033,1503.52,1513.25,1537.574,1546.331,1554.115,1572.115,1576.007,1000,1000,1000,1687.414,1667.468,1651.414,1642.9,1635.359,1000,1000,1000,1000,1000,1000,1000,1000,1000,1000,1000,1000,1000,1000,1000,1000,1000,1000,1000,1000,1000,1000,1000,1000,1000,1000,1000,1000,1000,1000,1000,1000,1000,1603.737,1000,1606.17,1608.481,1606.413,1604.589,1602.643,1598.386,1594.844,1592.715,1591.765,1666.981,1654.333,1638.765,1620.521,1604.467,1596.44,1585.251,1580.143,1576.19,1572.602,1569.774,1566.642,1564.712,1648.495,1628.062,1613.954,1602.764,1594.008,1583.305,1571.386,1560.075,1551.926,1547.608,1544.081,1540.767,1538.882,1537.635,1621.251,1589.143,1576.98,1561.899,1549.494,1534.899,1527.48,1524.439,1518.358,1516.655,1514.77,1512.262,1510.392,1610.062,1586.224,1558.494,1539.764,1529.061,1520.061,1510.331,1507.047,1497.804,1495.006,1493.06,1490.628,1487.777,1487.428,1582.818,1560.926,1549.25,1539.52,1522.007,1512.52,1502.547,1492.331,1482.601,1476.885,1469.526,1465.239,1462.138,1460.952,1459.705,1459.325,1552.656,1542.439,1522.493,1512.763,1493.547,1000,1000,1000,1000,1000,1000,1000,1000,1000,1000,1000,1000,1000,1000,1000,1000,1000,1000,1000,1000,1000,1000,1000,1000,1000,1000,1000,1000,1000,1000,1000,1000,1000,1000,1000,1000,1000,1000,1000,1000,1000,1000,1000,1000,1000,1000,1000,1000,1000
1179.181,1179.485,1179.782,1180.314,1180.823,1181.918,1182.435,1183.773,1183.773,1185.019,1185.84,1187.3,1188.516,1190.644,1192.651,1195.205,1197.394,1200.435,1203.232,1205.908,1207.732,1212.111,1215.273,1220.381,1225.246,1233.76,1233.03,1239.354,1243.246,1248.598,1253.463,1261.733,1268.057,1276.814,1281.679,1285.571,1291.896,1300.652,1192.727,1192.879,1193.244,1193.715,1194.179,1195.068,1195.54,1196.33,1196.938,1197.759,1198.641,1199.644,1200.739,1202.381,1203.719,1207.489,1210.286,1211.746,1214.057,1216.489,1219.043,1222.327,1226.949,1229.625,1233.516,1236.435,1238.381,1243.976,1248.111,1253.949,1255.895,1264.652,1271.949,1279.247,1290.436,1301.139,1311.355,1315.247,1208.333,1208.333,1208.485,1208.637,1208.971,1209.359,1210.013,1211.229,1212.05,1213.479,1214.786,1216.307,1217.949,1220.077,1222.145,1224.03,1226.584,1229.138,1230.841,1233.273,1235.584,1237.895,1240.814,1245.679,1250.787,1253.949,1258.328,1266.598,1271.463,1276.814,1281.679,1286.544,1289.463,1295.301,1306.004,1309.896,1317.68,1324.004,1331.788,1223.901,1224.334,1224.539,1224.782,1225.231,1225.581,1226.31,1227.618,1228.378,1230.172,1231.206,1232.057,1233.03,1235.402,1236.8,1239.963,1243.246,1245.922,1248.476,1250.665,1254.922,1259.057,1265.139,1271.949,1279.247,1285.571,1292.382,1294.328,1299.193,1299.193,1310.382,1311.842,1321.572,1324.491,1330.328,1336.653,1342.491,1239.43,1239.697,1240.168,1240.639,1241.148,1242,1242.897,1243.642,1244.979,1246.773,1248.598,1250.422,1252.976,1255.165,1258.084,1259.544,1261.49,1262.706,1264.409,1265.382,1000,1000,1000,1000,1000,1000,1000,1000,1260.912,1258.601,1000,1348.815,1317.68,1304.058,1299.193,1297.734,1304.058,1313.788,1317.68,1325.95,1333.248,1335.193,1342.004,1349.788,1356.113,1254.96,1255.264,1255.469,1255.735,1256.45,1257.127,1257.932,1258.905,1259.848,1260.365,1260.912,1000,1000,1000,1000,1162.975,1155.191,1148.38,1144.002,1141.083,1139.623,1140.596,1140.596,1140.596,1139.623,1139.623,1138.65,1137.677,1138.65,1138.65,1138.65,1136.704,1135.245,1134.272,1131.839,1129.407,1127.948,1126.975,1125.515,1124.056,1124.056,1124.056,1124.056,1124.056,1125.029,1125.029,1124.056,1123.083,1122.596,1122.596,1121.623,1121.623,1121.623,1121.623,1122.596,1123.083,1124.056,1124.056,1125.029,1126.488,1125.515,1125.515,1126.488,1126.975,1126.975,1127.948,1130.38,1130.38,1131.839,1133.786,1134.272,1134.272,1134.272,1134.272,1135.245,1134.272,1135.245,1136.704,1137.677,1136.704,1136.704,1136.704,1136.704,1137.677,1138.65,1139.623,1139.623,1140.596,1140.596,1140.596,1141.083,1141.083,1142.056,1142.056,1143.029,1144.975,1145.461,1145.461,1146.434,1144.002,1139.623,1135.245,1133.786,1130.38,1128.921,1125.029,1125.515,1126.488,1128.921,1130.38,1132.813,1135.245,1135.245,1137.677,1141.083,1142.056,1148.38,1159.083,1173.191,1068.375,1069.044,1070.42,1071.788,1072.852,1073.734,1074.677,1075.102,1075.71,1076.379,1076.866,1077.596,1078.629,1079.967,1081.731,1000,1000,1000,1000,1000,1000,1140.528,1140.224,1140.11,1140.11,1140.11,1140.224,1000,1000,1156.073,1157.046,1157.989,1159.874,1000,1000,1454.141,1457.06,1463.871,1472.871,1479.195,1483.087,1501.574,1000,1000,1000,1182.678,1176.354,1172.218,1171.732,1171.245,1170.759,1169.299,1173.191,1000,1000,1000,1000,1000,1000,1000,1000,1000,1000,1000,1000,1000,1000,1000,1000,1000,1000,1000,1000,1000,1000,1000,1000,1000,1000,1000,1000,1000,1000,1000,1000,1000,1000,1000,1000,1000,1000,1000,1000,1000,1000,1000,1000,1000,1000,1000,1000,1000,1000,1000,1000,1000,1000,1000,1000,1000,1000,1000,1000,1000,1000,1000,1000,1000,1000,1545.358,1549.25,1542.683,1535.142,1529.061,1520.061,1513.858,1506.682,1499.506,1495.006,1492.483,1490.035,1487.428,1583.791,1562.872,1549.25,1536.115,1526.385,1516.169,1503.033,1496.223,1501.331,1503.52,1000,1000,1552.169,1555.088,1573.088,1573.088,1000,1000,1000,1687.414,1673.792,1658.225,1645.576,1640.954,1000,1000,1000,1000,1000,1000,1000,1000,1000,1000,1000,1000,1000,1000,1000,1000,1000,1000,1000,1000,1000,1000,1000,1000,1000,1000,1000,1000,1000,1000,1000,1000,1000,1000,1000,1609.21,1611.4,1607.143,1605.197,1601.062,1597.96,1594.342,1593.019,1591.841,1677.198,1657.252,1000,1619.062,1602.278,1592.548,1583.791,1579.534,1574.609,1570.899,1569.957,1566.977,1564.408,1646.549,1628.062,1610.062,1595.954,1589.872,1581.359,1568.71,1556.183,1551.014,1546.331,1542.713,1539.612,1538.373,1537.164,1611.521,1580.872,1568.71,1551.926,1541.953,1530.764,1525.047,1523.466,1518.844,1516.838,1515.105,1512.368,1510.262,1599.359,1573.575,1549.737,1533.926,1523.466,1517.628,1508.263,1504.493,1497.256,1495.006,1492.118,1489.761,1487.489,1487.139,1576.98,1559.953,1545.845,1534.656,1519.574,1512.52,1503.033,1494.033,1485.276,1477.614,1469.526,1465.239,1462.655,1460.777,1459.842,1459.439,1555.575,1538.547,1518.115,1505.466,1487.222,1000,1000,1000,1000,1000,1000,1000,1000,1000,1000,1000,1000,1000,1000,1000,1000,1000,1000,1000,1000,1000,1000,1000,1000,1000,1000,1000,1000,1000,1000,1000,1000,1000,1000,1000,1000,1000,1000,1000,1000,1000,1000,1000,1000,1000,1000,1000,1000,1000
1289.95,1179.333,1179.622,1180.094,1180.823,1181.675,1182.298,1183.469,1183.773,1184.837,1185.84,1187.543,1188.516,1190.888,1192.347,1195.57,1197.394,1201.165,1204.084,1206.395,1209.192,1212.111,1216.489,1220.381,1224.76,1231.084,1235.219,1239.354,1240.814,1247.138,1253.463,1260.274,1267.084,1275.841,1280.706,1282.652,1288.49,1293.842,1303.571,1192.955,1193.297,1193.86,1194.354,1194.856,1195.296,1195.92,1196.786,1197.577,1198.641,1199.644,1200.739,1202.138,1205.361,1206.577,1208.827,1210.651,1213.205,1214.786,1218.192,1221.354,1225.733,1229.625,1232.787,1236.435,1239.598,1243.976,1247.382,1252.976,1255.895,1262.22,1268.057,1277.301,1289.463,1300.166,1309.409,1314.274,1208.257,1208.333,1208.371,1208.485,1208.865,1209.215,1209.922,1210.743,1211.898,1213.479,1214.786,1216.489,1218.192,1220.381,1221.233,1222.814,1225.489,1227.314,1229.138,1232.908,1235.098,1237.408,1242.517,1245.192,1248.354,1254.436,1259.057,1265.139,1270.976,1274.868,1280.22,1284.112,1289.463,1294.815,1304.058,1311.842,1317.68,1324.977,1331.788,1223.901,1224.205,1224.334,1224.661,1224.851,1225.315,1226.098,1227.329,1228.53,1229.777,1230.78,1232.3,1233.03,1235.645,1237.408,1239.598,1242.881,1245.922,1247.99,1252.003,1254.922,1257.355,1261.733,1269.517,1274.625,1280.706,1290.436,1294.328,1299.193,1302.112,1309.409,1310.869,1319.626,1324.491,1332.275,1335.193,1345.41,1239.468,1239.734,1240.289,1240.974,1241.559,1242.121,1242.76,1243.642,1244.615,1246.53,1248.354,1250.665,1252.672,1255.53,1257.719,1259.179,1260.76,1263.557,1264.409,1267.206,1000,1000,1000,1000,1000,1000,1000,1000,1260.182,1258.601,1255.796,1347.842,1317.193,1299.68,1295.544,1297.004,1303.571,1314.761,1321.572,1329.356,1335.193,1338.112,1341.031,1348.815,1357.086,1254.922,1255.34,1255.515,1255.857,1256.45,1257.233,1258.054,1258.328,1260.03,1260.365,1261.307,1259.209,1000,1000,1000,1000,1157.137,1151.299,1145.461,1142.056,1141.083,1140.596,1141.083,1140.596,1140.596,1139.623,1138.65,1138.65,1138.65,1138.65,1138.65,1137.677,1136.218,1134.272,1131.839,1129.407,1127.948,1126.975,1126.488,1125.029,1125.515,1126.488,1126.488,1126.488,1126.488,1126.488,1125.029,1125.029,1125.029,1125.029,1124.056,1124.056,1124.056,1123.083,1123.083,1124.056,1125.029,1125.515,1126.488,1127.948,1127.948,1127.948,1128.921,1128.921,1128.921,1129.407,1131.353,1131.839,1133.786,1134.272,1134.272,1134.272,1134.272,1134.272,1136.218,1136.218,1136.704,1138.65,1139.623,1139.623,1139.623,1138.65,1138.65,1138.65,1139.623,1140.596,1140.596,1140.596,1141.083,1141.083,1143.029,1143.029,1144.002,1144.002,1144.002,1144.975,1146.434,1145.461,1144.002,1143.029,1137.677,1133.786,1131.839,1129.407,1127.948,1125.515,1125.515,1130.38,1131.353,1133.786,1136.704,1136.218,1136.704,1137.677,1144.002,1146.434,1159.083,1163.948,1068.261,1069.044,1070.42,1071.651,1072.548,1073.369,1074.099,1074.92,1075.528,1076.197,1076.623,1077.109,1077.596,1079.177,1080.819,1083.312,1000,1000,1000,1000,1000,1141.106,1140.414,1140.262,1140.148,1140.148,1140.186,1140.338,1000,1000,1155.328,1155.769,1156.529,1157.411,1000,1000,1000,1000,1468.492,1000,1000,1000,1000,1000,1000,1000,1185.11,1177.57,1172.705,1172.705,1170.759,1170.759,1169.786,1172.218,1000,1000,1000,1000,1000,1000,1000,1000,1000,1000,1000,1000,1000,1000,1000,1000,1000,1000,1000,1000,1000,1000,1000,1000,1000,1000,1000,1000,1000,1000,1000,1000,1000,1000,1000,1000,1000,1000,1000,1000,1000,1000,1000,1000,1000,1000,1000,1000,1000,1000,1000,1000,1000,1000,1000,1000,1000,1000,1000,1000,1000,1000,1000,1000,1000,1000,1524.439,1532.709,1531.493,1526.142,1524.439,1515.682,1509.844,1504.858,1499.202,1494.337,1491.418,1489.761,1487.192,1578.926,1562.872,1555.088,1537.574,1525.899,1513.979,1500.115,1491.358,1498.898,1506.682,1520.547,1546.331,1558.007,1559.953,1576.98,1000,1000,1000,1000,1685.468,1666.009,1656.279,1645.576,1644.846,1628.549,1000,1000,1000,1000,1000,1000,1000,1000,1000,1000,1000,1635.724,1000,1000,1000,1000,1000,1000,1000,1000,1000,1000,1000,1000,1000,1000,1000,1000,1000,1000,1000,1000,1000,1000,1608.846,1609.94,1606.413,1604.589,1600.089,1596.501,1593.886,1592.86,1591.765,1000,1000,1000,1619.792,1603.981,1596.927,1586.467,1580.507,1574.305,1570.322,1568.315,1565.951,1661.63,1645.576,1624.17,1603.737,1595.467,1587.197,1578.44,1568.71,1558.494,1550.71,1545.358,1541.375,1538.373,1537.635,1628.549,1606.656,1580.386,1566.034,1549.007,1538.547,1530.399,1523.77,1522.858,1517.689,1516.412,1514.132,1511.547,1509.996,1591.089,1562.386,1544.142,1532.223,1523.466,1518.601,1510.696,1505.952,1498.959,1495.736,1492.483,1489.761,1487.777,1487.245,1486.493,1565.791,1553.142,1538.547,1519.088,1510.088,1500.115,1488.439,1481.385,1475.79,1469.222,1465.057,1462.518,1460.693,1459.667,1459.325,1552.656,1535.628,1518.115,1504.006,1489.168,1475.06,1000,1000,1000,1000,1000,1000,1000,1000,1000,1000,1000,1000,1000,1000,1000,1000,1000,1000,1000,1000,1000,1000,1000,1000,1000,1000,1000,1000,1000,1000,1000,1000,1000,1000,1000,1000,1000,1000,1000,1000,1000,1000,1000,1000,1000,1000,1000,1000
1288.977,1179.333,1179.622,1180.238,1181.021,1181.918,1182.298,1183.317,1183.773,1184.654,1185.597,1187.786,1188.759,1191.192,1192.651,1195.205,1196.665,1199.584,1202.016,1205.057,1208.219,1212.111,1216.489,1221.597,1226.462,1230.354,1233.03,1239.354,1240.327,1248.598,1254.436,1261.733,1268.057,1276.814,1280.706,1283.625,1288.49,1296.76,1300.652,1192.841,1193.198,1193.647,1194.095,1194.749,1194.962,1195.54,1196.33,1197.394,1198.276,1199.219,1200.739,1201.651,1203.962,1205.969,1208.827,1211.381,1213.57,1215.273,1218.192,1221.354,1224.76,1228.408,1231.814,1235.219,1238.868,1242.03,1245.922,1251.03,1254.436,1259.301,1265.625,1275.355,1284.598,1296.274,1306.49,1309.409,1314.274,1317.193,1208.409,1208.561,1208.918,1209.283,1209.922,1210.864,1212.05,1213.844,1214.786,1215.82,1216.976,1218.496,1219.53,1221.841,1224.03,1226.219,1228.773,1231.571,1233.76,1236.922,1241.3,1245.679,1249.084,1253.949,1258.328,1263.679,1268.544,1273.895,1276.814,1282.652,1286.058,1294.815,1299.193,1309.896,1314.761,1322.058,1329.842,1223.901,1224.091,1224.243,1224.661,1224.782,1225.406,1226.098,1227.466,1228.53,1229.777,1230.78,1231.875,1233.516,1235.402,1236.496,1240.692,1242.152,1244.341,1247.138,1251.638,1253.949,1257.355,1262.22,1267.571,1273.895,1282.166,1288.004,1290.923,1298.22,1301.625,1307.463,1308.436,1317.68,1322.545,1327.41,1333.248,1341.518,1346.383,1239.62,1240.054,1240.639,1241.255,1241.878,1242.897,1243.794,1244.28,1246.165,1247.625,1250.969,1252.064,1254.557,1255.895,1258.814,1260.274,1263.193,1265.382,1268.057,1000,1000,1000,1000,1000,1000,1000,1000,1000,1258.905,1255.735,1343.95,1318.653,1302.599,1298.22,1296.274,1302.599,1312.815,1319.626,1325.95,1331.302,1333.248,1338.112,1345.896,1352.221,1359.032,1255.15,1255.568,1255.986,1256.541,1257.02,1257.811,1258.464,1259.361,1260.365,1260.912,1259.666,1000,1000,1000,1000,1159.083,1151.299,1146.434,1143.029,1141.083,1140.596,1141.083,1141.083,1141.083,1140.596,1140.596,1140.596,1140.596,1139.623,1139.623,1137.677,1136.218,1133.786,1131.353,1129.407,1128.921,1127.948,1127.948,1126.488,1126.975,1127.948,1128.921,1127.948,1127.948,1127.948,1126.488,1126.488,1126.488,1126.488,1125.515,1125.515,1125.515,1125.029,1125.515,1126.488,1126.975,1126.975,1128.921,1128.921,1129.407,1129.407,1130.38,1129.407,1130.38,1130.38,1131.839,1132.813,1134.272,1135.245,1136.218,1136.704,1136.704,1136.704,1137.677,1137.677,1138.65,1139.623,1140.596,1140.596,1141.083,1141.083,1140.596,1140.596,1141.083,1142.056,1142.056,1143.029,1143.029,1143.029,1144.002,1144.975,1145.461,1146.434,1146.434,1147.407,1148.38,1146.434,1144.002,1137.677,1136.218,1132.813,1132.813,1130.38,1129.407,1126.975,1127.948,1131.839,1132.813,1134.272,1140.596,1139.623,1140.596,1145.461,1151.299,1153.245,1166.867,1068.109,1068.983,1070.101,1070.998,1072.244,1073.035,1073.552,1074.312,1075.102,1075.528,1076.197,1076.866,1077.352,1077.839,1079.42,1081.427,1085.38,1000,1000,1000,1000,1000,1140.703,1140.338,1140.224,1140.148,1140.148,1140.148,1140.338,1000,1000,1155.769,1156.073,1156.377,1156.529,1158.779,1000,1000,1000,1000,1000,1000,1000,1000,1000,1000,1000,1179.273,1174.894,1172.218,1171.245,1170.759,1170.272,1169.786,1172.705,1000,1000,1000,1000,1000,1000,1000,1000,1000,1000,1000,1000,1000,1000,1000,1000,1000,1000,1000,1000,1000,1000,1000,1000,1000,1000,1000,1000,1000,1000,1000,1000,1000,1000,1000,1000,1000,1000,1000,1000,1000,1000,1000,1000,1000,1000,1000,1000,1000,1000,1000,1000,1000,1000,1000,1000,1000,1000,1000,1000,1000,1000,1000,1000,1000,1000,1000,1532.709,1530.764,1524.926,1522.25,1513.858,1507.412,1504.493,1499.81,1494.337,1491.418,1000,1000,1574.061,1556.061,1553.142,1539.52,1523.953,1512.52,1502.547,1490.871,1496.223,1501.817,1514.709,1537.088,1553.142,1561.899,1576.007,1576.98,1000,1000,1000,1000,1675.252,1658.711,1647.765,1642.9,1631.711,1000,1000,1000,1000,1000,1000,1000,1000,1000,1000,1000,1000,1000,1000,1000,1000,1000,1000,1000,1000,1000,1000,1000,1000,1000,1000,1000,1000,1000,1000,1000,1000,1000,1000,1610.305,1000,1608.116,1605.197,1600.089,1596.318,1593.886,1592.784,1591.917,1677.198,1660.171,1638.765,1625.63,1603.981,1597.413,1588.535,1580.872,1573.332,1568.923,1566.749,1564.924,1653.846,1642.657,1620.765,1603.737,1594.008,1584.035,1575.034,1568.71,1558.859,1550.102,1544.507,1540.767,1538.228,1537.316,1623.684,1597.9,1580.386,1563.845,1549.494,1538.061,1530.034,1522.554,1521.703,1517.446,1516.838,1515.469,1512.049,1510.11,1596.927,1569.196,1550.71,1535.872,1524.439,1519.574,1512.034,1506.317,1500.419,1498.108,1493.912,1490.932,1488.393,1487.777,1486.835,1573.088,1558.007,1540.493,1519.574,1510.088,1497.196,1487.101,1480.168,1475.425,1468.979,1465.817,1463.232,1460.952,1459.629,1559.467,1539.52,1522.98,1507.898,1497.196,1484.06,1476.763,1000,1000,1000,1000,1000,1000,1000,1000,1000,1000,1000,1000,1000,1000,1000,1000,1000,1000,1000,1000,1000,1000,1000,1000,1000,1000,1000,1000,1000,1000,1000,1000,1000,1000,1000,1000,1000,1000,1000,1000,1000,1000,1000,1000,1000,1000,1000,1000
1288.004,1179.219,1179.531,1180.17,1181.021,1181.675,1182.298,1183.317,1183.621,1184.837,1185.84,1187.543,1189.002,1191.192,1192.955,1195.205,1197.03,1198.489,1201.651,1204.084,1207.246,1211.624,1216.003,1220.381,1224.76,1228.408,1233.03,1235.949,1240.327,1246.165,1252.003,1260.274,1265.625,1272.922,1277.787,1280.706,1281.679,1291.896,1293.842,1303.571,1193.031,1193.525,1193.715,1194.179,1194.643,1195.175,1196.057,1196.938,1198.276,1199.462,1201.165,1201.895,1204.266,1205.969,1209.192,1209.922,1213.205,1214.422,1218.192,1220.868,1224.76,1227.922,1230.598,1234.733,1237.652,1242.03,1245.922,1250.301,1252.976,1256.868,1264.652,1271.949,1281.679,1292.382,1302.112,1307.463,1311.355,1317.193,1208.409,1208.599,1208.971,1209.283,1209.922,1210.53,1211.898,1212.81,1213.479,1215.638,1216.307,1217.462,1218.739,1221.233,1222.814,1225.125,1227.314,1230.841,1234.246,1238.381,1243.003,1247.382,1249.571,1253.219,1257.598,1265.139,1267.084,1271.463,1276.814,1281.679,1284.112,1291.896,1302.112,1306.977,1313.788,1322.058,1326.923,1223.825,1224.053,1224.288,1224.288,1224.6,1224.995,1225.778,1227.329,1228.378,1229.777,1230.78,1231.631,1234.064,1236.253,1238.381,1240.692,1242.517,1245.192,1247.99,1251.152,1252.976,1256.868,1260.03,1265.139,1273.166,1278.517,1288.004,1293.355,1296.76,1301.625,1306.004,1308.436,1314.761,1318.653,1329.356,1333.248,1340.545,1346.383,1239.544,1239.902,1240.563,1241.148,1241.878,1242.623,1243.642,1244.797,1246.53,1247.868,1250.118,1252.368,1254.922,1255.165,1259.179,1260.76,1263.193,1265.382,1270.49,1274.139,1000,1000,1000,1000,1000,1279.612,1000,1000,1258.328,1255.469,1340.058,1312.815,1300.652,1294.815,1293.355,1297.004,1310.382,1317.193,1324.004,1331.302,1336.167,1336.167,1343.95,1348.815,1360.978,1255.188,1255.469,1255.796,1256.366,1257.127,1257.811,1258.905,1259.361,1260.182,1260.73,1259.848,1000,1000,1000,1000,1161.029,1153.245,1148.38,1144.002,1142.056,1141.083,1142.056,1142.056,1142.056,1141.083,1141.083,1140.596,1141.083,1140.596,1139.623,1137.677,1136.218,1132.813,1131.353,1129.407,1129.407,1128.921,1128.921,1127.948,1129.407,1130.38,1131.353,1131.353,1130.38,1128.921,1127.948,1127.948,1126.975,1126.975,1126.975,1126.975,1126.975,1126.975,1126.975,1128.921,1128.921,1128.921,1130.38,1130.38,1131.353,1131.353,1131.839,1131.839,1131.839,1131.839,1133.786,1134.272,1135.245,1136.218,1137.677,1137.677,1138.65,1138.65,1139.623,1139.623,1140.596,1141.083,1142.056,1143.029,1143.029,1143.029,1143.029,1142.056,1143.029,1144.002,1144.002,1144.002,1144.975,1145.461,1146.434,1147.407,1148.38,1149.353,1148.38,1147.407,1147.407,1144.002,1141.083,1135.245,1131.839,1129.407,1129.407,1130.38,1131.353,1130.38,1132.813,1134.272,1133.786,1137.677,1143.029,1140.596,1143.029,1149.353,1158.11,1163.948,1068.109,1068.527,1069.637,1070.633,1071.651,1072.548,1073.369,1073.917,1074.494,1075.285,1075.71,1076.197,1076.866,1077.352,1077.839,1079.967,1082.947,1000,1000,1000,1000,1000,1000,1140.376,1140.3,1140.224,1140.186,1140.186,1140.224,1140.452,1000,1000,1155.465,1156.073,1156.529,1155.465,1155.921,1000,1000,1000,1000,1000,1000,1000,1000,1000,1000,1000,1174.408,1173.678,1172.218,1171.245,1171.245,1171.732,1170.759,1174.894,1000,1000,1000,1000,1000,1000,1000,1000,1000,1000,1000,1000,1000,1423.005,1000,1000,1000,1000,1000,1000,1000,1000,1000,1000,1000,1000,1000,1000,1000,1000,1000,1000,1000,1000,1000,1000,1000,1000,1000,1000,1000,1000,1000,1000,1000,1000,1000,1000,1000,1000,1000,1000,1000,1000,1000,1000,1000,1000,1000,1000,1000,1000,1000,1000,1000,1000,1517.628,1530.277,1524.926,1520.061,1517.142,1511.182,1505.588,1502.06,1498.351,1494.337,1000,1000,1000,1576.007,1555.088,1550.223,1533.682,1520.547,1511.304,1502.547,1491.358,1498.412,1506.682,1519.574,1537.574,1550.223,1556.061,1565.791,1000,1000,1000,1000,1697.144,1676.225,1654.819,1644.36,1637.305,1627.332,1000,1000,1000,1000,1000,1000,1000,1000,1000,1000,1000,1000,1000,1000,1000,1000,1000,1000,1000,1000,1000,1000,1000,1000,1000,1000,1000,1000,1000,1000,1000,1000,1000,1000,1612.129,1000,1607.386,1605.501,1598.751,1595.71,1593.475,1592.51,1688.874,1669.901,1648.981,1631.468,1617.603,1603.494,1597.413,1588.17,1580.872,1572.845,1568.011,1566.034,1564.674,1651.9,1641.684,1621.738,1601.305,1591.818,1582.089,1571.386,1565.305,1558.494,1550.102,1543.656,1540.767,1538.373,1537.316,1621.251,1596.44,1578.44,1561.899,1544.629,1535.872,1529.304,1000,1519.818,1517.446,1516.23,1514.77,1511.638,1509.996,1581.359,1556.061,1539.764,1529.791,1519.088,1517.142,1511.547,1505.588,1500.723,1498.108,1493.486,1490.035,1488.021,1487.367,1486.645,1569.683,1558.98,1537.088,1516.898,1507.412,1497.196,1485.641,1479.074,1474.452,1468.736,1464.692,1462.259,1460.458,1459.363,1551.683,1536.601,1519.574,1504.493,1496.223,1484.547,1477.249,1000,1000,1000,1000,1000,1000,1000,1000,1000,1000,1000,1000,1000,1000,1000,1000,1000,1000,1000,1000,1000,1000,1000,1000,1000,1000,1000,1000,1000,1000,1000,1000,1000,1000,1000,1000,1000,1000,1000,1000,1000,1000,1000,1000,1000,1000,1000,1000
1179.029,1179.295,1179.622,1180.314,1181.127,1181.675,1182.572,1183.165,1183.621,1184.472,1185.84,1187.3,1189.002,1191.496,1192.955,1194.84,1196.3,1198.854,1201.165,1203.719,1207.246,1210.651,1214.3,1218.678,1221.597,1226.462,1229.868,1233.76,1237.895,1246.165,1252.49,1261.247,1265.625,1274.868,1277.787,1281.679,1283.625,1289.463,1291.896,1301.625,1192.841,1193.297,1193.647,1194.179,1194.643,1195.175,1195.92,1196.786,1198.276,1199.219,1200.739,1201.651,1204.813,1206.273,1208.827,1209.922,1212.841,1214.786,1218.192,1221.354,1224.76,1226.949,1231.084,1234.733,1237.652,1240.814,1245.436,1248.841,1252.976,1255.409,1259.787,1268.544,1281.679,1292.382,1301.139,1305.517,1314.274,1317.193,1208.485,1208.675,1209.032,1209.427,1209.747,1210.423,1211.351,1213.145,1213.844,1215.638,1216.064,1218.192,1218.983,1221.537,1223.787,1225.489,1227.314,1232.057,1234.246,1238.381,1243.49,1247.382,1250.301,1255.652,1258.328,1265.139,1266.598,1271.463,1274.868,1281.193,1284.112,1291.896,1297.247,1305.031,1309.896,1317.68,1324.977,1330.815,1223.901,1224.167,1224.167,1224.433,1224.927,1225.489,1226.797,1227.77,1229.229,1230.598,1232.057,1234.55,1235.402,1238.381,1238.99,1240.692,1243.611,1246.409,1248.476,1252.49,1254.436,1259.057,1267.084,1273.166,1278.517,1286.544,1291.896,1294.815,1299.193,1304.058,1306.49,1311.842,1320.599,1325.464,1330.328,1339.572,1346.383,1239.544,1239.734,1240.289,1240.799,1241.878,1242.486,1243.642,1244.797,1246.53,1247.868,1249.328,1251.821,1254.192,1254.922,1256.99,1260.274,1263.193,1264.895,1271.949,1000,1000,1000,1000,1000,1294.571,1288.004,1000,1000,1260.03,1255.918,1346.869,1318.653,1301.139,1295.544,1294.085,1296.274,1311.355,1319.626,1324.004,1329.356,1333.248,1336.167,1342.004,1347.842,1356.113,1255.15,1255.302,1255.986,1256.207,1257.02,1257.02,1258.054,1258.601,1259.848,1260.547,1260.547,1000,1000,1000,1000,1162.002,1154.218,1148.38,1144.975,1143.029,1141.083,1142.056,1142.056,1142.056,1142.056,1142.056,1141.083,1141.083,1139.623,1138.65,1136.704,1135.245,1132.813,1131.353,1130.38,1129.407,1130.38,1131.353,1131.353,1131.839,1132.813,1132.813,1131.839,1131.839,1130.38,1129.407,1129.407,1128.921,1128.921,1128.921,1128.921,1127.948,1128.921,1128.921,1130.38,1130.38,1131.353,1132.813,1132.813,1133.786,1132.813,1133.786,1133.786,1133.786,1133.786,1136.218,1136.218,1136.704,1137.677,1138.65,1138.65,1140.596,1140.596,1141.083,1141.083,1141.083,1141.083,1142.056,1143.029,1144.002,1144.002,1144.975,1144.002,1144.002,1144.975,1145.461,1145.461,1146.434,1148.38,1148.38,1149.353,1150.326,1151.299,1149.353,1149.353,1148.38,1144.002,1140.596,1135.245,1132.813,1128.921,1129.407,1130.38,1131.353,1131.839,1135.245,1135.245,1135.245,1136.704,1143.029,1144.002,1150.326,1158.11,1167.84,1178.056,1068.451,1069.394,1070.313,1071.241,1071.94,1072.852,1073.734,1074.312,1074.92,1075.528,1075.954,1076.379,1076.866,1077.596,1078.629,1081.731,1087.569,1000,1000,1000,1223.057,1000,1000,1252.976,1140.224,1140.224,1140.186,1140.186,1140.3,1140.376,1000,1000,1155.465,1156.225,1156.377,1155.465,1155.465,1000,1000,1000,1000,1000,1000,1000,1000,1000,1000,1000,1171.732,1171.245,1170.759,1170.272,1170.759,1171.732,1172.218,1177.083,1000,1000,1000,1000,1000,1000,1000,1000,1000,1415.936,1418.779,1421.668,1000,1425.803,1000,1000,1000,1000,1000,1000,1000,1000,1000,1000,1000,1000,1000,1000,1000,1000,1000,1000,1000,1000,1000,1000,1000,1000,1000,1000,1000,1000,1000,1000,1000,1000,1000,1000,1000,1000,1000,1000,1000,1000,1000,1000,1000,1000,1000,1000,1000,1000,1000,1000,1000,1000,1511.547,1516.169,1515.682,1516.169,1513.371,1507.898,1504.493,1501.331,1498.108,1494.094,1000,1000,1000,1570.656,1555.088,1546.331,1533.682,1519.574,1513.979,1504.25,1497.682,1501.817,1509.358,1519.088,1536.115,1547.304,1550.223,1561.899,1000,1000,1000,1000,1687.414,1667.468,1648.495,1639.738,1632.441,1000,1000,1000,1000,1000,1000,1000,1000,1000,1000,1000,1000,1000,1000,1000,1000,1000,1000,1000,1000,1000,1000,1000,1000,1000,1000,1000,1000,1000,1000,1000,1000,1000,1000,1000,1609.575,1610.305,1605.805,1605.501,1598.994,1596.683,1593.673,1592.715,1686.928,1671.846,1643.63,1628.549,1617.603,1606.9,1599.116,1591.697,1582.697,1573.818,1567.342,1565.327,1564.408,1649.954,1630.981,1612.494,1594.737,1587.197,1578.44,1569.196,1565.791,1560.075,1550.102,1542.896,1540.098,1537.84,1628.549,1607.629,1584.278,1570.169,1557.277,1543.412,1535.385,1530.399,1522.554,1520.121,1517.689,1515.834,1514.588,1511.745,1510.148,1589.143,1562.386,1546.818,1535.872,1524.926,1520.061,1514.344,1504.858,1501.331,1497.56,1492.695,1489.381,1487.937,1487.086,1486.531,1570.656,1557.034,1539.52,1518.115,1507.412,1496.223,1485.641,1479.074,1474.452,1470.013,1466.242,1463.384,1460.868,1459.553,1548.764,1532.709,1511.79,1500.115,1492.817,1486.006,1477.979,1000,1000,1000,1000,1000,1000,1000,1000,1000,1000,1000,1000,1000,1000,1000,1000,1000,1000,1000,1000,1000,1000,1000,1000,1000,1000,1000,1000,1000,1000,1000,1000,1000,1000,1000,1000,1000,1000,1000,1000,1000,1000,1000,1000,1000,1000,1000,1000
1179.029,1179.295,1179.675,1180.314,1181.234,1181.675,1182.298,1182.708,1183.317,1184.137,1185.597,1187.117,1188.516,1191.192,1192.955,1193.624,1196.3,1199.219,1201.165,1204.57,1208.705,1211.138,1214.786,1218.678,1221.111,1224.76,1227.679,1233.76,1235.219,1243.246,1251.03,1258.328,1262.706,1272.922,1276.814,1278.76,1281.679,1287.517,1290.436,1298.707,1192.803,1193.244,1193.586,1194.095,1194.552,1194.856,1195.783,1196.634,1197.911,1199.219,1200.496,1202.381,1204.509,1205.665,1207.246,1208.462,1211.746,1212.476,1216.854,1219.53,1223.787,1225.246,1228.895,1231.814,1236.922,1240.814,1245.922,1249.571,1253.949,1255.409,1262.22,1269.517,1278.274,1290.436,1300.166,1307.463,1311.355,1208.295,1208.447,1208.675,1208.971,1209.359,1209.504,1209.922,1210.743,1212.354,1213.327,1214.604,1215.82,1217.949,1218.192,1220.928,1223.057,1225.854,1226.949,1230.841,1233.76,1238.868,1243.003,1247.868,1248.354,1255.165,1258.328,1262.949,1266.598,1270.976,1273.895,1279.247,1285.085,1289.463,1296.274,1303.085,1307.95,1312.815,1321.085,1332.761,1223.901,1224.129,1224.334,1224.539,1224.927,1225.687,1226.675,1228.074,1229.047,1230.78,1232.057,1233.76,1235.402,1237.408,1238.625,1241.787,1243.246,1246.409,1247.99,1251.152,1253.463,1259.544,1264.652,1276.571,1279.977,1285.085,1289.463,1294.328,1299.68,1301.625,1305.031,1309.409,1318.653,1322.545,1332.275,1341.518,1343.464,1239.43,1239.734,1240.107,1240.723,1241.559,1242.486,1243.642,1244.979,1246.348,1247.625,1249.632,1252.064,1254.922,1255.895,1258.084,1260.274,1262.706,1264.895,1270.49,1000,1000,1000,1000,1000,1000,1000,1000,1000,1000,1255.568,1341.031,1322.058,1302.112,1295.544,1290.679,1299.193,1312.328,1319.626,1324.977,1330.328,1332.275,1336.167,1340.058,1350.761,1354.167,1363.896,1255.226,1255.515,1256.062,1256.914,1256.914,1258.191,1258.905,1259.848,1260.365,1260.912,1259.361,1000,1000,1000,1000,1155.191,1151.299,1146.434,1144.002,1143.029,1143.029,1143.029,1143.029,1143.029,1142.056,1141.083,1141.083,1139.623,1138.65,1137.677,1135.245,1132.813,1131.839,1131.839,1131.353,1131.839,1133.786,1133.786,1134.272,1135.245,1135.245,1134.272,1133.786,1131.839,1131.839,1131.353,1131.353,1131.353,1130.38,1130.38,1130.38,1130.38,1130.38,1131.353,1131.839,1132.813,1133.786,1133.786,1134.272,1134.272,1134.272,1134.272,1136.218,1136.218,1136.704,1137.677,1138.65,1138.65,1138.65,1138.65,1140.596,1140.596,1140.596,1141.083,1141.083,1141.083,1142.056,1144.002,1144.975,1144.975,1145.461,1144.975,1145.461,1145.461,1146.434,1146.434,1148.38,1151.299,1151.299,1152.272,1153.245,1153.245,1150.326,1148.38,1146.434,1141.083,1138.65,1135.245,1133.786,1129.407,1128.921,1129.407,1130.38,1131.353,1134.272,1134.272,1134.272,1136.218,1143.029,1144.002,1149.353,1159.083,1172.218,1068.147,1068.656,1069.903,1070.754,1071.514,1072.244,1073.369,1073.917,1074.494,1075.285,1075.71,1076.197,1076.623,1076.866,1077.352,1078.386,1000,1000,1000,1216.246,1000,1220.868,1000,1000,1250.057,1140.186,1140.186,1140.186,1140.186,1140.224,1140.376,1000,1000,1155.617,1156.711,1156.529,1156.225,1156.073,1000,1000,1000,1000,1000,1000,1000,1000,1000,1000,1000,1171.732,1171.732,1171.245,1171.245,1171.732,1172.218,1173.191,1178.543,1000,1000,1000,1000,1000,1000,1000,1000,1000,1416.194,1418.627,1422.762,1000,1000,1000,1000,1000,1000,1000,1000,1000,1000,1000,1000,1000,1000,1000,1000,1000,1000,1000,1000,1000,1000,1000,1000,1000,1000,1000,1000,1000,1000,1000,1000,1000,1000,1000,1000,1000,1000,1000,1000,1000,1000,1000,1000,1000,1000,1000,1000,1000,1000,1000,1000,1000,1000,1000,1514.709,1515.196,1513.371,1512.885,1507.898,1504.858,1501.696,1499.506,1494.581,1491.601,1488.591,1487.245,1575.034,1559.953,1546.331,1537.574,1519.088,1510.574,1504.979,1497.682,1499.385,1507.898,1516.169,1532.223,1541.466,1547.304,1556.061,1000,1000,1000,1000,1692.279,1661.144,1641.684,1637.792,1628.549,1000,1000,1000,1000,1000,1000,1000,1000,1000,1000,1000,1000,1000,1000,1000,1000,1000,1000,1000,1000,1000,1000,1000,1000,1000,1000,1000,1000,1000,1000,1000,1000,1000,1000,1000,1000,1605.501,1602.886,1601.548,1597.778,1595.254,1593.103,1592.077,1677.198,1650.927,1633.9,1619.062,1610.062,1599.116,1596.44,1589.021,1581.967,1573.332,1568.163,1564.924,1658.711,1649.954,1624.17,1609.089,1596.927,1591.089,1576.737,1566.764,1562.142,1558.007,1547.852,1541.527,1539.186,1537.681,1624.657,1609.575,1586.71,1577.953,1563.115,1000,1000,1000,1000,1521.703,1517.689,1515.469,1513.979,1511.745,1510.186,1594.981,1572.115,1552.169,1539.764,1529.061,1523.466,1516.655,1507.047,1502.669,1497.804,1493.06,1489.898,1488.287,1487.245,1486.607,1570.656,1552.169,1536.115,1517.628,1505.466,1494.033,1485.641,1476.885,1471.411,1467.763,1464.357,1461.666,1460.534,1459.439,1548.764,1530.764,1512.763,1499.141,1494.763,1486.736,1479.682,1000,1000,1000,1000,1000,1000,1000,1000,1000,1000,1000,1000,1000,1000,1000,1000,1000,1000,1000,1000,1000,1000,1000,1000,1000,1000,1000,1000,1000,1000,1000,1000,1000,1000,1000,1000,1000,1000,1000,1000,1000,1000,1000,1000,1000,1000,1000,1000
1289.95,1179.257,1179.531,1180.17,1180.823,1181.34,1181.918,1182.298,1182.86,1183.621,1184.654,1186.023,1188.029,1189.793,1191.739,1192.955,1195.205,1197.394,1199.948,1203.232,1207.246,1210.165,1214.786,1218.678,1220.381,1224.03,1226.462,1231.084,1234.49,1241.787,1249.571,1258.328,1263.679,1271.949,1276.814,1278.76,1280.706,1287.517,1290.436,1295.788,1192.765,1193.198,1193.404,1193.936,1194.27,1194.856,1195.661,1196.482,1197.577,1198.854,1199.827,1201.408,1203.415,1205.117,1207.246,1208.827,1212.111,1214.057,1216.489,1218.678,1221.841,1224.273,1227.922,1231.084,1236.435,1240.084,1245.436,1249.571,1252.976,1255.895,1261.247,1268.544,1276.328,1289.463,1300.166,1306.49,1311.355,1208.295,1208.561,1208.865,1209.093,1209.427,1209.587,1210.013,1210.53,1212.202,1213.479,1214.604,1216.064,1217.705,1219.287,1221.233,1223.787,1226.584,1227.679,1231.206,1232.422,1236.071,1239.354,1245.192,1247.868,1254.436,1259.544,1262.949,1266.598,1270.976,1274.868,1279.247,1285.085,1290.923,1295.301,1298.22,1306.977,1309.896,1318.653,1329.842,1223.863,1224.091,1224.38,1224.6,1224.851,1225.581,1226.31,1227.466,1229.047,1230.962,1232.543,1234.064,1234.854,1235.949,1237.408,1239.963,1241.787,1244.706,1246.409,1249.814,1252.976,1260.76,1265.868,1273.895,1279.977,1284.112,1291.896,1290.923,1298.22,1301.625,1303.085,1307.463,1315.734,1319.626,1329.356,1338.599,1345.41,1239.392,1239.544,1239.811,1240.35,1241.057,1242.365,1243.49,1244.615,1246.53,1247.625,1249.328,1252.368,1253.949,1254.192,1256.26,1258.449,1260.274,1263.557,1268.057,1000,1000,1000,1000,1000,1000,1000,1000,1000,1257.932,1255.621,1341.031,1317.68,1303.571,1295.544,1290.193,1299.68,1312.815,1318.653,1322.058,1326.437,1328.383,1333.248,1338.112,1345.896,1349.788,1363.896,1254.998,1255.302,1255.796,1256.366,1257.02,1257.689,1258.753,1259.666,1260.547,1261.125,1260.182,1000,1000,1000,1000,1157.137,1152.272,1147.407,1144.002,1143.029,1143.029,1143.029,1143.029,1143.029,1143.029,1142.056,1142.056,1140.596,1139.623,1137.677,1136.218,1133.786,1132.813,1132.813,1133.786,1134.272,1136.218,1136.704,1136.704,1136.704,1136.704,1136.218,1136.218,1134.272,1134.272,1134.272,1132.813,1132.813,1131.839,1131.353,1131.353,1131.839,1131.839,1133.786,1133.786,1134.272,1134.272,1135.245,1135.245,1135.245,1136.218,1136.704,1137.677,1137.677,1138.65,1139.623,1139.623,1139.623,1140.596,1141.083,1142.056,1143.029,1142.056,1143.029,1142.056,1142.056,1143.029,1144.002,1144.975,1145.461,1145.461,1145.461,1146.434,1147.407,1147.407,1148.38,1150.326,1152.272,1152.272,1153.245,1154.218,1154.218,1151.299,1149.353,1147.407,1144.002,1143.029,1138.65,1136.704,1132.813,1131.353,1131.839,1134.272,1134.272,1137.677,1141.083,1142.056,1143.029,1150.326,1153.245,1160.056,1167.84,1182.921,1068.527,1069.105,1070.101,1071.119,1071.651,1072.396,1073.217,1073.917,1074.677,1075.528,1075.954,1076.379,1076.623,1076.866,1077.352,1078.629,1000,1000,1212.354,1000,1000,1000,1000,1000,1250.057,1140.11,1140.11,1140.148,1140.148,1140.262,1140.414,1000,1000,1155.921,1157.593,1157.776,1157.046,1156.711,1000,1000,1000,1000,1000,1000,1000,1000,1000,1000,1000,1171.245,1171.245,1170.759,1170.759,1171.245,1172.218,1173.191,1179.759,1000,1000,1000,1000,1000,1000,1000,1000,1415.244,1417.259,1419.235,1000,1000,1000,1000,1000,1000,1000,1000,1000,1000,1000,1000,1000,1000,1000,1000,1000,1000,1000,1000,1000,1000,1000,1000,1000,1000,1000,1000,1000,1000,1000,1000,1000,1000,1000,1000,1000,1000,1000,1000,1000,1000,1000,1000,1000,1000,1000,1000,1000,1000,1000,1000,1000,1000,1000,1000,1516.655,1514.709,1512.885,1511.547,1507.047,1503.763,1499.81,1497.013,1493.06,1490.476,1487.777,1486.949,1570.656,1550.223,1534.656,1529.791,1513.979,1506.682,1502.547,1498.898,1500.115,1507.412,1516.169,1529.791,1537.574,1543.899,1549.25,1000,1000,1000,1000,1689.36,1663.576,1642.9,1635.359,1624.657,1000,1000,1000,1000,1000,1000,1000,1000,1000,1000,1000,1000,1000,1000,1000,1000,1000,1000,1000,1000,1000,1000,1000,1000,1000,1000,1000,1000,1000,1000,1000,1000,1000,1000,1000,1000,1605.805,1603.19,1602.096,1597.778,1595.862,1592.86,1591.651,1666.981,1642.17,1625.63,1613.711,1603.494,1592.183,1589.872,1583.062,1000,1572.176,1567.099,1564.75,1653.846,1647.522,1619.792,1605.683,1595.467,1588.413,1576.251,1564.453,1560.44,1553.629,1545.845,1540.357,1539.186,1537.681,1628.549,1611.521,1587.683,1574.061,1561.169,1000,1541.466,1534.047,1527.115,1523.466,1518.601,1514.588,1513.523,1511.213,1510.034,1594.981,1576.494,1557.034,1542.683,1531.493,1525.655,1517.142,1506.317,1502.304,1496.77,1491.935,1489.761,1488.021,1486.949,1577.953,1561.899,1543.899,1530.277,1514.709,1503.52,1494.033,1486.614,1476.155,1469.77,1466.668,1462.928,1461.043,1460.184,1459.477,1548.764,1531.737,1511.79,1498.655,1492.087,1484.547,1475.547,1000,1000,1000,1000,1000,1000,1000,1000,1000,1000,1000,1000,1000,1000,1000,1000,1000,1000,1000,1000,1000,1000,1000,1000,1000,1000,1000,1000,1000,1000,1000,1000,1000,1000,1000,1000,1000,1000,1000,1000,1000,1000,1000,1000,1000,1000,1000,1000
1288.004,1179.143,1179.447,1179.964,1180.398,1180.93,1181.553,1182.039,1182.435,1183.621,1184.654,1185.84,1187.786,1189.793,1191.192,1192.651,1195.57,1197.759,1199.948,1202.867,1206.881,1209.192,1212.111,1216.003,1217.462,1221.111,1224.03,1229.868,1233.03,1240.327,1246.165,1255.895,1260.274,1269.031,1275.841,1279.733,1281.679,1287.517,1291.896,1298.707,1192.765,1193.107,1193.464,1193.791,1194.27,1194.856,1195.661,1196.634,1197.759,1199.219,1200.07,1201.651,1202.928,1204.813,1206.881,1208.827,1210.651,1213.205,1216.003,1216.854,1220.503,1222.327,1227.435,1230.111,1235.949,1239.598,1245.436,1248.111,1253.949,1256.868,1260.76,1269.517,1277.301,1288.49,1296.274,1305.517,1312.328,1208.295,1208.523,1208.865,1208.971,1209.283,1209.504,1210.119,1210.636,1212.05,1213.327,1214.422,1215.82,1217.705,1218.983,1221.841,1224.03,1225.854,1227.314,1229.989,1232.057,1235.584,1239.354,1243.976,1246.652,1253.219,1256.868,1262.949,1268.057,1270.976,1276.328,1279.247,1286.058,1289.463,1294.815,1298.22,1306.004,1309.896,1319.626,1329.842,1223.825,1224.167,1224.288,1224.539,1224.722,1225.315,1226.204,1227.618,1229.594,1230.962,1232.057,1233.516,1233.516,1235.098,1237.104,1239.354,1241.057,1243.976,1245.192,1248.841,1251.638,1256.868,1265.139,1273.166,1278.517,1285.571,1290.436,1290.923,1295.788,1299.193,1303.085,1302.112,1310.382,1321.572,1332.275,1340.545,1239.354,1239.43,1239.544,1239.772,1240.289,1240.974,1242.121,1242.76,1244.098,1245.74,1247.199,1248.598,1251.517,1253.949,1253.584,1255.53,1256.99,1259.544,1260.76,1264.044,1000,1000,1000,1000,1000,1000,1000,1000,1000,1000,1361.951,1324.004,1302.112,1290.193,1286.301,1285.085,1294.815,1310.382,1316.22,1321.572,1324.977,1327.41,1332.275,1342.004,1344.923,1352.221,1360.978,1255.036,1255.378,1255.675,1256.207,1256.823,1258.054,1259.057,1259.848,1260.912,1261.49,1260.73,1000,1000,1000,1000,1159.083,1153.245,1148.38,1145.461,1144.002,1144.002,1143.029,1144.002,1143.029,1142.056,1141.083,1141.083,1140.596,1140.596,1137.677,1137.677,1135.245,1135.245,1135.245,1136.218,1136.218,1137.677,1138.65,1138.65,1138.65,1137.677,1137.677,1136.704,1136.218,1135.245,1134.272,1133.786,1132.813,1132.813,1131.839,1131.839,1132.813,1132.813,1134.272,1134.272,1136.218,1136.704,1136.704,1136.704,1137.677,1137.677,1138.65,1139.623,1139.623,1139.623,1140.596,1140.596,1141.083,1141.083,1141.083,1143.029,1144.002,1144.002,1144.002,1144.002,1144.002,1144.002,1144.975,1144.975,1145.461,1146.434,1145.461,1146.434,1147.407,1148.38,1150.326,1153.245,1155.191,1155.191,1155.191,1155.191,1155.191,1151.299,1151.299,1147.407,1144.975,1144.002,1141.083,1139.623,1133.786,1129.407,1128.921,1131.839,1133.786,1139.623,1149.353,1149.353,1150.326,1159.083,1161.029,1167.84,1175.137,1068.413,1068.922,1069.394,1070.754,1071.119,1071.788,1072.548,1073.369,1074.099,1074.677,1075.528,1075.954,1076.379,1076.379,1077.109,1076.866,1000,1000,1000,1211.138,1000,1000,1000,1000,1000,1252.003,1252.003,1252.003,1252.976,1252.976,1140.148,1140.338,1142.01,1000,1155.191,1157.228,1157.593,1157.046,1156.377,1000,1000,1000,1000,1000,1000,1000,1000,1000,1000,1176.354,1170.759,1170.272,1170.759,1170.272,1170.272,1172.218,1172.705,1180.246,1000,1000,1000,1000,1000,1000,1497.682,1000,1415.039,1418.171,1419.934,1000,1000,1000,1000,1000,1000,1000,1000,1000,1000,1000,1000,1000,1000,1000,1000,1000,1000,1000,1000,1000,1000,1000,1000,1000,1000,1000,1000,1000,1000,1000,1000,1000,1000,1000,1000,1000,1000,1000,1000,1000,1000,1000,1000,1000,1000,1000,1000,1000,1000,1000,1000,1000,1000,1000,1000,1509.115,1511.182,1510.696,1510.331,1506.317,1503.763,1499.202,1496.77,1493.304,1490.932,1488.112,1487.139,1575.034,1552.169,1534.656,1528.818,1519.088,1509.358,1504.25,1502.547,1504.979,1509.358,1518.115,1527.358,1534.656,1536.115,1546.331,1000,1000,1000,1000,1000,1000,1632.927,1625.873,1621.251,1000,1000,1000,1000,1000,1000,1000,1000,1000,1000,1000,1000,1000,1000,1000,1000,1000,1000,1000,1000,1000,1000,1000,1000,1000,1000,1000,1000,1000,1000,1000,1000,1000,1000,1000,1000,1605.501,1601.852,1600.575,1596.501,1595.117,1592.221,1684.009,1662.117,1644.603,1624.657,1611.278,1598.629,1590.359,1585.251,1579.899,1000,1571.507,1000,1564.56,1649.954,1635.846,1612.494,1601.792,1593.278,1584.521,1573.332,1563.48,1556.183,1551.014,1545.845,1540.22,1539.079,1537.635,1628.549,1607.629,1590.116,1570.169,1559.223,1000,1538.547,1532.466,1527.115,1522.554,1517.689,1514.132,1512.49,1510.719,1610.062,1586.224,1571.142,1555.088,1540.493,1531.493,1524.926,1515.196,1503.398,1499.81,1493.912,1490.172,1488.393,1487.306,1486.493,1568.71,1556.061,1541.953,1528.818,1512.52,1501.331,1492.817,1484.79,1475.425,1469.222,1466.06,1462.381,1460.693,1459.796,1459.287,1544.385,1531.737,1510.331,1498.655,1491.358,1484.06,1471.168,1000,1000,1000,1000,1000,1000,1000,1000,1000,1000,1000,1000,1000,1000,1000,1000,1000,1000,1000,1000,1000,1000,1000,1000,1000,1000,1000,1000,1000,1000,1000,1000,1000,1000,1000,1000,1000,1000,1000,1000,1000,1000,1000,1000,1000,1000,1000,1000
1285.085,1179.105,1179.409,1179.843,1180.398,1181.021,1181.675,1182.161,1182.572,1183.317,1184.29,1185.597,1186.874,1189.002,1191.192,1191.739,1194.597,1196.665,1199.219,1202.381,1207.246,1210.165,1213.327,1216.976,1219.165,1221.111,1224.76,1229.138,1231.814,1238.868,1245.679,1252.003,1257.355,1269.031,1275.841,1281.679,1286.544,1290.436,1293.842,1302.599,1192.841,1193.198,1193.586,1193.791,1194.354,1194.962,1195.661,1196.482,1197.759,1199.036,1199.644,1200.922,1202.381,1203.962,1205.665,1209.192,1212.111,1214.057,1214.786,1216.003,1219.53,1221.841,1226.219,1230.598,1235.949,1239.598,1243.976,1248.111,1252.49,1255.409,1262.22,1268.544,1279.733,1289.463,1297.247,1307.463,1314.274,1208.219,1208.447,1208.675,1208.865,1209.032,1209.359,1210.119,1210.864,1211.761,1213.145,1214.422,1216.064,1217.705,1219.834,1220.928,1223.787,1225.489,1227.314,1229.138,1231.571,1234.611,1237.408,1242.517,1246.165,1252.49,1256.868,1262.22,1268.544,1271.463,1275.355,1279.247,1283.625,1286.058,1293.842,1296.274,1306.004,1309.896,1319.626,1327.896,1223.825,1224.091,1224.334,1224.539,1224.722,1225.231,1225.885,1227.329,1228.53,1230.598,1231.631,1232.3,1233.03,1234.307,1235.645,1238.017,1239.598,1242.152,1243.976,1247.99,1250.665,1255.409,1263.436,1271.22,1277.058,1282.652,1290.436,1290.923,1296.76,1300.652,1304.058,1306.49,1313.788,1322.545,1331.302,1340.545,1348.329,1239.506,1239.62,1239.902,1240.35,1241.057,1242,1243.034,1244.28,1245.557,1247.199,1248.111,1250.422,1251.821,1252.368,1253.949,1255.895,1258.084,1259.909,1262.341,1000,1000,1000,1000,1000,1000,1000,1000,1000,1000,1000,1000,1299.68,1286.301,1285.571,1282.652,1296.274,1307.463,1312.328,1317.193,1321.572,1322.058,1328.383,1337.139,1344.923,1356.113,1361.951,1255.112,1255.34,1255.675,1256.29,1256.541,1257.339,1258.905,1260.03,1260.73,1261.733,1262.098,1261.49,1000,1000,1000,1000,1153.245,1148.38,1145.461,1144.975,1144.975,1144.002,1144.002,1142.056,1142.056,1141.083,1141.083,1140.596,1140.596,1138.65,1138.65,1136.704,1136.704,1137.677,1137.677,1138.65,1139.623,1141.083,1140.596,1140.596,1139.623,1139.623,1137.677,1137.677,1137.677,1136.704,1136.218,1135.245,1135.245,1135.245,1134.272,1134.272,1135.245,1136.218,1136.218,1137.677,1137.677,1138.65,1139.623,1139.623,1139.623,1140.596,1141.083,1141.083,1141.083,1141.083,1141.083,1142.056,1142.056,1143.029,1144.002,1144.975,1144.002,1144.002,1144.002,1144.975,1144.975,1144.975,1146.434,1147.407,1146.434,1146.434,1147.407,1148.38,1149.353,1151.299,1153.245,1155.191,1156.164,1156.164,1157.137,1156.164,1152.272,1153.245,1150.326,1149.353,1146.434,1145.461,1141.083,1138.65,1132.813,1133.786,1137.677,1139.623,1144.975,1154.218,1153.245,1154.218,1162.975,1167.84,1176.11,1068.185,1068.755,1069.318,1069.903,1070.633,1071.514,1071.788,1072.7,1073.369,1073.917,1074.494,1075.528,1075.954,1076.379,1076.623,1077.109,1076.866,1000,1000,1000,1209.678,1000,1000,1000,1000,1248.111,1140.11,1248.111,1248.111,1250.057,1251.03,1252.003,1140.262,1142.314,1000,1154.553,1156.377,1156.377,1157.411,1157.776,1000,1000,1000,1000,1000,1000,1000,1000,1000,1000,1000,1171.732,1169.786,1169.299,1169.299,1169.299,1170.272,1170.759,1178.543,1000,1000,1000,1000,1000,1000,1498.655,1000,1415.632,1419.752,1420.695,1000,1000,1000,1000,1000,1000,1000,1000,1000,1000,1000,1000,1000,1000,1000,1000,1000,1000,1000,1000,1000,1000,1000,1000,1000,1000,1000,1000,1000,1000,1000,1000,1000,1000,1000,1000,1000,1000,1000,1000,1000,1000,1000,1000,1000,1000,1000,1000,1000,1000,1000,1000,1000,1000,1000,1000,1505.223,1507.898,1507.412,1509.844,1505.588,1503.398,1499.202,1497.013,1492.118,1490.172,1487.861,1486.994,1575.034,1554.115,1533.682,1527.358,1514.709,1504.25,1500.601,1498.412,1501.817,1506.682,1517.628,1524.926,1536.115,1533.682,1540.493,1000,1000,1000,1000,1650.441,1634.873,1631.224,1626.359,1622.711,1000,1000,1000,1000,1000,1000,1000,1000,1000,1000,1000,1000,1000,1000,1000,1000,1000,1000,1000,1000,1000,1000,1000,1000,1000,1000,1000,1000,1000,1000,1000,1000,1000,1000,1000,1000,1603.737,1601.548,1599.42,1596.683,1595.254,1592.449,1684.009,1667.954,1642.17,1623.197,1610.548,1599.602,1590.359,1589.386,1583.062,1577.649,1572.602,1000,1564.56,1650.927,1635.846,1610.548,1598.873,1595.467,1587.197,1574.548,1564.94,1559.223,1552.899,1546.818,1540.767,1538.882,1537.506,1622.711,1601.792,1585.251,1568.224,1556.061,1547.304,1539.034,1531.98,1527.115,1523.162,1517.263,1513.828,1511.745,1510.224,1597.9,1583.305,1566.764,1555.088,1540.493,1535.872,1525.655,1516.655,1504.128,1500.419,1493.304,1490.035,1488.393,1487.306,1581.845,1566.764,1553.142,1535.142,1525.899,1510.088,1499.385,1488.925,1484.303,1475.79,1469.77,1466.242,1463.08,1461.149,1460.063,1459.401,1545.358,1526.872,1506.439,1494.277,1486.736,1478.466,1000,1000,1000,1000,1000,1000,1000,1000,1000,1000,1000,1000,1000,1000,1000,1000,1000,1000,1000,1000,1000,1000,1000,1000,1000,1000,1000,1000,1000,1000,1000,1000,1000,1000,1000,1000,1000,1000,1000,1000,1000,1000,1000,1000,1000,1000,1000,1000,1000
1289.95,1179.219,1179.485,1179.843,1180.314,1180.93,1181.34,1181.796,1182.572,1183.012,1183.955,1185.415,1186.874,1188.273,1190.888,1191.739,1193.867,1195.57,1198.124,1200.435,1205.057,1209.192,1212.597,1217.462,1219.895,1222.814,1224.76,1231.084,1231.814,1237.895,1243.246,1249.571,1254.436,1265.625,1271.949,1278.76,1286.544,1293.842,1298.707,1192.727,1192.917,1193.244,1193.525,1193.715,1194.095,1194.962,1195.54,1196.33,1197.911,1198.854,1199.827,1200.922,1202.624,1204.266,1205.969,1208.462,1211.381,1212.476,1214.057,1215.273,1219.043,1221.841,1225.733,1230.111,1235.949,1238.868,1243.49,1248.111,1252.976,1257.355,1262.22,1270.976,1279.247,1290.436,1296.274,1304.058,1309.409,1315.247,1208.333,1208.561,1208.675,1209.154,1209.587,1210.21,1210.864,1211.898,1212.658,1213.479,1214.786,1216.976,1218.739,1220.381,1222.814,1224.76,1226.219,1228.408,1231.206,1233.273,1236.435,1239.841,1242.517,1247.382,1252.49,1260.274,1265.139,1271.463,1276.328,1279.247,1284.112,1286.544,1290.923,1298.22,1305.031,1310.869,1316.707,1329.842,1223.825,1224.091,1224.288,1224.782,1224.722,1225.231,1226.098,1226.918,1228.53,1229.777,1230.962,1231.388,1232.057,1234.064,1234.854,1237.104,1239.354,1240.692,1243.611,1247.138,1250.665,1255.409,1262.22,1270.733,1277.058,1279.977,1288.004,1291.896,1294.815,1299.68,1302.112,1306.49,1315.734,1322.545,1333.248,1340.545,1345.41,1239.392,1239.544,1239.811,1240.168,1240.882,1241.665,1242.486,1243.946,1245.344,1246.53,1247.868,1250.118,1250.665,1251.213,1252.976,1254.922,1256.625,1259.544,1261.49,1000,1000,1000,1000,1000,1000,1000,1263.193,1257.689,1255.264,1352.221,1317.68,1298.22,1284.355,1280.22,1280.22,1292.139,1299.68,1306.49,1312.328,1316.22,1320.599,1325.95,1336.167,1342.977,1354.167,1363.896,1255.112,1255.378,1255.675,1256.207,1256.625,1257.811,1258.905,1260.547,1261.307,1262.341,1263.193,1263.922,1000,1000,1000,1000,1155.191,1149.353,1147.407,1146.434,1145.461,1144.975,1144.002,1142.056,1141.083,1141.083,1141.083,1141.083,1142.056,1141.083,1141.083,1140.596,1140.596,1140.596,1141.083,1141.083,1141.083,1142.056,1142.056,1141.083,1141.083,1140.596,1139.623,1139.623,1139.623,1138.65,1137.677,1136.704,1136.704,1136.218,1135.245,1136.218,1136.704,1136.704,1137.677,1138.65,1139.623,1139.623,1140.596,1141.083,1142.056,1143.029,1143.029,1143.029,1143.029,1142.056,1142.056,1143.029,1144.002,1144.002,1144.975,1144.975,1144.975,1145.461,1145.461,1146.434,1146.434,1146.434,1147.407,1148.38,1147.407,1147.407,1148.38,1148.38,1150.326,1151.299,1154.218,1156.164,1156.164,1156.164,1156.164,1155.191,1151.299,1152.272,1150.326,1149.353,1146.434,1144.975,1140.596,1136.704,1133.786,1135.245,1140.596,1142.056,1149.353,1155.191,1155.191,1156.164,1167.84,1169.786,1180.002,1068.261,1068.702,1069.318,1070.009,1070.754,1071.514,1071.94,1072.548,1073.369,1074.099,1074.494,1075.71,1075.954,1076.623,1076.866,1077.352,1000,1000,1000,1000,1000,1000,1000,1000,1252.003,1140.3,1140.376,1250.057,1250.057,1250.057,1251.03,1252.003,1140.262,1141.904,1000,1154.203,1155.921,1156.529,1158.353,1000,1000,1000,1000,1000,1000,1000,1000,1000,1000,1000,1000,1175.867,1171.732,1169.786,1169.786,1169.786,1169.299,1170.272,1179.273,1000,1000,1000,1000,1000,1506.925,1414.568,1000,1416.59,1419.417,1418.779,1000,1000,1000,1000,1000,1000,1000,1000,1000,1000,1000,1000,1000,1000,1000,1000,1000,1000,1000,1000,1000,1000,1000,1000,1000,1000,1000,1000,1000,1000,1000,1000,1000,1000,1000,1000,1000,1000,1000,1000,1000,1000,1000,1000,1000,1000,1000,1000,1000,1000,1000,1000,1000,1000,1000,1000,1511.182,1512.034,1509.115,1512.034,1507.412,1503.033,1498.959,1495.736,1491.236,1488.804,1487.139,1486.607,1572.115,1544.872,1532.709,1524.926,1512.034,1501.331,1501.331,1494.52,1497.682,1502.547,1512.034,1516.169,1529.791,1529.791,1538.547,1000,1000,1000,1000,1648.495,1632.927,1630.008,1626.846,1622.224,1000,1000,1000,1000,1000,1000,1000,1000,1000,1000,1000,1000,1000,1000,1000,1000,1000,1000,1000,1000,1000,1000,1000,1000,1000,1000,1000,1000,1000,1000,1000,1000,1000,1000,1000,1000,1000,1602.886,1598.568,1595.862,1593.886,1592.274,1678.171,1663.09,1633.9,1618.332,1603.981,1594.008,1585.251,1586.953,1580.143,1576.19,1571.751,1567.463,1564.522,1645.576,1632.927,1613.954,1604.224,1599.845,1590.359,1574.061,1565.305,1558.007,1553.264,1547.852,1541.527,1539.079,1537.635,1623.684,1603.737,1584.278,1567.494,1555.575,1547.304,1538.061,1531.25,1527.115,1522.554,1517.02,1513.979,1511.638,1510.262,1600.332,1581.359,1562.386,1552.169,1537.331,1531.493,1522.25,1512.885,1502.304,1499.506,1493.304,1490.172,1488.697,1487.428,1583.791,1564.818,1550.223,1532.223,1520.547,1506.196,1495.493,1486.128,1482.601,1474.452,1468.979,1464.509,1461.773,1460.245,1459.515,1552.656,1540.493,1522.493,1506.439,1494.763,1486.736,1473.357,1000,1000,1000,1000,1000,1000,1000,1000,1000,1000,1000,1000,1000,1000,1000,1000,1000,1000,1000,1000,1000,1000,1000,1000,1000,1000,1000,1000,1000,1000,1000,1000,1000,1000,1000,1000,1000,1000,1000,1000,1000,1000,1000,1000,1000,1000,1000,1000,1000
1288.977,1179.143,1179.447,1179.843,1180.238,1180.823,1181.553,1182.161,1183.165,1183.955,1184.654,1185.597,1186.874,1187.786,1190.34,1191.739,1193.259,1195.205,1198.124,1199.948,1204.57,1209.678,1213.814,1216.976,1219.165,1222.327,1224.03,1229.868,1232.3,1239.354,1243.733,1248.598,1252.49,1261.733,1269.031,1276.814,1284.598,1294.815,1298.707,1192.651,1192.841,1193.107,1193.297,1193.464,1193.791,1194.445,1195.54,1196.057,1197.577,1198.459,1199.827,1201.408,1202.138,1204.266,1205.665,1208.219,1210.651,1212.111,1214.786,1216.003,1218.678,1221.841,1225.733,1230.111,1234.003,1238.868,1242.76,1247.382,1251.517,1256.868,1260.76,1269.517,1278.274,1288.49,1295.301,1303.085,1306.49,1311.355,1317.193,1208.371,1208.523,1209.032,1209.427,1209.922,1210.423,1211.624,1212.658,1213.479,1215.03,1216.733,1218.496,1220.077,1221.841,1223.787,1225.489,1228.408,1231.206,1234.611,1237.895,1240.814,1243.976,1248.354,1252.003,1259.544,1263.679,1270.976,1271.463,1276.328,1279.247,1287.517,1292.869,1300.166,1306.004,1311.842,1318.653,1326.923,1223.825,1224.129,1224.433,1224.722,1224.995,1225.315,1225.991,1227.192,1228.226,1229.594,1230.172,1230.962,1232.3,1233.516,1234.854,1236.496,1238.381,1240.327,1243.246,1246.773,1250.179,1255.409,1261.733,1268.787,1272.436,1279.977,1283.625,1286.544,1292.382,1299.193,1305.031,1308.436,1315.734,1324.491,1332.275,1338.599,1346.383,1239.392,1239.582,1239.856,1240.229,1240.882,1241.772,1242.365,1243.49,1244.797,1246.348,1247.199,1248.598,1249.084,1249.632,1250.969,1253.584,1255.53,1257.719,1259.544,1000,1000,1000,1000,1000,1000,1000,1263.193,1258.191,1255.515,1360.978,1317.193,1290.679,1281.436,1275.598,1279.004,1290.679,1299.68,1302.599,1307.95,1312.328,1317.193,1324.977,1338.112,1346.869,1355.14,1254.998,1255.226,1255.302,1255.675,1256.062,1256.207,1257.568,1258.328,1260.182,1261.733,1262.524,1263.436,1263.436,1000,1000,1000,1000,1000,1149.353,1146.434,1145.461,1144.975,1144.002,1144.002,1141.083,1141.083,1141.083,1141.083,1142.056,1143.029,1142.056,1142.056,1142.056,1142.056,1142.056,1142.056,1143.029,1142.056,1144.002,1144.002,1144.002,1143.029,1143.029,1141.083,1140.596,1139.623,1139.623,1138.65,1137.677,1137.677,1138.65,1137.677,1138.65,1139.623,1140.596,1140.596,1141.083,1141.083,1142.056,1142.056,1143.029,1144.002,1144.975,1144.975,1144.002,1144.002,1144.002,1143.029,1144.002,1144.975,1144.975,1145.461,1146.434,1146.434,1146.434,1147.407,1147.407,1147.407,1148.38,1148.38,1148.38,1149.353,1149.353,1150.326,1151.299,1152.272,1154.218,1155.191,1156.164,1157.137,1156.164,1153.245,1152.272,1149.353,1150.326,1150.326,1151.299,1149.353,1146.434,1140.596,1136.704,1133.786,1136.218,1142.056,1144.002,1150.326,1157.137,1159.083,1158.11,1167.84,1174.164,1182.921,1068.489,1069.173,1069.812,1070.313,1070.998,1071.651,1072.092,1072.7,1073.217,1073.917,1074.312,1075.285,1075.954,1076.623,1076.866,1077.596,1078.082,1000,1000,1000,1000,1000,1000,1246.165,1140.262,1140.376,1140.376,1247.138,1248.111,1247.138,1248.111,1248.111,1140.224,1141.813,1000,1153.405,1154.431,1155.191,1156.711,1000,1000,1000,1000,1000,1000,1000,1000,1000,1000,1000,1000,1174.894,1170.759,1169.786,1169.299,1169.299,1169.299,1170.759,1179.759,1000,1000,1000,1459.249,1473.357,1504.006,1414.872,1000,1000,1000,1000,1000,1000,1000,1000,1000,1000,1000,1000,1000,1000,1000,1000,1000,1000,1000,1000,1000,1000,1000,1000,1000,1000,1000,1000,1000,1000,1000,1000,1000,1000,1000,1000,1000,1000,1000,1000,1000,1000,1000,1000,1000,1000,1000,1000,1000,1000,1000,1000,1000,1000,1000,1000,1000,1000,1000,1000,1507.898,1509.479,1507.412,1511.547,1507.898,1502.06,1499.506,1495.979,1491.753,1488.804,1487.192,1583.791,1568.71,1542.926,1536.115,1523.953,1513.979,1503.033,1502.547,1493.547,1498.412,1501.817,1513.979,1519.574,1537.574,1531.25,1542.926,1537.088,1000,1000,1000,1000,1630.008,1630.008,1627.332,1625.143,1000,1000,1000,1000,1000,1000,1000,1000,1000,1000,1000,1000,1000,1000,1000,1000,1000,1000,1000,1000,1000,1000,1000,1000,1000,1000,1000,1000,1000,1000,1000,1000,1000,1000,1000,1000,1000,1603.19,1600.575,1595.558,1594.844,1592.639,1688.874,1666.981,1646.549,1621.981,1608.602,1595.467,1588.535,1586.102,1582.697,1577.345,1573.818,1567.874,1564.56,1638.765,1624.17,1607.629,1595.467,1593.278,1585.251,1574.061,1568.224,1563.115,1556.183,1549.25,1542.713,1539.855,1537.681,1620.278,1597.9,1579.413,1561.169,1551.196,1545.115,1536.237,1528.574,1524.439,1520.608,1515.834,1513.113,1511.053,1509.92,1594.981,1576.494,1555.088,1549.737,1537.331,1528.574,1519.088,1511.182,1501.331,1498.351,1493.304,1490.172,1488.484,1486.994,1575.034,1562.872,1549.25,1532.223,1522.493,1507.898,1495.006,1485.641,1480.655,1474.452,1470.013,1465.057,1461.894,1460.458,1459.363,1550.71,1535.628,1520.547,1502.547,1496.223,1484.06,1473.844,1000,1000,1000,1000,1000,1000,1000,1000,1000,1000,1000,1000,1000,1000,1000,1000,1000,1000,1000,1000,1000,1000,1000,1000,1000,1000,1000,1000,1000,1000,1000,1000,1000,1000,1000,1000,1000,1000,1000,1000,1000,1000,1000,1000,1000,1000,1000,1000,1000
1288.004,1179.181,1179.531,1180.025,1180.474,1181.34,1182.039,1182.572,1183.955,1184.837,1185.415,1186.874,1188.273,1189.307,1191.496,1192.651,1194.597,1196.665,1198.854,1201.165,1206.395,1211.138,1214.786,1218.192,1219.165,1222.327,1224.76,1229.868,1233.76,1240.814,1243.733,1248.598,1252.003,1259.301,1265.625,1272.922,1280.706,1290.436,1295.788,1192.651,1192.803,1193.069,1193.244,1193.525,1194.019,1194.552,1195.418,1196.193,1197.759,1198.459,1199.644,1201.408,1203.172,1203.962,1206.273,1207.854,1209.557,1211.746,1214.422,1216.003,1220.016,1222.327,1227.435,1230.111,1232.787,1235.949,1240.084,1245.436,1249.571,1255.409,1259.787,1267.084,1276.328,1283.625,1291.409,1300.166,1304.058,1306.49,1314.274,1208.333,1208.675,1208.812,1209.154,1209.838,1210.423,1211.351,1211.761,1213.145,1214.026,1215.212,1217.219,1219.287,1221.537,1223.787,1225.854,1227.679,1232.422,1235.098,1237.895,1240.814,1242.517,1245.192,1248.354,1256.382,1261.49,1268.544,1270.976,1277.787,1280.22,1288.49,1292.869,1299.193,1304.058,1311.842,1315.734,1325.95,1330.815,1224.053,1224.243,1224.433,1224.851,1225.155,1225.885,1226.432,1227.618,1228.226,1230.172,1230.962,1232.3,1233.516,1235.645,1236.8,1238.381,1240.327,1243.246,1246.773,1250.179,1254.922,1262.22,1268.057,1272.436,1278.517,1282.652,1285.085,1289.463,1297.247,1303.085,1307.463,1314.761,1322.545,1326.437,1333.248,1341.518,1348.329,1239.506,1239.811,1240.289,1240.639,1241.559,1242.486,1243.186,1244.098,1245.344,1246.348,1247.625,1249.084,1250.118,1250.969,1252.976,1255.53,1256.99,1259.544,1000,1000,1000,1000,1000,1000,1268.848,1263.679,1257.689,1255.302,1354.167,1317.193,1297.004,1281.436,1278.517,1281.436,1295.544,1302.599,1303.571,1308.923,1314.761,1318.653,1328.383,1336.167,1346.869,1355.14,1254.922,1255.226,1255.302,1255.621,1255.918,1256.366,1257.339,1259.513,1260.547,1261.49,1262.767,1263.679,1264.166,1000,1000,1000,1000,1000,1150.326,1148.38,1146.434,1145.461,1145.461,1144.975,1143.029,1142.056,1141.083,1141.083,1143.029,1143.029,1144.002,1144.002,1144.975,1144.002,1144.002,1144.975,1144.002,1144.002,1145.461,1145.461,1145.461,1144.975,1144.975,1144.002,1142.056,1142.056,1142.056,1142.056,1140.596,1139.623,1139.623,1138.65,1139.623,1141.083,1141.083,1141.083,1143.029,1143.029,1144.002,1144.002,1144.002,1144.975,1144.975,1144.975,1144.975,1144.975,1144.975,1144.975,1145.461,1145.461,1145.461,1146.434,1146.434,1147.407,1148.38,1149.353,1148.38,1149.353,1149.353,1149.353,1150.326,1151.299,1152.272,1152.272,1154.218,1154.218,1156.164,1156.164,1156.164,1156.164,1157.137,1154.218,1152.272,1149.353,1148.38,1148.38,1151.299,1148.38,1145.461,1138.65,1133.786,1128.921,1133.786,1139.623,1146.434,1151.299,1157.137,1155.191,1155.191,1163.948,1172.218,1180.975,1068.489,1069.173,1069.812,1070.42,1070.998,1071.651,1072.092,1072.7,1073.035,1073.734,1074.312,1075.102,1075.528,1075.954,1075.71,1076.379,1074.677,1000,1000,1000,1000,1000,1000,1241.3,1140.224,1140.414,1140.3,1247.138,1246.165,1246.165,1246.165,1246.165,1140.186,1141.813,1000,1000,1153.777,1154.431,1156.225,1000,1000,1000,1000,1000,1000,1000,1000,1000,1000,1000,1000,1000,1171.245,1169.786,1168.813,1168.813,1167.962,1169.786,1176.354,1000,1000,1000,1468.006,1482.114,1504.979,1414.72,1000,1000,1000,1000,1000,1000,1000,1000,1000,1000,1000,1000,1000,1000,1000,1000,1000,1000,1000,1000,1000,1000,1000,1000,1000,1000,1000,1000,1000,1000,1000,1000,1000,1000,1000,1000,1000,1000,1000,1000,1000,1000,1000,1000,1000,1000,1000,1000,1000,1000,1000,1000,1000,1000,1000,1000,1000,1000,1000,1504.858,1509.115,1510.331,1506.682,1509.479,1505.952,1501.331,1499.202,1495.493,1491.418,1488.484,1487.086,1581.845,1569.683,1546.331,1539.52,1524.926,1512.52,1501.331,1498.412,1489.898,1493.547,1497.196,1508.628,1513.979,1536.115,1529.791,1539.52,1532.709,1000,1000,1000,1000,1631.711,1631.711,1625.873,1000,1000,1000,1000,1000,1000,1000,1000,1000,1000,1000,1000,1000,1000,1000,1000,1000,1000,1000,1000,1000,1000,1000,1000,1000,1000,1000,1000,1000,1000,1000,1000,1000,1000,1000,1000,1000,1000,1603.19,1600.332,1595.862,1595.117,1592.86,1591.689,1670.873,1648.008,1619.792,1611.278,1599.602,1589.872,1587.683,1584.521,1578.561,1573.332,1567.463,1564.408,1634.873,1619.792,1606.656,1595.467,1593.278,1586.467,1575.521,1570.169,1561.777,1554.723,1547.061,1541.679,1538.791,1537.354,1613.467,1592.548,1574.548,1556.061,1547.304,1541.953,1533.682,1527.845,1523.466,1519.331,1516.412,1514.436,1511.129,1509.996,1592.062,1569.196,1546.818,1544.872,1533.439,1526.142,1515.682,1509.844,1499.81,1497.013,1491.935,1489.761,1487.861,1486.759,1569.683,1562.872,1545.845,1528.818,1519.088,1507.412,1493.547,1485.276,1481.02,1475.06,1468.492,1464.357,1461.894,1460.458,1459.325,1547.304,1531.737,1515.196,1497.196,1491.358,1484.06,1471.168,1000,1000,1000,1000,1000,1000,1000,1000,1000,1000,1000,1000,1000,1000,1000,1000,1000,1000,1000,1000,1000,1000,1000,1000,1000,1000,1000,1000,1000,1000,1000,1000,1000,1000,1000,1000,1000,1000,1000,1000,1000,1000,1000,1000,1000,1000,1000,1000,1000
1179.181,1179.333,1179.675,1180.17,1180.648,1181.675,1182.708,1183.469,1185.019,1185.84,1186.874,1188.516,1190.34,1191.192,1193.259,1194.232,1195.57,1197.394,1201.651,1204.084,1209.678,1214.3,1218.192,1221.111,1222.327,1225.246,1228.408,1233.03,1238.868,1246.165,1249.571,1253.463,1256.868,1262.706,1269.031,1275.841,1285.571,1292.869,1297.734,1192.727,1192.917,1193.107,1193.244,1193.525,1194.179,1194.749,1195.54,1196.634,1197.759,1198.641,1199.827,1201.408,1202.928,1203.719,1205.361,1206.881,1209.192,1211.746,1215.273,1217.705,1220.503,1222.327,1225.246,1228.408,1231.814,1235.219,1238.868,1243.49,1248.841,1252.976,1258.328,1263.679,1272.922,1282.652,1290.436,1296.274,1301.139,1303.085,1308.436,1317.193,1208.523,1208.766,1208.971,1209.359,1209.838,1210.743,1211.761,1212.81,1214.026,1215.395,1216.733,1218.983,1220.928,1222.814,1225.854,1227.679,1231.571,1234.611,1237.408,1239.354,1240.814,1243.49,1247.868,1256.382,1259.057,1265.868,1267.084,1271.463,1276.328,1284.112,1290.923,1296.274,1303.085,1308.923,1312.815,1322.058,1223.787,1223.901,1224.205,1224.6,1224.851,1225.315,1225.991,1226.554,1227.329,1228.53,1229.777,1231.388,1232.787,1234.064,1236.253,1236.8,1239.598,1241.422,1244.341,1247.99,1251.638,1256.382,1262.22,1268.787,1271.949,1277.058,1279.977,1285.571,1290.436,1296.76,1302.112,1307.463,1312.815,1319.626,1325.464,1330.328,1338.599,1346.383,1239.544,1239.811,1240.35,1240.799,1241.772,1242,1243.186,1243.946,1244.979,1245.922,1247.442,1248.598,1249.875,1250.665,1252.976,1255.53,1257.355,1000,1000,1000,1000,1000,1000,1000,1271.098,1265.199,1259.848,1256.716,1255.188,1335.193,1313.788,1293.355,1285.571,1288.733,1298.22,1304.058,1306.004,1310.382,1316.22,1321.572,1327.41,1342.004,1345.896,1355.14,1361.951,1255.036,1255.302,1255.469,1255.918,1256.625,1257.233,1259.057,1260.365,1260.73,1261.733,1262.524,1263.436,1262.098,1000,1000,1000,1000,1000,1149.353,1147.407,1145.461,1144.975,1144.002,1143.029,1142.056,1142.056,1142.056,1143.029,1144.002,1144.002,1144.975,1144.975,1144.975,1144.975,1144.975,1145.461,1145.461,1146.434,1146.434,1146.434,1146.434,1146.434,1145.461,1144.975,1144.975,1144.975,1144.975,1144.002,1143.029,1143.029,1142.056,1142.056,1143.029,1143.029,1143.029,1143.029,1143.029,1144.002,1144.002,1144.975,1145.461,1146.434,1146.434,1146.434,1146.434,1146.434,1146.434,1147.407,1147.407,1147.407,1148.38,1148.38,1148.38,1150.326,1150.326,1150.326,1150.326,1151.299,1150.326,1152.272,1153.245,1155.191,1156.164,1158.11,1157.137,1157.137,1158.11,1158.11,1157.137,1157.137,1156.164,1152.272,1149.353,1148.38,1146.434,1148.38,1145.461,1144.975,1141.083,1138.65,1136.218,1141.083,1145.461,1147.407,1149.353,1152.272,1151.299,1152.272,1160.056,1167.84,1176.11,1068.375,1068.922,1069.728,1070.207,1070.998,1071.514,1072.092,1072.548,1073.217,1073.734,1074.312,1075.102,1075.71,1075.954,1076.197,1075.71,1000,1000,1000,1000,1000,1000,1000,1237.895,1140.224,1140.262,1140.186,1250.057,1247.138,1245.192,1247.138,1248.111,1140.186,1141.904,1000,1000,1000,1153.99,1000,1000,1000,1000,1000,1000,1000,1000,1000,1000,1000,1000,1000,1000,1171.732,1169.786,1168.813,1169.299,1168.326,1168.813,1174.408,1000,1000,1000,1000,1000,1000,1000,1000,1418.171,1000,1000,1000,1000,1000,1000,1000,1000,1000,1000,1000,1000,1000,1000,1000,1000,1000,1000,1000,1000,1000,1000,1000,1000,1000,1000,1000,1000,1000,1000,1000,1000,1000,1000,1000,1000,1000,1000,1000,1000,1000,1000,1000,1000,1000,1000,1000,1000,1000,1000,1000,1000,1000,1000,1000,1000,1000,1000,1000,1509.479,1504.493,1506.317,1503.763,1500.115,1497.56,1495.006,1491.418,1488.112,1486.911,1581.845,1568.71,1543.899,1539.52,1000,1509.358,1497.682,1493.547,1485.276,1487.101,1492.817,1504.979,1513.979,1532.223,1526.385,1530.277,1000,1000,1000,1000,1000,1632.927,1000,1000,1000,1000,1000,1000,1000,1000,1000,1000,1000,1000,1000,1000,1000,1000,1000,1000,1000,1000,1000,1000,1000,1000,1000,1000,1000,1000,1000,1000,1000,1000,1000,1000,1000,1000,1000,1000,1000,1000,1604.285,1599.845,1596.166,1594.981,1592.943,1591.841,1677.198,1648.008,1621.251,1612.494,1600.089,1586.467,1584.886,1580.872,1575.642,1570.717,1567.099,1564.484,1636.819,1622.711,1609.089,1595.467,1591.089,1582.818,1572.845,1566.277,1560.075,1553.629,1547.365,1541.831,1538.707,1537.202,1605.683,1586.71,1568.224,1553.142,1543.412,1539.52,1532.831,1529.669,1525.047,1520.912,1517.263,1514.284,1510.49,1000,1000,1000,1536.601,1539.277,1529.061,1521.763,1513.858,1509.844,1500.419,1496.466,1492.118,1489.761,1488.195,1486.797,1575.034,1565.791,1545.845,1525.899,1516.169,1504.25,1490.871,1485.276,1480.168,1475.425,1468.492,1464.509,1461.773,1460.534,1459.401,1548.764,1534.656,1518.115,1499.141,1493.547,1485.276,1000,1000,1000,1000,1000,1000,1000,1000,1000,1000,1000,1000,1000,1000,1000,1000,1000,1000,1000,1000,1000,1000,1000,1000,1000,1000,1000,1000,1000,1000,1000,1000,1000,1000,1000,1000,1000,1000,1000,1000,1000,1000,1000,1000,1000,1000,1000,1000,1000,1000
1180.025,1180.314,1180.474,1180.732,1181.234,1182.039,1182.86,1184.137,1186.205,1188.029,1189.55,1191.496,1192.955,1193.867,1195.57,1197.03,1198.854,1202.381,1206.395,1209.192,1214.3,1218.678,1221.597,1224.03,1225.246,1229.138,1232.3,1238.868,1244.706,1253.463,1258.328,1264.652,1265.625,1268.057,1271.949,1276.814,1285.571,1294.815,1303.571,1192.841,1193.069,1193.297,1193.464,1194.095,1194.643,1195.418,1196.193,1197.577,1198.641,1199.644,1201.408,1203.172,1204.509,1205.361,1207.489,1208.827,1211.016,1214.057,1216.854,1219.53,1221.841,1224.76,1224.273,1227.922,1228.895,1230.598,1236.435,1239.598,1245.922,1251.517,1257.355,1264.652,1270.976,1279.733,1288.49,1292.382,1298.22,1301.139,1310.382,1316.22,1208.561,1208.865,1209.093,1209.427,1209.747,1210.864,1211.229,1212.81,1213.479,1214.786,1216.064,1218.496,1220.928,1222.814,1225.854,1228.043,1230.841,1232.908,1236.071,1236.922,1239.841,1242.517,1245.679,1252.49,1257.598,1263.679,1266.598,1271.463,1274.868,1281.193,1288.49,1295.301,1299.193,1307.95,1317.68,1319.626,1325.95,1223.825,1223.977,1224.334,1224.661,1225.071,1225.581,1226.098,1227.329,1228.074,1229.989,1231.206,1233.76,1235.098,1237.104,1237.713,1239.963,1241.422,1244.341,1247.138,1251.638,1257.355,1262.949,1267.084,1270.003,1275.112,1277.058,1282.652,1288.49,1292.382,1299.68,1303.085,1308.436,1314.761,1321.572,1326.437,1336.653,1341.518,1239.468,1239.772,1240.229,1240.495,1241.346,1241.559,1242.486,1243.186,1244.463,1245.922,1246.773,1248.111,1249.875,1250.118,1252.672,1254.557,1256.26,1257.719,1000,1000,1000,1000,1000,1000,1000,1000,1000,1000,1255.036,1337.139,1309.896,1000,1281.922,1290.193,1295.544,1306.004,1306.49,1312.328,1316.22,1325.95,1328.383,1337.139,1342.004,1350.761,1354.167,1254.96,1255.15,1255.469,1255.857,1256.625,1257.689,1258.905,1259.513,1260.547,1261.125,1262.341,1263.193,1262.767,1261.733,1000,1000,1000,1000,1151.299,1148.38,1145.461,1144.975,1144.975,1144.002,1144.002,1144.002,1144.002,1144.002,1144.002,1144.975,1145.461,1146.434,1146.434,1146.434,1147.407,1147.407,1147.407,1148.38,1149.353,1149.353,1149.353,1148.38,1148.38,1147.407,1146.434,1147.407,1146.434,1145.461,1145.461,1144.975,1144.002,1144.002,1144.975,1144.975,1144.975,1144.975,1144.975,1144.975,1145.461,1145.461,1147.407,1147.407,1147.407,1147.407,1147.407,1147.407,1147.407,1148.38,1148.38,1148.38,1149.353,1149.353,1150.326,1152.272,1152.272,1151.299,1151.299,1152.272,1152.272,1154.218,1155.191,1157.137,1157.137,1158.11,1157.137,1157.137,1156.164,1156.164,1157.137,1155.191,1154.218,1151.299,1151.299,1148.38,1148.38,1148.38,1145.461,1144.002,1142.056,1138.65,1135.245,1142.056,1145.461,1149.353,1152.272,1157.137,1156.164,1157.137,1163.948,1171.245,1178.056,1068.337,1068.983,1069.728,1070.313,1071.119,1071.651,1072.092,1072.396,1073.035,1073.734,1074.099,1075.102,1075.528,1075.102,1074.312,1000,1000,1169.239,1000,1000,1000,1000,1000,1000,1140.376,1140.224,1251.03,1248.111,1246.165,1245.192,1245.192,1247.138,1252.976,1000,1000,1000,1000,1154.309,1000,1000,1000,1000,1000,1000,1000,1000,1000,1000,1000,1000,1000,1181.462,1175.381,1172.705,1171.245,1169.786,1167.962,1168.813,1172.705,1000,1000,1000,1000,1000,1497.682,1000,1000,1000,1416.803,1000,1000,1000,1000,1000,1000,1000,1000,1000,1000,1000,1000,1000,1000,1000,1000,1000,1000,1000,1000,1000,1000,1000,1000,1000,1000,1000,1000,1000,1000,1000,1000,1000,1000,1000,1000,1000,1000,1000,1000,1000,1000,1000,1000,1000,1000,1000,1000,1000,1000,1000,1000,1000,1000,1000,1000,1000,1000,1510.331,1000,1509.115,1505.952,1500.419,1497.804,1494.763,1492.878,1488.697,1487.367,1583.791,1569.683,1540.493,1000,1000,1000,1502.547,1495.493,1486.128,1485.641,1490.385,1497.196,1507.898,1523.953,1522.007,1531.25,1523.953,1000,1000,1000,1000,1634.873,1632.441,1000,1000,1000,1000,1000,1000,1000,1000,1000,1000,1000,1000,1000,1000,1000,1000,1000,1000,1000,1000,1000,1000,1000,1000,1000,1000,1000,1000,1000,1000,1000,1000,1000,1000,1000,1000,1000,1000,1000,1606.17,1601.548,1596.166,1594.464,1592.274,1591.651,1666.981,1645.576,1617.603,1612.494,1596.44,1583.062,1577.953,1576.19,1571.751,1568.771,1566.43,1000,1636.819,1618.332,1604.224,1590.359,1585.737,1574.548,1565.305,1558.494,1552.899,1548.946,1545.176,1540.63,1538.791,1537.088,1607.629,1585.737,1569.683,1549.494,1541.953,1537.696,1531.25,1526.385,1524.074,1518.844,1515.834,1513.25,1000,1000,1000,1000,1544.872,1542.683,1532.223,1523.466,1515.682,1509.844,1501.331,1495.979,1491.935,1489.503,1488.112,1486.645,1570.656,1560.926,1537.574,1519.574,1507.898,1498.412,1486.614,1483.939,1477.249,1473.175,1466.668,1463.688,1460.777,1460.184,1558.494,1543.412,1527.845,1519.574,1499.141,1496.223,1487.952,1000,1000,1000,1000,1000,1000,1000,1000,1000,1000,1000,1000,1000,1000,1000,1000,1000,1000,1000,1000,1000,1000,1000,1000,1000,1000,1000,1000,1000,1000,1000,1000,1000,1000,1000,1000,1000,1000,1000,1000,1000,1000,1000,1000,1000,1000,1000,1000,1000,1000
1179.782,1180.398,1180.732,1181.34,1182.161,1183.165,1184.137,1186.205,1188.516,1191.192,1193.624,1195.57,1196.665,1197.759,1197.759,1198.489,1200.8,1205.057,1209.192,1214.786,1221.597,1224.76,1226.462,1227.679,1228.408,1232.3,1236.679,1243.733,1253.463,1261.247,1266.111,1270.003,1271.949,1272.922,1279.733,1284.598,1289.463,1298.707,1192.651,1192.841,1193.107,1193.464,1193.715,1194.749,1195.783,1196.634,1197.911,1199.644,1200.253,1200.922,1202.928,1205.117,1206.881,1207.854,1210.651,1213.205,1215.273,1217.705,1221.354,1223.3,1224.273,1222.814,1223.3,1223.787,1222.327,1223.787,1230.598,1236.435,1242.03,1248.841,1256.868,1262.22,1270.976,1279.247,1285.571,1290.436,1295.301,1298.22,1304.058,1314.274,1208.523,1208.766,1208.865,1209.283,1209.504,1210.423,1210.743,1212.506,1213.844,1215.395,1216.733,1218.983,1221.537,1223.057,1225.125,1227.314,1229.625,1230.841,1233.76,1235.098,1237.895,1241.3,1243.976,1251.517,1256.382,1261.49,1264.409,1270.003,1273.895,1278.76,1286.058,1290.436,1301.139,1306.977,1310.869,1316.707,1323.031,1330.815,1223.901,1224.167,1224.486,1225.071,1225.581,1226.432,1227.466,1229.047,1230.354,1231.388,1233.516,1234.854,1236.8,1237.713,1239.963,1241.422,1245.192,1248.476,1252.49,1257.355,1261.247,1264.652,1267.084,1271.22,1275.841,1281.436,1287.031,1292.382,1298.22,1301.625,1306.004,1311.842,1317.68,1324.491,1334.22,1342.491,1239.506,1239.772,1240.168,1240.495,1240.974,1241.346,1242.121,1242.486,1243.946,1244.979,1245.74,1247.199,1249.632,1249.632,1252.368,1254.922,1256.625,1000,1000,1000,1000,1000,1000,1000,1000,1000,1257.446,1000,1356.113,1333.248,1304.058,1000,1000,1292.625,1297.004,1306.49,1307.95,1312.815,1314.761,1323.031,1324.977,1331.302,1337.139,1343.95,1354.167,1362.924,1255.112,1255.424,1255.918,1256.29,1257.339,1257.811,1258.753,1259.848,1260.365,1261.49,1263.01,1262.767,1262.767,1000,1000,1000,1000,1151.299,1148.38,1146.434,1145.461,1144.975,1144.975,1144.975,1144.002,1144.975,1144.975,1144.975,1145.461,1146.434,1147.407,1147.407,1148.38,1148.38,1149.353,1150.326,1151.299,1151.299,1151.299,1151.299,1151.299,1151.299,1149.353,1149.353,1148.38,1149.353,1148.38,1147.407,1146.434,1146.434,1146.434,1146.434,1146.434,1146.434,1146.434,1146.434,1146.434,1146.434,1147.407,1148.38,1148.38,1148.38,1148.38,1148.38,1149.353,1149.353,1150.326,1151.299,1150.326,1151.299,1151.299,1152.272,1152.272,1153.245,1152.272,1152.272,1153.245,1154.218,1156.164,1158.11,1159.083,1160.056,1160.056,1159.083,1158.11,1157.137,1155.191,1157.137,1157.137,1156.164,1154.218,1156.164,1154.218,1152.272,1153.245,1147.407,1145.461,1141.083,1139.623,1131.839,1139.623,1144.002,1149.353,1151.299,1159.083,1156.164,1157.137,1162.002,1167.84,1175.137,1068.261,1068.922,1069.812,1070.526,1071.241,1071.651,1072.244,1072.548,1073.035,1073.552,1074.312,1074.677,1074.92,1074.312,1072.852,1000,1000,1000,1000,1000,1000,1000,1000,1000,1140.528,1140.3,1242.273,1243.246,1242.273,1242.273,1242.273,1244.219,1252.003,1000,1000,1000,1152.485,1000,1000,1000,1000,1000,1000,1000,1000,1000,1000,1000,1000,1000,1000,1000,1174.894,1170.759,1169.786,1167.475,1165.651,1166.502,1169.786,1000,1000,1000,1000,1000,1000,1000,1000,1000,1416.803,1000,1000,1000,1000,1000,1000,1000,1000,1000,1000,1000,1000,1000,1000,1000,1000,1000,1000,1000,1000,1000,1000,1000,1000,1000,1000,1000,1000,1000,1000,1000,1000,1000,1000,1000,1000,1000,1000,1000,1000,1000,1000,1000,1000,1000,1000,1000,1000,1000,1000,1000,1000,1000,1000,1497.013,1000,1000,1000,1512.885,1000,1509.844,1506.317,1501.331,1497.804,1494.581,1492.3,1489.138,1487.633,1486.531,1568.71,1541.466,1529.791,1514.709,1505.466,1497.196,1488.925,1483.452,1485.276,1489.898,1496.709,1509.358,1522.007,1519.574,1523.466,1515.439,1000,1000,1000,1654.333,1635.846,1000,1000,1000,1000,1000,1000,1000,1000,1000,1000,1000,1000,1000,1000,1000,1000,1000,1000,1000,1000,1000,1000,1000,1000,1000,1000,1000,1000,1000,1000,1000,1000,1000,1000,1000,1000,1000,1000,1000,1000,1604.285,1601.548,1596.318,1595.117,1592.388,1591.727,1663.09,1646.549,1622.711,1613.711,1598.629,1586.102,1576.798,1575.095,1571.507,1000,1000,1000,1639.738,1617.359,1604.224,1588.413,1580.872,1571.872,1565.305,1556.183,1549.554,1546.575,1542.348,1539.079,1538.023,1632.441,1609.575,1592.548,1576.98,1556.791,1545.602,1535.872,1527.845,1523.77,1519.331,1515.469,1512.733,1511.464,1000,1000,1000,1562.386,1541.223,1537.818,1529.791,1522.736,1516.169,1510.331,1502.304,1496.77,1491.418,1489.016,1487.777,1581.845,1562.872,1554.115,1531.25,1516.898,1506.196,1496.709,1487.466,1486.128,1478.344,1473.844,1467.094,1464.175,1461.043,1460.245,1559.467,1544.385,1528.818,1520.547,1498.655,1494.763,1486.006,1000,1000,1000,1000,1000,1000,1000,1000,1000,1000,1000,1000,1000,1000,1000,1000,1000,1000,1000,1000,1000,1000,1000,1000,1000,1000,1000,1000,1000,1000,1000,1000,1000,1000,1000,1000,1000,1000,1000,1000,1000,1000,1000,1000,1000,1000,1000,1000,1000,1000
1180.648,1181.553,1182.039,1181.796,1183.469,1184.654,1185.84,1188.029,1191.192,1193.259,1196.3,1198.489,1200.435,1202.867,1203.232,1204.084,1207.246,1210.165,1213.327,1219.895,1226.462,1231.084,1234.49,1237.408,1237.895,1243.246,1246.165,1254.436,1263.679,1271.949,1277.787,1281.679,1283.625,1285.571,1290.436,1293.842,1303.571,1192.841,1193.069,1193.297,1193.715,1194.095,1194.749,1196.193,1197.577,1198.641,1200.07,1201.895,1202.624,1203.962,1206.273,1209.192,1210.286,1211.016,1214.057,1215.638,1217.341,1220.016,1224.76,1227.922,1228.408,1224.76,1223.3,1219.043,1000,1215.638,1223.787,1230.111,1237.652,1247.382,1257.355,1263.679,1271.949,1281.679,1289.463,1291.409,1298.22,1302.112,1308.436,1317.193,1208.766,1209.032,1209.504,1209.838,1210.423,1210.743,1210.986,1212.202,1213.479,1215.212,1216.489,1219.287,1221.233,1223.422,1224.76,1226.584,1229.138,1230.354,1232.422,1234.611,1238.381,1240.327,1243.976,1249.084,1253.949,1260.274,1265.868,1270.976,1274.868,1277.787,1283.625,1287.517,1298.22,1304.058,1312.815,1318.653,1322.058,1324.977,1332.761,1223.977,1224.129,1224.486,1224.927,1225.778,1226.554,1228.226,1229.594,1230.78,1233.03,1235.098,1237.104,1237.713,1239.598,1241.422,1243.976,1247.138,1251.152,1255.895,1259.544,1263.436,1265.868,1270.003,1272.436,1279.247,1283.625,1290.436,1294.328,1296.76,1302.112,1307.463,1313.788,1321.572,1326.437,1334.22,1341.518,1239.43,1239.697,1239.947,1240.495,1241.057,1241.665,1242.365,1243.794,1244.797,1245.74,1246.53,1248.841,1249.084,1251.213,1253.28,1255.53,1000,1000,1000,1000,1000,1000,1000,1000,1260.03,1257.339,1255.34,1000,1000,1000,1000,1000,1294.815,1297.734,1303.571,1306.49,1312.815,1316.22,1322.058,1325.95,1331.302,1335.193,1340.058,1349.788,1356.113,1254.998,1255.378,1255.918,1256.29,1257.02,1257.932,1258.328,1259.209,1260.03,1261.125,1261.916,1263.436,1264.652,1264.409,1000,1000,1000,1158.11,1150.326,1148.38,1146.434,1145.461,1146.434,1145.461,1144.975,1145.461,1145.461,1145.461,1147.407,1149.353,1150.326,1151.299,1151.299,1152.272,1152.272,1153.245,1154.218,1153.245,1153.245,1153.245,1153.245,1151.299,1151.299,1151.299,1150.326,1150.326,1150.326,1148.38,1147.407,1147.407,1147.407,1148.38,1148.38,1147.407,1148.38,1147.407,1148.38,1149.353,1149.353,1150.326,1150.326,1150.326,1150.326,1151.299,1151.299,1151.299,1152.272,1153.245,1153.245,1154.218,1155.191,1155.191,1155.191,1154.218,1154.218,1154.218,1155.191,1156.164,1158.11,1159.083,1160.056,1161.029,1160.056,1158.11,1158.11,1158.11,1155.191,1158.11,1158.11,1161.029,1159.083,1157.137,1153.245,1151.299,1148.38,1144.002,1144.975,1144.002,1141.083,1136.704,1144.002,1145.461,1150.326,1154.218,1161.029,1158.11,1161.029,1162.975,1167.84,1174.164,1068.147,1068.656,1069.318,1070.313,1071.378,1071.94,1072.092,1072.7,1073.217,1073.552,1073.917,1000,1000,1000,1000,1000,1000,1000,1000,1000,1000,1000,1000,1000,1000,1250.057,1235.949,1242.273,1239.841,1241.3,1242.273,1244.219,1250.057,1000,1000,1000,1000,1000,1000,1000,1000,1000,1000,1000,1000,1000,1000,1000,1000,1000,1000,1000,1176.354,1171.245,1170.759,1167.475,1166.137,1165.164,1166.989,1000,1000,1000,1000,1000,1000,1000,1000,1000,1000,1000,1000,1000,1000,1000,1000,1000,1000,1000,1447.087,1452.438,1000,1000,1000,1000,1000,1000,1000,1000,1000,1000,1000,1000,1000,1000,1000,1000,1000,1000,1000,1000,1000,1000,1000,1000,1000,1000,1000,1000,1000,1000,1000,1000,1000,1000,1000,1000,1000,1000,1000,1000,1000,1000,1000,1000,1000,1515.196,1513.858,1512.885,1511.547,1507.898,1504.493,1500.419,1495.736,1492.118,1490.324,1488.112,1487.04,1583.791,1566.764,1539.52,1526.385,1510.574,1501.817,1498.412,1491.358,1486.614,1489.898,1492.817,1494.033,1504.25,1510.088,1508.628,1510.574,1000,1000,1000,1000,1642.9,1630.008,1626.846,1620.765,1615.778,1000,1000,1000,1000,1000,1000,1000,1000,1000,1000,1000,1000,1000,1000,1000,1000,1000,1000,1000,1000,1000,1000,1000,1000,1000,1000,1000,1000,1000,1000,1000,1000,1000,1000,1000,1000,1000,1000,1598.568,1595.71,1593.673,1591.879,1677.198,1658.225,1636.332,1615.17,1607.629,1597.9,1583.791,1577.953,1000,1000,1000,1000,1564.924,1658.711,1628.062,1611.521,1594.737,1581.359,1570.169,1562.629,1551.318,1545.602,1543.899,1540.919,1538.616,1537.681,1627.576,1605.683,1586.71,1571.629,1556.061,1544.629,1532.831,1524.439,1522.007,1518.844,1515.469,1512.733,1511.547,1509.882,1599.359,1580.386,1562.386,1544.142,1538.547,1527.358,1522.25,1515.682,1509.115,1501.331,1496.466,1490.324,1488.287,1487.086,1577.953,1558.98,1547.304,1523.466,1508.628,1498.412,1491.844,1484.79,1484.79,1477.249,1472.567,1465.452,1462.928,1460.389,1459.796,1551.683,1534.656,1518.601,1507.898,1491.358,1486.736,1481.628,1000,1000,1000,1000,1000,1000,1000,1000,1000,1000,1000,1000,1000,1000,1000,1000,1000,1000,1000,1000,1000,1000,1000,1000,1000,1000,1000,1000,1000,1000,1000,1000,1000,1000,1000,1000,1000,1000,1000,1000,1000,1000,1000,1000,1000,1000,1000,1000,1000,1000
1000,1000,1183.317,1182.708,1184.472,1185.84,1187.786,1190.34,1194.232,1196.665,1199.584,1201.651,1202.867,1204.57,1205.422,1206.881,1209.678,1212.111,1216.489,1222.814,1230.354,1233.76,1238.868,1241.787,1245.679,1248.598,1254.922,1262.706,1271.949,1279.733,1285.571,1290.436,1293.842,1296.76,1192.651,1192.841,1193.153,1193.464,1193.936,1194.019,1194.552,1195.418,1196.057,1197.242,1199.462,1200.253,1201.408,1204.266,1205.361,1207.489,1211.381,1213.57,1215.638,1217.341,1219.53,1220.868,1223.787,1225.733,1230.598,1231.814,1233.516,1225.246,1220.016,1000,1000,1000,1000,1222.814,1234.733,1245.922,1259.787,1267.084,1276.328,1287.517,1296.274,1297.247,1303.085,1307.463,1312.328,1208.295,1208.865,1209.283,1209.663,1210.21,1210.864,1210.986,1211.624,1213.145,1214.604,1216.064,1217.219,1219.834,1221.537,1223.787,1224.76,1226.949,1229.138,1231.206,1233.76,1236.435,1240.327,1243.003,1246.652,1250.301,1256.868,1262.22,1266.598,1272.436,1276.328,1278.76,1285.085,1290.436,1297.247,1305.031,1311.842,1317.68,1322.058,1327.896,1330.815,1223.901,1224.167,1224.661,1225.155,1226.31,1227.329,1228.895,1229.989,1232.057,1232.787,1235.098,1237.104,1238.381,1239.354,1241.787,1243.611,1247.625,1251.152,1256.382,1258.571,1261.733,1263.436,1269.517,1271.22,1278.517,1282.652,1288.49,1290.923,1297.247,1300.652,1309.409,1312.815,1323.518,1325.464,1330.328,1332.275,1339.572,1000,1000,1000,1000,1000,1241.148,1242.486,1243.642,1244.098,1243.794,1245.162,1000,1000,1248.841,1000,1000,1000,1000,1000,1000,1000,1000,1000,1259.361,1257.339,1255.515,1352.221,1326.437,1305.031,1000,1290.193,1302.599,1300.652,1305.031,1307.463,1311.355,1314.761,1317.68,1321.572,1326.437,1333.248,1337.139,1352.221,1354.167,1255.15,1255.34,1255.796,1256.131,1256.914,1257.127,1258.601,1258.464,1260.547,1261.307,1263.679,1264.166,1264.652,1265.443,1000,1000,1000,1000,1154.218,1150.326,1147.407,1147.407,1146.434,1146.434,1147.407,1148.38,1148.38,1149.353,1150.326,1151.299,1152.272,1152.272,1154.218,1154.218,1155.191,1155.191,1157.137,1156.164,1156.164,1155.191,1155.191,1153.245,1153.245,1152.272,1151.299,1151.299,1151.299,1150.326,1149.353,1149.353,1149.353,1149.353,1149.353,1149.353,1149.353,1149.353,1149.353,1151.299,1151.299,1152.272,1152.272,1152.272,1151.299,1152.272,1152.272,1152.272,1153.245,1154.218,1154.218,1155.191,1155.191,1155.191,1155.191,1156.164,1156.164,1156.164,1157.137,1159.083,1160.056,1161.029,1161.029,1162.975,1160.056,1160.056,1158.11,1158.11,1155.191,1156.164,1157.137,1158.11,1157.137,1154.218,1151.299,1145.461,1141.083,1137.677,1139.623,1142.056,1144.002,1142.056,1147.407,1149.353,1152.272,1155.191,1161.029,1161.029,1161.029,1165.894,1168.813,1176.11,1068.185,1068.808,1069.637,1070.633,1071.514,1072.244,1072.396,1073.035,1073.552,1073.917,1000,1000,1000,1000,1000,1000,1000,1000,1000,1000,1000,1000,1000,1000,1000,1000,1234.976,1239.841,1238.868,1239.841,1241.3,1242.273,1242.273,1000,1000,1000,1000,1000,1000,1000,1000,1000,1000,1000,1000,1000,1000,1000,1000,1000,1000,1000,1176.354,1170.759,1168.813,1165.164,1164.313,1163.097,1164.799,1000,1000,1000,1000,1000,1000,1000,1000,1000,1000,1000,1000,1000,1000,1000,1000,1000,1000,1440.033,1449.276,1454.627,1000,1000,1000,1000,1000,1000,1000,1000,1000,1000,1000,1000,1000,1000,1000,1000,1000,1000,1000,1000,1000,1000,1000,1000,1000,1000,1000,1000,1000,1000,1000,1000,1000,1000,1000,1000,1000,1000,1000,1000,1000,1000,1000,1498.351,1000,1506.317,1510.696,1509.844,1510.331,1506.317,1503.763,1499.202,1495.493,1492.118,1490.628,1488.591,1487.367,1486.721,1574.061,1540.493,1524.926,1510.574,1500.601,1494.033,1492.817,1486.614,1488.439,1488.439,1491.358,1497.196,1504.25,1505.466,1512.034,1000,1000,1000,1000,1640.954,1631.224,1623.684,1621.738,1000,1000,1000,1000,1000,1000,1000,1000,1000,1000,1000,1000,1000,1000,1000,1000,1000,1000,1000,1000,1000,1000,1000,1000,1000,1000,1000,1000,1000,1000,1000,1000,1000,1000,1000,1000,1000,1000,1000,1598.386,1595.254,1593.103,1591.575,1666.009,1646.549,1629.035,1611.278,1602.764,1594.494,1584.886,1576.494,1000,1570.322,1000,1565.951,1564.833,1658.711,1632.927,1610.548,1000,1580.386,1566.764,1558.007,1550.71,1544.264,1542.896,1541.071,1538.707,1537.506,1628.549,1604.71,1584.278,1569.683,1559.953,1547.791,1536.237,1527.115,1523.162,1518.601,1514.588,1511.464,1510.49,1605.197,1590.116,1576.494,1559.953,1544.142,1530.764,1522.736,1517.628,1512.034,1505.588,1501.088,1495.736,1490.324,1488.591,1487.306,1575.034,1556.061,1540.493,1518.115,1504.25,1497.196,1487.952,1481.02,1479.074,1472.263,1468.979,1465.452,1462.381,1460.184,1459.629,1549.737,1528.818,1518.115,1505.466,1486.736,1479.195,1000,1000,1000,1000,1000,1000,1000,1000,1000,1000,1000,1000,1000,1000,1000,1000,1000,1000,1000,1000,1000,1000,1000,1000,1000,1000,1000,1000,1000,1000,1000,1000,1000,1000,1000,1000,1000,1000,1000,1000,1000,1000,1000,1000,1000,1000,1000,1000,1000,1000,1000
1000,1000,1000,1000,1187.786,1190.888,1191.496,1192.955,1195.935,1197.394,1198.854,1201.651,1203.719,1205.422,1207.246,1208.705,1211.138,1213.327,1217.462,1224.03,1231.814,1234.49,1239.354,1243.246,1248.598,1252.49,1261.733,1270.976,1279.733,1285.571,1291.896,1294.815,1297.734,1302.599,1192.841,1193.069,1193.404,1193.936,1194.749,1194.749,1195.54,1197.09,1198.459,1199.462,1201.651,1202.624,1203.962,1205.969,1207.489,1209.922,1213.57,1216.003,1219.53,1222.327,1226.219,1228.895,1232.3,1234.003,1239.598,1240.814,1241.3,1229.625,1000,1000,1000,1000,1000,1000,1000,1248.111,1266.111,1273.895,1282.652,1292.382,1300.166,1302.112,1310.382,1316.22,1208.371,1208.599,1209.359,1209.747,1210.317,1210.864,1211.624,1212.05,1212.506,1213.661,1215.395,1216.489,1218.192,1220.685,1223.057,1224.395,1225.854,1228.043,1230.841,1232.057,1235.584,1238.381,1241.787,1245.679,1249.084,1253.949,1261.003,1265.868,1271.463,1279.247,1283.625,1286.544,1292.869,1297.247,1304.058,1310.869,1317.68,1324.004,1329.842,1223.787,1223.825,1223.939,1224.205,1224.722,1225.315,1226.432,1227.618,1228.712,1229.594,1231.388,1233.03,1235.098,1237.104,1238.625,1239.598,1241.787,1243.611,1247.138,1251.152,1256.868,1259.544,1265.139,1265.868,1271.22,1273.166,1279.977,1282.652,1288.49,1291.896,1299.193,1301.625,1310.382,1315.734,1323.518,1323.518,1326.437,1000,1000,1000,1000,1000,1000,1000,1000,1000,1000,1000,1000,1000,1000,1000,1000,1000,1000,1000,1000,1000,1000,1000,1000,1000,1258.464,1256.716,1255.302,1346.869,1320.599,1000,1000,1289.463,1297.734,1298.22,1301.139,1304.058,1306.004,1308.923,1314.761,1320.599,1324.004,1330.328,1337.139,1346.869,1357.086,1254.998,1255.112,1255.675,1255.986,1256.914,1256.914,1257.811,1258.191,1259.513,1260.547,1262.524,1263.922,1266.233,1265.99,1266.233,1000,1000,1000,1000,1154.218,1150.326,1150.326,1150.326,1150.326,1150.326,1151.299,1153.245,1154.218,1155.191,1156.164,1157.137,1158.11,1158.11,1159.083,1160.056,1159.083,1160.056,1160.056,1159.083,1158.11,1158.11,1156.164,1155.191,1154.218,1153.245,1152.272,1152.272,1151.299,1151.299,1151.299,1151.299,1151.299,1151.299,1150.326,1150.326,1151.299,1151.299,1153.245,1153.245,1154.218,1153.245,1153.245,1152.272,1153.245,1153.245,1154.218,1156.164,1156.164,1156.164,1156.164,1157.137,1157.137,1156.164,1157.137,1158.11,1158.11,1159.083,1161.029,1161.029,1162.002,1163.948,1163.948,1161.029,1161.029,1158.11,1156.164,1153.245,1152.272,1153.245,1155.191,1157.137,1155.191,1152.272,1148.38,1143.029,1140.596,1140.596,1144.002,1144.975,1142.056,1147.407,1148.38,1152.272,1153.245,1161.029,1160.056,1160.056,1163.948,1168.813,1174.164,1068.299,1068.862,1069.903,1070.876,1071.651,1072.396,1073.035,1073.217,1073.369,1000,1000,1000,1000,1000,1000,1000,1000,1000,1000,1000,1000,1000,1000,1000,1000,1000,1231.084,1233.03,1234.976,1235.949,1234.003,1233.03,1231.084,1000,1000,1000,1000,1000,1000,1000,1000,1000,1000,1000,1000,1000,1000,1000,1000,1000,1000,1000,1178.543,1172.218,1171.245,1166.989,1166.137,1164.799,1168.813,1000,1000,1000,1000,1000,1000,1000,1000,1000,1000,1000,1000,1000,1000,1000,1000,1000,1000,1000,1000,1000,1000,1000,1000,1000,1000,1000,1000,1000,1000,1000,1000,1000,1000,1000,1000,1000,1000,1000,1000,1000,1000,1000,1000,1000,1000,1000,1000,1000,1000,1000,1000,1000,1000,1000,1000,1000,1000,1000,1000,1000,1000,1000,1000,1497.013,1499.202,1502.06,1505.952,1506.317,1509.479,1506.682,1504.128,1498.959,1495.006,1491.084,1489.625,1488.021,1487.192,1486.493,1568.71,1540.493,1524.926,1509.358,1499.385,1492.817,1492.331,1488.439,1490.871,1491.844,1497.682,1503.033,1510.574,1513.979,1523.466,1000,1000,1000,1000,1643.63,1637.305,1630.738,1626.359,1000,1000,1000,1000,1000,1000,1000,1000,1000,1000,1000,1000,1000,1000,1000,1000,1000,1000,1000,1000,1000,1000,1000,1000,1000,1000,1000,1000,1000,1000,1000,1000,1000,1000,1000,1000,1000,1000,1000,1601.305,1596.166,1592.943,1684.009,1655.306,1636.332,1623.197,1607.629,1599.116,1591.697,1584.886,1575.947,1572.602,1570.139,1567.342,1565.7,1564.788,1660.657,1632.927,1609.089,1595.954,1578.44,1566.277,1556.912,1551.014,1544.081,1541.679,1539.855,1538.297,1537.24,1625.63,1607.629,1589.143,1576.98,1563.845,1551.926,1542.439,1531.615,1523.77,1518.601,1514.588,1510.909,1510.11,1600.332,1585.251,1571.142,1558.494,1549.25,1533.439,1527.845,1521.277,1514.709,1506.682,1501.331,1495.979,1490.172,1488.697,1487.367,1576.98,1556.061,1536.115,1513.25,1501.331,1495.006,1486.614,1481.02,1477.249,1471.411,1466.851,1463.384,1460.952,1459.591,1559.467,1543.412,1527.845,1519.574,1505.466,1486.006,1477.249,1470.682,1000,1000,1000,1000,1000,1000,1000,1000,1000,1000,1000,1000,1000,1000,1000,1000,1000,1000,1000,1000,1000,1000,1000,1000,1000,1000,1000,1000,1000,1000,1000,1000,1000,1000,1000,1000,1000,1000,1000,1000,1000,1000,1000,1000,1000,1000,1000,1000,1000,1000
1000,1000,1000,1000,1186.874,1192.347,1191.739,1193.867,1195.205,1196.665,1198.124,1201.651,1204.084,1206.881,1208.219,1209.678,1210.651,1211.138,1215.273,1222.327,1227.192,1231.084,1237.408,1243.246,1250.057,1257.355,1266.111,1276.814,1281.679,1287.517,1292.869,1295.788,1300.652,1192.765,1193.107,1193.404,1193.86,1194.445,1195.296,1195.175,1195.92,1197.394,1198.854,1199.644,1202.381,1204.509,1206.881,1209.922,1211.746,1214.057,1216.489,1218.192,1220.868,1224.273,1227.922,1231.084,1235.219,1237.652,1241.3,1243.49,1242.03,1000,1000,1000,1000,1000,1000,1000,1000,1244.706,1269.517,1279.733,1290.436,1299.193,1305.517,1308.436,1317.193,1208.409,1208.599,1208.918,1209.504,1210.119,1210.53,1211.351,1211.898,1213.145,1214.209,1215.395,1216.733,1219.53,1221.233,1223.057,1225.854,1228.773,1228.408,1229.989,1232.908,1235.584,1237.895,1241.787,1244.463,1247.868,1250.787,1256.382,1265.139,1272.436,1278.76,1289.463,1294.815,1295.301,1298.22,1303.085,1306.004,1308.923,1316.707,1329.842,1223.787,1223.901,1224.053,1224.243,1224.38,1225.231,1226.204,1227.466,1228.712,1230.172,1230.78,1232.3,1234.55,1235.949,1237.713,1239.963,1241.422,1243.976,1245.557,1249.328,1252.49,1256.868,1260.76,1266.355,1270.003,1275.841,1279.977,1286.544,1290.436,1294.328,1298.22,1306.004,1310.382,1318.653,1325.464,1331.302,1327.41,1000,1000,1000,1000,1000,1000,1000,1000,1000,1000,1000,1000,1000,1000,1000,1000,1000,1000,1000,1000,1000,1000,1000,1000,1000,1000,1259.848,1257.446,1255.621,1362.924,1328.383,1000,1000,1292.625,1294.815,1299.68,1299.68,1303.571,1306.004,1308.923,1312.815,1317.68,1321.572,1329.356,1338.112,1346.869,1356.113,1254.998,1255.264,1255.675,1255.735,1256.625,1256.914,1257.689,1258.601,1260.73,1261.49,1264.409,1264.409,1266.537,1266.537,1267.389,1000,1000,1000,1000,1000,1156.164,1154.218,1153.245,1154.218,1155.191,1157.137,1159.083,1160.056,1161.029,1161.029,1161.029,1162.002,1162.002,1162.975,1162.975,1162.975,1162.975,1162.002,1162.002,1161.029,1161.029,1159.083,1158.11,1156.164,1155.191,1154.218,1154.218,1152.272,1152.272,1153.245,1153.245,1153.245,1153.245,1151.299,1150.326,1151.299,1152.272,1153.245,1154.218,1155.191,1155.191,1155.191,1155.191,1156.164,1156.164,1157.137,1159.083,1159.083,1159.083,1159.083,1159.083,1159.083,1158.11,1160.056,1160.056,1160.056,1161.029,1162.975,1162.975,1164.921,1164.921,1166.867,1163.948,1164.921,1162.002,1159.083,1153.245,1153.245,1156.164,1157.137,1161.029,1157.137,1153.245,1148.38,1144.975,1141.083,1142.056,1144.002,1144.002,1144.002,1147.407,1149.353,1150.326,1154.218,1155.191,1157.137,1157.137,1162.002,1165.894,1180.002,1068.489,1069.249,1070.313,1071.241,1072.092,1072.548,1072.852,1073.369,1000,1000,1000,1000,1000,1369.734,1000,1000,1000,1000,1000,1000,1000,1000,1000,1000,1000,1000,1224.273,1226.219,1231.084,1232.057,1230.111,1228.165,1223.3,1000,1000,1000,1000,1000,1000,1000,1000,1000,1000,1000,1000,1000,1000,1000,1000,1000,1000,1000,1172.218,1168.813,1167.475,1165.651,1165.651,1165.651,1171.732,1000,1000,1000,1000,1498.655,1000,1000,1000,1000,1000,1000,1000,1000,1000,1000,1000,1000,1000,1000,1000,1000,1000,1000,1000,1000,1000,1000,1000,1000,1000,1000,1000,1000,1000,1000,1000,1000,1000,1000,1000,1000,1000,1000,1000,1000,1000,1000,1000,1000,1000,1000,1000,1000,1000,1000,1000,1000,1000,1000,1000,1000,1000,1000,1000,1000,1500.115,1501.696,1505.952,1507.412,1507.047,1504.493,1502.304,1498.108,1493.668,1490.78,1489.016,1487.861,1486.994,1582.818,1563.845,1536.115,1522.007,1507.898,1497.682,1490.871,1490.871,1488.925,1490.871,1492.817,1000,1506.196,1508.628,1515.439,1518.115,1000,1000,1000,1000,1636.576,1631.224,1624.657,1621.738,1000,1000,1000,1000,1000,1000,1000,1000,1000,1000,1000,1000,1000,1000,1000,1000,1000,1000,1000,1000,1000,1000,1000,1000,1000,1000,1000,1000,1000,1000,1000,1000,1000,1000,1000,1000,1000,1000,1000,1597.565,1595.117,1000,1687.901,1653.36,1642.657,1620.521,1609.332,1597.9,1591.21,1000,1000,1000,1000,1566.855,1565.327,1564.598,1654.819,1629.035,1606.656,1594.008,1578.44,1568.224,1558.007,1554.358,1546.088,1542.713,1539.733,1538.373,1628.549,1616.386,1600.818,1585.737,1572.602,1567.494,1551.926,1542.439,1531.25,1524.074,1517.02,1513.828,1510.658,1509.996,1593.035,1576.494,1562.386,1552.169,1541.223,1527.845,1521.277,1515.196,1509.479,1503.033,1499.506,1495.493,1490.324,1488.591,1487.367,1577.953,1558.98,1538.547,1516.169,1501.817,1497.196,1488.439,1481.871,1478.709,1472.263,1466.851,1463.536,1460.617,1459.705,1555.575,1541.466,1524.926,1518.115,1498.655,1485.276,1475.547,1000,1000,1000,1000,1000,1000,1000,1000,1000,1000,1000,1000,1000,1000,1000,1000,1000,1000,1000,1000,1000,1000,1000,1000,1000,1000,1000,1000,1000,1000,1000,1000,1000,1000,1000,1000,1000,1000,1000,1000,1000,1000,1000,1000,1000,1000,1000,1000,1000,1000,1000
1000,1000,1000,1000,1185.84,1190.34,1190.34,1192.043,1193.867,1195.57,1197.394,1200.8,1203.719,1205.908,1209.192,1211.138,1213.327,1213.327,1217.462,1223.3,1229.138,1231.814,1238.868,1247.138,1254.436,1261.247,1270.976,1279.733,1283.625,1291.896,1297.734,1301.625,1192.651,1192.803,1193.031,1193.297,1193.86,1194.445,1195.296,1195.418,1196.33,1197.394,1198.854,1200.07,1202.624,1204.813,1207.489,1211.016,1213.205,1216.489,1218.678,1220.503,1224.273,1227.922,1231.084,1235.219,1238.381,1238.381,1241.3,1242.76,1240.814,1000,1000,1000,1250.665,1247.99,1251.152,1000,1000,1000,1271.949,1284.598,1294.328,1304.058,1309.409,1316.22,1208.447,1208.675,1208.865,1209.283,1209.838,1210.317,1211.107,1212.202,1212.962,1214.209,1215.82,1217.219,1217.705,1220.077,1221.537,1223.057,1225.489,1229.989,1230.841,1233.76,1237.895,1240.327,1242.517,1246.652,1250.301,1253.949,1256.382,1262.22,1270.003,1276.328,1283.625,1293.842,1298.22,1301.139,1306.004,1308.923,1310.869,1315.734,1323.031,1223.825,1224.015,1224.205,1224.38,1224.6,1224.927,1225.778,1226.918,1228.074,1229.412,1230.78,1232.3,1233.516,1235.949,1238.381,1239.963,1242.881,1245.557,1248.476,1250.179,1254.922,1259.057,1262.22,1265.868,1271.949,1274.625,1279.247,1282.652,1287.031,1290.923,1295.788,1299.193,1306.004,1312.815,1323.518,1331.302,1336.653,1332.275,1000,1000,1000,1000,1000,1000,1000,1000,1000,1000,1000,1000,1335.193,1332.275,1331.302,1327.166,1320.599,1314.518,1000,1000,1000,1000,1000,1000,1000,1000,1260.547,1257.446,1255.568,1255.15,1324.977,1000,1291.409,1290.193,1290.679,1297.734,1298.22,1300.652,1304.058,1307.95,1312.328,1316.22,1324.004,1327.41,1337.139,1343.95,1356.113,1254.922,1255.302,1255.568,1255.796,1256.366,1256.823,1257.932,1258.464,1260.365,1262.098,1264.409,1265.199,1266.537,1266.78,1268.24,1268.848,1000,1000,1000,1000,1000,1000,1157.137,1157.137,1160.056,1162.002,1162.975,1163.948,1165.894,1164.921,1164.921,1164.921,1164.921,1166.867,1165.894,1163.948,1164.921,1164.921,1163.948,1162.975,1162.975,1161.029,1160.056,1158.11,1157.137,1156.164,1155.191,1153.245,1153.245,1155.191,1154.218,1154.218,1154.218,1153.245,1152.272,1153.245,1154.218,1155.191,1156.164,1158.11,1158.11,1158.11,1158.11,1159.083,1159.083,1160.056,1162.002,1162.002,1162.002,1162.002,1162.002,1162.002,1162.002,1162.975,1162.975,1163.948,1163.948,1165.894,1166.867,1166.867,1167.84,1167.84,1165.894,1164.921,1162.975,1159.083,1153.245,1152.272,1153.245,1154.218,1155.191,1155.191,1148.38,1143.029,1141.083,1142.056,1140.596,1143.029,1144.975,1148.38,1150.326,1150.326,1152.272,1153.245,1156.164,1156.164,1157.137,1160.056,1164.921,1175.137,1068.451,1069.637,1070.633,1071.514,1072.244,1072.548,1072.852,1072.852,1000,1000,1000,1000,1000,1000,1000,1000,1000,1000,1000,1000,1000,1000,1000,1000,1000,1000,1214.057,1212.111,1216.489,1217.462,1212.111,1205.3,1196.543,1000,1000,1000,1000,1000,1000,1000,1000,1000,1000,1000,1000,1000,1000,1000,1000,1000,1000,1000,1172.218,1168.813,1168.813,1166.502,1166.502,1166.989,1175.867,1000,1000,1000,1000,1000,1000,1000,1000,1000,1000,1000,1000,1000,1000,1000,1000,1000,1435.411,1000,1000,1000,1000,1000,1000,1000,1000,1000,1000,1000,1000,1000,1000,1000,1000,1000,1000,1000,1000,1000,1000,1000,1000,1000,1000,1000,1000,1000,1000,1000,1000,1000,1000,1000,1000,1000,1000,1000,1000,1000,1000,1000,1000,1000,1000,1000,1499.81,1503.763,1503.398,1504.128,1503.398,1501.331,1499.506,1496.223,1493.06,1491.084,1489.625,1487.937,1487.139,1486.531,1567.737,1541.466,1527.845,1514.709,1501.817,1491.844,1489.898,1487.466,1487.101,1490.385,1496.223,1504.25,1506.196,1518.115,1519.574,1524.926,1000,1000,1000,1640.224,1631.711,1626.359,1625.873,1000,1000,1000,1000,1000,1000,1000,1000,1000,1000,1000,1000,1000,1000,1000,1000,1000,1000,1000,1000,1000,1000,1000,1000,1000,1000,1000,1000,1000,1000,1000,1000,1000,1000,1000,1000,1000,1000,1600.575,1595.406,1593.886,1592.168,1681.09,1648.008,1643.63,1619.792,1608.116,1599.602,1593.035,1581.602,1000,1000,1000,1566.034,1564.978,1660.657,1648.495,1630.981,1606.656,1592.548,1577.953,1566.277,1554.358,1550.71,1544.507,1541.071,1538.616,1537.901,1623.684,1606.656,1592.548,1580.872,1566.034,1559.953,1549.98,1543.412,1533.682,1525.655,1518.115,1513.979,1510.597,1606.17,1581.359,1568.71,1557.034,1545.358,1538.547,1530.277,1521.763,1516.655,1511.182,1505.588,1499.506,1494.763,1489.26,1488.112,1487.04,1577.953,1562.872,1544.872,1522.007,1503.033,1496.709,1487.952,1479.803,1475.79,1469.222,1464.692,1461.666,1460.063,1459.363,1550.71,1535.628,1519.574,1512.763,1493.547,1483.33,1474.33,1470.195,1000,1000,1000,1000,1000,1000,1000,1000,1000,1000,1000,1000,1000,1000,1000,1000,1000,1000,1000,1000,1000,1000,1000,1000,1000,1000,1000,1000,1000,1000,1000,1000,1000,1000,1000,1000,1000,1000,1000,1000,1000,1000,1000,1000,1000,1000,1000,1000,1000,1000
1000,1000,1000,1000,1184.837,1188.516,1189.307,1191.192,1192.347,1194.597,1196.665,1200.8,1202.867,1205.057,1207.732,1210.165,1212.597,1213.814,1219.895,1224.03,1229.138,1229.868,1236.679,1242.273,1254.436,1259.301,1270.003,1278.76,1283.625,1286.544,1294.815,1298.707,1301.625,1192.689,1192.993,1193.198,1193.715,1194.354,1195.175,1195.54,1196.634,1197.577,1198.459,1199.462,1202.138,1203.415,1206.273,1210.651,1212.841,1215.638,1218.192,1220.868,1223.787,1228.408,1232.3,1237.652,1240.814,1241.3,1242.76,1245.436,1242.03,1000,1000,1000,1245.922,1244.706,1246.773,1000,1000,1000,1268.544,1284.598,1294.328,1302.112,1308.436,1208.257,1208.447,1208.766,1209.154,1209.587,1209.922,1210.743,1211.229,1212.202,1212.962,1214.209,1215.638,1217.462,1218.496,1220.685,1222.449,1223.422,1226.949,1229.138,1231.571,1235.584,1239.354,1241.3,1245.679,1249.571,1252.49,1255.652,1259.544,1265.139,1272.436,1276.814,1285.085,1295.301,1299.193,1306.004,1310.869,1312.815,1313.788,1319.626,1324.977,1223.863,1224.091,1224.433,1224.661,1224.927,1225.581,1226.918,1228.378,1229.777,1231.388,1232.543,1233.76,1234.854,1237.104,1238.99,1240.692,1243.611,1247.138,1250.179,1252.976,1258.084,1261.247,1263.436,1268.057,1273.895,1277.058,1283.625,1287.031,1290.923,1294.815,1299.68,1304.058,1310.382,1317.68,1328.383,1338.599,1343.464,1342.491,1000,1000,1000,1000,1000,1293.842,1295.423,1295.788,1300.652,1000,1000,1321.815,1323.761,1321.085,1319.869,1315.004,1305.517,1298.828,1287.031,1000,1000,1000,1000,1000,1000,1000,1260.547,1256.823,1255.226,1359.032,1324.977,1305.031,1294.085,1292.625,1296.274,1297.004,1297.004,1299.68,1303.571,1305.031,1310.382,1314.761,1323.031,1325.95,1336.167,1345.896,1355.14,1363.896,1255.15,1255.378,1255.675,1256.131,1256.625,1257.932,1259.209,1260.73,1262.767,1264.166,1265.686,1266.78,1268.544,1269.517,1272.193,1273.287,1000,1000,1000,1000,1000,1000,1163.948,1166.867,1167.84,1168.813,1168.813,1168.813,1167.84,1166.867,1167.84,1167.84,1168.813,1168.813,1167.84,1167.84,1167.84,1166.867,1166.867,1166.867,1163.948,1162.002,1161.029,1159.083,1158.11,1157.137,1156.164,1157.137,1158.11,1156.164,1155.191,1155.191,1154.218,1153.245,1155.191,1155.191,1157.137,1158.11,1160.056,1159.083,1160.056,1159.083,1160.056,1161.029,1162.002,1163.948,1164.921,1164.921,1164.921,1164.921,1164.921,1165.894,1166.867,1165.894,1165.894,1166.867,1167.84,1167.84,1169.786,1171.245,1172.218,1169.786,1167.84,1164.921,1159.083,1155.191,1154.218,1154.218,1153.245,1153.245,1152.272,1148.38,1144.975,1143.029,1143.029,1142.056,1143.029,1143.029,1144.975,1147.407,1154.218,1152.272,1154.218,1155.191,1155.191,1153.245,1158.11,1163.948,1175.137,1068.565,1070.009,1070.876,1071.94,1072.092,1072.092,1072.244,1000,1000,1000,1000,1201.895,1203.354,1000,1000,1000,1000,1000,1000,1000,1000,1000,1000,1000,1000,1000,1000,1182.435,1190.219,1195.57,1188.273,1182.435,1176.597,1000,1000,1000,1000,1000,1000,1000,1000,1000,1000,1000,1000,1000,1000,1000,1000,1000,1000,1000,1168.813,1166.502,1165.164,1164.313,1164.799,1166.137,1000,1000,1000,1000,1000,1000,1000,1000,1000,1000,1000,1000,1000,1000,1000,1000,1000,1000,1000,1000,1000,1000,1000,1000,1000,1000,1000,1000,1000,1000,1000,1000,1000,1000,1000,1000,1000,1000,1000,1000,1000,1000,1000,1000,1000,1000,1000,1000,1000,1000,1000,1000,1000,1000,1000,1000,1000,1000,1000,1000,1000,1000,1000,1000,1000,1000,1000,1496.466,1499.506,1502.669,1503.033,1500.723,1498.959,1495.736,1493.06,1491.601,1490.324,1488.697,1487.777,1486.873,1572.115,1543.899,1527.358,1517.628,1501.331,1489.412,1486.614,1481.871,1480.168,1484.79,1494.52,1501.817,1510.088,1522.007,1522.493,1523.953,1000,1000,1000,1640.954,1634.873,1626.846,1623.684,1000,1000,1000,1000,1000,1000,1000,1000,1000,1000,1000,1000,1000,1000,1000,1000,1000,1000,1000,1000,1000,1000,1000,1000,1000,1000,1000,1000,1000,1000,1000,1000,1000,1000,1000,1000,1000,1000,1599.177,1595.71,1593.992,1592.221,1674.765,1649.954,1641.197,1620.521,1608.602,1601.792,1593.035,1583.062,1575.947,1570.139,1567.463,1565.472,1564.522,1653.846,1642.657,1627.089,1605.683,1596.927,1582.089,1569.196,1556.912,1552.656,1545.358,1541.223,1538.373,1537.901,1624.657,1601.792,1591.089,1580.386,1559.953,1553.142,1545.602,1539.52,1533.196,1525.412,1517.689,1512.49,1510.346,1596.927,1578.44,1566.764,1554.602,1539.764,1534.656,1524.926,1520.061,1514.709,1508.628,1502.304,1498.351,1492.695,1488.804,1487.777,1486.994,1569.683,1555.088,1535.142,1517.628,1503.033,1496.223,1488.925,1481.385,1475.425,1469.77,1465.452,1462.138,1460.313,1459.591,1558.494,1544.385,1530.764,1520.547,1504.006,1489.898,1482.114,1473.357,1000,1000,1000,1000,1000,1000,1000,1000,1000,1000,1000,1000,1000,1000,1000,1000,1000,1000,1000,1000,1000,1000,1000,1000,1000,1000,1000,1000,1000,1000,1000,1000,1000,1000,1000,1000,1000,1000,1000,1000,1000,1000,1000,1000,1000,1000,1000,1000,1000,1000
1000,1000,1000,1000,1186.205,1189.307,1189.55,1191.192,1191.496,1192.651,1195.935,1199.948,1201.651,1204.57,1209.678,1210.651,1212.111,1214.786,1219.895,1222.327,1225.976,1229.868,1237.895,1244.706,1255.895,1263.679,1274.868,1282.652,1285.571,1289.463,1294.815,1300.652,1303.571,1192.803,1193.031,1193.35,1193.715,1194.354,1195.175,1196.057,1196.938,1197.911,1199.036,1200.07,1201.651,1203.962,1206.881,1210.286,1213.205,1215.638,1217.341,1220.016,1223.3,1227.922,1232.787,1238.381,1240.814,1241.3,1242.03,1243.976,1241.3,1000,1000,1000,1000,1245.557,1000,1000,1000,1000,1269.517,1285.571,1291.409,1300.166,1306.49,1208.219,1208.409,1208.766,1209.093,1209.587,1209.663,1210.636,1211.229,1212.354,1213.327,1214.604,1216.307,1217.705,1219.287,1221.233,1223.787,1224.76,1228.408,1230.841,1233.273,1236.435,1240.814,1241.3,1246.652,1250.787,1254.436,1256.868,1261.49,1265.868,1272.922,1276.814,1286.058,1295.301,1302.112,1308.923,1314.761,1315.734,1317.68,1323.031,1329.842,1223.977,1224.205,1224.722,1225.071,1225.315,1226.432,1227.618,1229.229,1230.354,1232.057,1233.03,1234.064,1234.307,1236.8,1238.381,1240.327,1243.611,1248.841,1252.49,1255.895,1260.03,1263.436,1265.139,1271.949,1276.571,1282.652,1288.004,1291.896,1293.355,1299.193,1300.652,1305.031,1310.869,1320.599,1325.464,1338.599,1347.356,1239.544,1239.392,1000,1000,1000,1000,1000,1292.625,1295.058,1300.652,1308.193,1000,1325.707,1323.274,1319.869,1319.382,1314.518,1305.517,1298.463,1287.639,1000,1000,1000,1000,1000,1000,1000,1259.848,1256.823,1255.34,1000,1000,1000,1000,1281.922,1283.625,1289.463,1292.139,1297.004,1299.68,1303.571,1308.923,1313.788,1321.572,1326.437,1337.139,1340.058,1355.14,1362.924,1255.074,1255.34,1255.568,1255.986,1256.45,1257.811,1259.057,1260.365,1261.49,1263.922,1264.895,1266.78,1268.24,1269.517,1271.828,1274.747,1277.058,1279.125,1000,1000,1000,1000,1000,1000,1169.786,1173.191,1173.191,1174.164,1174.164,1173.191,1174.164,1174.164,1174.164,1173.191,1172.218,1169.786,1169.786,1168.813,1168.813,1168.813,1166.867,1164.921,1162.975,1161.029,1160.056,1160.056,1158.11,1159.083,1160.056,1159.083,1158.11,1158.11,1157.137,1156.164,1158.11,1159.083,1160.056,1161.029,1162.975,1162.002,1162.975,1162.975,1163.948,1164.921,1166.867,1168.813,1169.786,1168.813,1168.813,1168.813,1168.813,1169.786,1169.786,1169.786,1169.786,1169.786,1171.245,1172.218,1173.191,1173.191,1173.191,1174.164,1173.191,1173.191,1167.84,1163.948,1159.083,1158.11,1153.245,1150.326,1149.353,1146.434,1148.38,1144.002,1145.461,1144.002,1144.975,1144.975,1146.434,1147.407,1150.326,1151.299,1152.272,1153.245,1153.245,1154.218,1157.137,1159.083,1167.84,1068.185,1069.553,1070.998,1071.514,1071.94,1071.788,1071.378,1000,1000,1000,1201.408,1202.867,1203.354,1208.705,1000,1000,1000,1000,1000,1000,1000,1000,1000,1000,1000,1000,1000,1000,1160.543,1165.894,1158.11,1156.286,1150.569,1000,1144.975,1000,1000,1000,1000,1000,1000,1000,1000,1000,1000,1000,1000,1000,1000,1000,1000,1171.245,1166.502,1165.651,1164.799,1163.948,1164.799,1168.326,1000,1000,1000,1000,1000,1000,1000,1000,1000,1000,1000,1000,1000,1420.695,1420.695,1000,1430.06,1000,1443.195,1000,1000,1000,1000,1000,1000,1000,1000,1000,1000,1000,1000,1000,1000,1000,1000,1000,1000,1000,1000,1000,1000,1000,1000,1000,1000,1000,1000,1000,1000,1000,1000,1000,1000,1000,1000,1000,1000,1000,1000,1000,1000,1000,1000,1000,1000,1000,1000,1000,1501.088,1504.493,1503.398,1501.088,1497.804,1495.25,1492.3,1491.236,1490.035,1488.484,1487.701,1486.835,1568.71,1542.926,1525.899,1516.898,1500.601,1489.898,1484.303,1481.385,1479.074,1485.276,1494.52,1504.979,1510.088,1523.953,1522.493,1000,1000,1000,1000,1643.63,1634.143,1626.359,1619.427,1000,1000,1000,1000,1000,1000,1000,1000,1000,1000,1000,1000,1000,1000,1000,1000,1000,1000,1000,1000,1000,1000,1000,1000,1000,1000,1000,1000,1000,1000,1000,1000,1000,1000,1000,1000,1000,1000,1598.386,1594.585,1593.103,1591.613,1662.117,1644.603,1639.738,1621.251,1613.711,1605.197,1596.44,1585.251,1578.926,1570.139,1568.163,1565.472,1564.636,1658.711,1648.495,1626.116,1604.224,1592.548,1580.386,1569.683,1558.859,1554.358,1547.608,1542.531,1538.707,1537.962,1621.251,1593.521,1581.845,1578.44,1559.953,1554.115,1546.818,1540.493,1530.764,1524.682,1516.838,1512.733,1510.49,1601.305,1577.467,1570.169,1557.034,1543.412,1536.601,1528.574,1519.088,1512.885,1507.412,1500.115,1494.763,1491.084,1487.777,1486.873,1577.953,1563.845,1546.331,1538.547,1520.547,1504.979,1494.033,1488.925,1481.02,1475.425,1470.56,1467.094,1462.259,1460.389,1459.553,1555.575,1538.547,1530.764,1515.196,1503.033,1493.547,1489.168,1476.763,1000,1000,1000,1000,1000,1000,1000,1000,1000,1000,1000,1000,1000,1000,1000,1000,1000,1000,1000,1000,1000,1000,1000,1000,1000,1000,1000,1000,1000,1000,1000,1000,1000,1000,1000,1000,1000,1000,1000,1000,1000,1000,1000,1000,1000,1000,1000,1000,1000,1000
1000,1000,1000,1000,1185.597,1186.205,1187.3,1189.002,1189.793,1190.644,1195.57,1198.489,1199.584,1202.016,1207.732,1208.705,1212.597,1216.003,1223.3,1224.76,1229.868,1233.03,1243.246,1246.165,1257.355,1262.706,1270.976,1274.868,1280.706,1285.571,1292.869,1300.652,1192.651,1192.765,1192.955,1193.198,1193.586,1193.936,1194.643,1195.783,1196.786,1197.394,1198.459,1199.644,1201.165,1202.928,1205.361,1209.192,1212.111,1215.273,1218.192,1221.354,1223.787,1228.895,1231.814,1236.922,1240.084,1240.814,1240.814,1243.49,1241.3,1230.111,1000,1000,1000,1000,1000,1000,1000,1000,1269.517,1283.625,1292.382,1298.22,1304.058,1316.22,1208.333,1208.637,1208.971,1209.504,1209.747,1210.636,1211.351,1212.506,1213.327,1214.786,1216.733,1218.496,1219.834,1221.841,1223.422,1224.76,1228.773,1231.571,1233.76,1237.408,1239.841,1241.787,1247.382,1252.003,1255.652,1258.328,1262.22,1265.139,1273.895,1277.787,1285.085,1292.869,1298.22,1302.112,1308.923,1311.842,1315.734,1323.031,1330.815,1223.977,1224.243,1224.722,1225.231,1225.581,1226.675,1227.618,1228.53,1229.777,1231.388,1232.3,1233.76,1234.55,1237.104,1238.625,1240.692,1243.611,1247.625,1251.638,1254.436,1258.571,1261.733,1265.139,1269.517,1273.895,1279.977,1284.112,1288.004,1290.436,1295.788,1299.193,1304.058,1310.382,1321.572,1327.41,1335.193,1346.383,1239.544,1239.506,1239.62,1000,1000,1000,1000,1000,1000,1000,1000,1000,1319.382,1318.166,1315.734,1315.004,1309.409,1302.599,1295.423,1000,1000,1000,1000,1000,1000,1000,1000,1000,1000,1255.074,1000,1000,1300.652,1000,1278.517,1283.625,1288.733,1292.625,1297.004,1301.139,1305.031,1311.355,1318.653,1324.004,1332.275,1341.031,1346.869,1355.14,1360.978,1255.074,1255.34,1255.621,1256.062,1256.914,1258.328,1259.209,1260.365,1261.733,1263.193,1264.895,1267.632,1269.152,1270.733,1272.557,1275.841,1277.909,1279.612,1282.774,1000,1000,1000,1000,1000,1000,1000,1000,1181.948,1178.056,1177.083,1177.083,1178.056,1178.056,1178.056,1175.137,1174.164,1174.164,1172.218,1172.218,1171.245,1169.786,1168.813,1166.867,1164.921,1163.948,1162.975,1162.002,1162.002,1162.975,1162.002,1161.029,1162.002,1162.002,1161.029,1162.975,1162.975,1164.921,1164.921,1165.894,1165.894,1166.867,1166.867,1168.813,1167.84,1169.786,1171.245,1171.245,1171.245,1173.191,1174.164,1174.164,1174.164,1174.164,1174.164,1173.191,1172.218,1173.191,1174.164,1175.137,1175.137,1175.137,1176.11,1175.137,1176.11,1172.218,1164.921,1161.029,1157.137,1150.326,1146.434,1147.407,1144.975,1144.002,1144.002,1144.002,1143.029,1143.029,1142.056,1144.975,1146.434,1149.353,1151.299,1153.245,1154.218,1154.218,1155.191,1157.137,1161.029,1169.786,1068.261,1069.394,1070.526,1071.119,1071.378,1070.998,1070.207,1000,1000,1000,1197.759,1201.408,1199.948,1202.867,1199.948,1000,1000,1000,1143.12,1141.729,1140.984,1140.262,1140.262,1000,1000,1000,1000,1000,1000,1000,1153.124,1151.786,1147.164,1144.61,1143.637,1142.664,1143.029,1144.002,1000,1000,1000,1000,1000,1000,1000,1000,1000,1000,1000,1000,1000,1169.299,1165.164,1163.948,1163.462,1162.732,1162.732,1166.137,1186.327,1000,1000,1000,1000,1000,1000,1000,1000,1000,1000,1000,1418.171,1418.171,1419.6,1000,1000,1000,1000,1000,1000,1000,1000,1000,1000,1000,1000,1000,1000,1000,1000,1000,1000,1000,1000,1000,1000,1000,1000,1000,1000,1000,1000,1000,1000,1000,1000,1000,1000,1000,1000,1000,1000,1000,1000,1000,1000,1000,1000,1000,1000,1000,1000,1000,1000,1000,1000,1502.06,1507.047,1506.317,1504.493,1502.304,1497.56,1494.763,1492.483,1490.628,1488.91,1487.777,1486.994,1583.791,1559.953,1536.115,1521.034,1513.25,1497.682,1489.898,1484.79,1478.344,1476.885,1481.871,1488.925,1496.709,1506.196,1519.574,1519.088,1526.385,1000,1000,1000,1000,1630.008,1618.94,1614.197,1000,1000,1000,1000,1000,1000,1000,1000,1000,1000,1000,1000,1000,1000,1000,1000,1000,1000,1000,1000,1000,1000,1000,1000,1000,1000,1000,1000,1000,1000,1000,1000,1000,1000,1000,1000,1000,1000,1597.018,1594.099,1592.784,1591.613,1664.063,1648.008,1640.224,1624.657,1614.44,1606.9,1600.089,1589.872,1582.697,1574.061,1568.923,1566.125,1000,1653.846,1000,1624.17,1000,1588.413,1577.953,1569.196,1557.642,1551.683,1546.088,1542.196,1537.962,1537.316,1609.575,1585.737,1572.602,1568.224,1551.926,1551.926,1545.602,1535.385,1528.574,1523.162,1514.284,1511.053,1510.186,1597.9,1584.278,1577.467,1564.332,1546.818,1537.818,1523.466,1513.371,1507.412,1503.033,1498.108,1494.094,1489.381,1000,1486.645,1569.683,1552.169,1000,1534.656,1518.115,1502.547,1491.358,1484.303,1476.52,1471.107,1467.094,1464.874,1461.894,1460.123,1459.439,1555.575,1538.547,1526.872,1513.736,1500.115,1492.087,1489.168,1477.979,1000,1000,1000,1000,1000,1000,1000,1000,1000,1000,1000,1000,1000,1000,1000,1000,1000,1000,1000,1000,1000,1000,1000,1000,1000,1000,1000,1000,1000,1000,1000,1000,1000,1000,1000,1000,1000,1000,1000,1000,1000,1000,1000,1000,1000,1000,1000,1000,1000,1000
1000,1000,1000,1000,1186.874,1186.205,1187.786,1188.273,1190.097,1191.739,1196.665,1198.854,1200.435,1201.651,1207.246,1208.219,1211.624,1215.273,1223.3,1223.3,1229.138,1234.49,1243.246,1247.138,1254.922,1256.868,1264.652,1268.057,1276.814,1284.598,1290.436,1293.842,1301.625,1303.571,1192.727,1193.198,1193.647,1193.936,1194.643,1195.661,1196.482,1197.242,1198.094,1199.219,1200.253,1201.165,1203.415,1206.881,1209.557,1213.57,1216.003,1220.016,1222.814,1228.408,1231.084,1236.435,1238.868,1240.814,1240.814,1245.922,1244.706,1000,1000,1000,1000,1000,1000,1000,1000,1000,1265.625,1278.274,1287.517,1293.355,1300.166,1315.247,1208.371,1208.675,1209.154,1209.587,1209.663,1210.317,1211.107,1211.898,1212.962,1214.026,1215.82,1217.219,1219.287,1220.685,1222.145,1224.03,1227.314,1229.138,1232.057,1236.435,1238.868,1241.3,1247.868,1251.517,1253.949,1256.382,1259.544,1262.22,1272.436,1275.355,1284.112,1292.869,1297.247,1301.139,1309.896,1314.761,1317.68,1325.95,1223.787,1224.015,1224.205,1224.782,1225.071,1225.315,1226.554,1227.329,1227.922,1229.412,1230.78,1231.631,1233.273,1234.064,1235.949,1238.381,1239.598,1243.246,1246.773,1250.665,1252.49,1256.382,1259.057,1263.922,1267.571,1274.625,1280.706,1284.112,1286.544,1288.004,1291.896,1295.788,1300.652,1306.49,1318.653,1324.491,1330.328,1342.491,1239.544,1239.582,1239.856,1000,1000,1000,1000,1000,1000,1000,1000,1000,1000,1318.166,1313.788,1315.004,1308.193,1302.112,1295.788,1287.031,1000,1000,1000,1000,1000,1000,1265.443,1259.361,1000,1362.924,1000,1000,1301.139,1290.679,1277.787,1286.301,1288.733,1291.409,1295.544,1299.193,1301.139,1309.896,1314.761,1324.004,1333.248,1339.085,1345.896,1349.788,1358.059,1363.896,1255.226,1255.568,1255.918,1257.02,1257.233,1258.464,1259.361,1260.912,1262.098,1263.922,1266.233,1267.632,1270.49,1272.193,1275.112,1278.274,1282.287,1284.598,1287.031,1000,1000,1000,1000,1000,1000,1000,1000,1068.147,1182.921,1182.921,1068.109,1182.921,1182.921,1180.002,1180.002,1176.11,1174.164,1174.164,1174.164,1172.218,1171.245,1169.786,1167.84,1166.867,1165.894,1164.921,1164.921,1164.921,1163.948,1163.948,1164.921,1165.894,1165.894,1168.813,1168.813,1169.786,1168.813,1168.813,1167.84,1168.813,1167.84,1168.813,1168.813,1169.786,1171.245,1172.218,1172.218,1174.164,1175.137,1176.11,1177.083,1177.083,1177.083,1176.11,1176.11,1176.11,1178.056,1177.083,1176.11,1176.11,1176.11,1176.11,1177.083,1175.137,1168.813,1162.002,1157.137,1149.353,1143.029,1142.056,1139.623,1140.596,1140.596,1142.056,1142.056,1142.056,1142.056,1144.975,1147.407,1148.38,1150.326,1152.272,1154.218,1153.245,1156.164,1158.11,1161.029,1167.84,1182.921,1068.527,1069.249,1069.903,1070.313,1069.477,1000,1000,1000,1199.948,1198.975,1201.408,1201.895,1201.895,1196.3,1168.813,1151.178,1145.552,1145.218,1143.515,1142.101,1140.923,1140.862,1140.809,1140.862,1000,1000,1000,1000,1000,1143.029,1000,1141.144,1141.448,1142.056,1141.144,1143.272,1143.637,1000,1000,1000,1000,1000,1000,1000,1000,1000,1000,1000,1000,1178.056,1176.354,1168.326,1166.502,1164.799,1164.313,1162.732,1166.502,1000,1000,1000,1000,1000,1000,1000,1000,1000,1000,1000,1000,1419.235,1418.931,1420.299,1000,1000,1000,1000,1000,1000,1000,1000,1000,1000,1000,1000,1000,1000,1000,1000,1000,1000,1000,1000,1000,1000,1000,1000,1000,1000,1000,1000,1000,1000,1000,1000,1000,1000,1000,1000,1000,1000,1000,1000,1000,1000,1000,1000,1000,1000,1000,1000,1000,1000,1000,1000,1505.588,1507.898,1504.858,1505.588,1501.331,1496.223,1494.094,1492.483,1489.761,1488.393,1487.367,1486.759,1574.061,1558.007,1537.088,1522.493,1510.574,1496.223,1485.641,1480.655,1473.844,1474.087,1477.614,1485.641,1492.331,1506.682,1519.088,1524.926,1000,1000,1000,1000,1644.36,1634.143,1620.765,1617.116,1000,1000,1000,1000,1000,1000,1000,1000,1000,1000,1000,1000,1000,1000,1000,1000,1000,1000,1000,1000,1000,1000,1000,1000,1000,1000,1000,1000,1000,1000,1000,1000,1000,1000,1000,1000,1000,1602.886,1596.683,1594.099,1592.274,1683.036,1657.252,1645.576,1632.441,1621.251,1610.548,1608.602,1600.575,1594.981,1586.467,1579.17,1570.322,1567.463,1564.833,1655.792,1639.738,1622.711,1597.413,1584.521,1571.386,1564.453,1555.088,1548.399,1543.291,1540.767,1537.468,1627.576,1603.737,1584.278,1569.683,1566.764,1554.845,1553.142,1547.304,1539.034,1530.399,1524.074,1515.834,1511.053,1510.224,1594.008,1580.386,1567.737,1560.926,1538.547,1533.926,1519.088,1513.858,1507.047,1502.669,1496.466,1492.483,1487.861,1000,1574.061,1553.142,1541.466,1532.223,1522.493,1510.088,1501.331,1490.871,1485.641,1479.439,1471.959,1468.006,1464.874,1462.138,1460.313,1459.591,1558.494,1541.466,1529.791,1515.196,1504.493,1495.736,1489.168,1475.547,1000,1000,1000,1000,1000,1000,1000,1000,1000,1000,1000,1000,1000,1000,1000,1000,1000,1000,1000,1000,1000,1000,1000,1000,1000,1000,1000,1000,1000,1000,1000,1000,1000,1000,1000,1000,1000,1000,1000,1000,1000,1000,1000,1000,1000,1000,1000,1000,1000,1000
1000,1000,1000,1000,1187.3,1186.631,1187.543,1188.273,1190.097,1191.739,1196.3,1198.854,1200.435,1201.165,1205.422,1208.219,1210.651,1216.489,1223.3,1223.3,1227.679,1233.76,1240.814,1243.733,1253.463,1255.895,1261.733,1266.111,1274.868,1282.652,1288.49,1295.788,1192.651,1192.727,1192.803,1193.35,1193.647,1193.936,1194.856,1196.482,1197.577,1198.459,1198.641,1198.854,1199.462,1200.496,1202.138,1205.665,1207.854,1211.381,1212.841,1217.341,1219.53,1226.219,1228.895,1235.219,1238.868,1242.76,1243.49,1249.571,1248.841,1000,1000,1000,1000,1000,1000,1000,1000,1000,1268.057,1280.706,1288.49,1293.355,1301.139,1314.274,1208.219,1208.523,1208.918,1209.215,1209.587,1210.53,1210.986,1211.898,1213.327,1214.026,1215.212,1217.219,1218.983,1220.381,1222.145,1224.03,1227.314,1229.138,1231.571,1235.098,1237.408,1240.327,1245.679,1248.354,1252.003,1256.868,1259.544,1261.49,1270.976,1273.895,1281.193,1290.436,1296.274,1300.166,1308.923,1313.788,1317.68,1325.95,1223.787,1224.053,1224.334,1224.782,1224.995,1225.406,1226.432,1227.192,1227.466,1229.047,1230.354,1231.388,1233.03,1234.307,1236.496,1238.017,1239.963,1242.517,1245.922,1249.328,1251.152,1254.436,1256.382,1261.733,1266.355,1273.166,1279.977,1282.652,1285.085,1285.085,1290.923,1294.815,1300.652,1308.436,1320.599,1323.518,1330.328,1347.356,1239.772,1240.054,1241.057,1241.665,1000,1000,1000,1000,1000,1000,1000,1000,1000,1000,1313.301,1312.572,1306.734,1299.315,1291.896,1000,1000,1000,1000,1000,1000,1000,1000,1000,1000,1000,1000,1000,1000,1290.679,1278.517,1286.301,1289.463,1290.679,1294.085,1297.734,1301.139,1309.896,1316.22,1325.95,1332.275,1336.167,1342.977,1347.842,1357.086,1254.96,1255.264,1255.675,1256.062,1256.823,1257.233,1258.464,1258.601,1260.182,1261.307,1263.436,1265.99,1267.936,1270.125,1271.463,1274.382,1276.693,1281.314,1281.801,1285.085,1289.22,1295.058,1299.193,1308.923,1000,1000,1000,1000,1000,1000,1068.223,1068.299,1068.223,1068.261,1068.147,1068.185,1181.948,1180.002,1180.002,1178.056,1176.11,1174.164,1173.191,1171.245,1169.786,1169.786,1169.786,1169.786,1169.786,1168.813,1168.813,1169.786,1171.245,1171.245,1174.164,1174.164,1174.164,1173.191,1171.245,1169.786,1169.786,1168.813,1168.813,1168.813,1169.786,1171.245,1172.218,1173.191,1175.137,1175.137,1176.11,1178.056,1178.056,1177.083,1177.083,1177.083,1177.083,1180.002,1180.002,1180.002,1180.002,1180.975,1177.083,1178.056,1177.083,1171.245,1162.002,1157.137,1148.38,1142.056,1138.65,1138.65,1137.677,1137.677,1139.623,1141.083,1141.083,1142.056,1143.029,1146.434,1147.407,1152.272,1153.245,1154.218,1152.272,1155.191,1158.11,1161.029,1164.921,1177.083,1068.185,1068.337,1068.413,1068.451,1000,1000,1000,1198.975,1197.03,1196.3,1197.03,1197.759,1197.03,1189.489,1167.962,1151.968,1146.495,1145.917,1144.245,1142.314,1140.923,1140.703,1140.809,1140.862,1140.862,1239.841,1190.219,1160.056,1144.61,1140.049,1000,1138.954,1140.292,1141.752,1141.144,1142.36,1141.752,1141.448,1000,1137.921,1000,1000,1000,1000,1000,1000,1000,1000,1000,1000,1183.408,1171.732,1167.962,1166.137,1164.313,1163.462,1166.989,1000,1000,1000,1000,1000,1000,1000,1000,1000,1000,1000,1000,1419.417,1420.695,1421.668,1000,1000,1000,1000,1000,1000,1000,1000,1000,1000,1000,1000,1000,1000,1000,1000,1000,1000,1000,1000,1000,1000,1000,1000,1000,1000,1000,1000,1000,1000,1000,1000,1000,1000,1000,1000,1000,1000,1000,1000,1000,1000,1000,1000,1000,1000,1000,1000,1000,1000,1000,1493.06,1500.419,1505.223,1504.128,1506.682,1502.304,1497.256,1494.581,1492.118,1489.016,1487.633,1487.04,1486.531,1566.764,1553.142,1532.223,1515.439,1501.817,1490.871,1483.452,1481.02,1476.52,1478.344,1480.655,1488.439,1000,1506.682,1513.25,1519.574,1000,1000,1000,1000,1000,1626.846,1616.63,1000,1000,1000,1000,1000,1000,1000,1000,1000,1000,1000,1000,1000,1000,1000,1000,1000,1000,1000,1000,1000,1000,1000,1000,1000,1000,1000,1000,1000,1000,1000,1000,1000,1000,1000,1000,1000,1000,1601.548,1596.683,1593.475,1591.841,1672.819,1647.035,1637.305,1626.116,1618.332,1608.116,1604.467,1595.954,1591.21,1585.251,1578.561,1570.717,1567.737,1564.879,1649.954,1635.846,1613.954,1000,1581.359,1571.386,1563.48,1555.088,1548.703,1544.264,1540.919,1537.84,1632.441,1601.792,1583.305,1568.224,1559.953,1547.304,1545.115,1538.547,1529.669,1522.858,1518.358,1514.436,1511.213,1510.346,1602.278,1584.278,1565.791,1554.602,1537.818,1531.493,1517.628,1513.371,1506.317,1500.419,1493.912,1490.932,1487.701,1487.086,1581.845,1559.953,1545.845,1531.25,1515.439,1501.331,1497.682,1488.439,1483.939,1479.439,1473.175,1468.006,1464.692,1462.518,1460.245,1459.515,1560.44,1549.737,1534.656,1518.115,1504.493,1494.277,1482.844,1470.195,1459.249,1000,1447.512,1000,1438.908,1000,1000,1000,1000,1000,1000,1000,1475.79,1000,1000,1000,1000,1000,1000,1000,1000,1000,1000,1000,1000,1000,1000,1000,1000,1000,1000,1000,1000,1000,1000,1000,1000,1000,1000,1000,1000,1000,1000,1000,1000,1000,1000,1000,1000,1000
1000,1000,1000,1000,1000,1187.543,1188.029,1188.029,1190.34,1191.496,1195.205,1198.489,1200.8,1202.016,1206.395,1210.165,1210.651,1216.489,1222.327,1225.246,1229.868,1235.949,1241.787,1244.706,1251.03,1254.922,1261.247,1269.031,1276.814,1286.544,1289.463,1296.76,1303.571,1192.765,1192.803,1193.404,1193.586,1193.86,1194.354,1195.783,1196.33,1197.577,1197.577,1199.036,1199.644,1201.408,1203.172,1206.881,1209.192,1212.841,1214.057,1218.192,1222.327,1227.435,1230.598,1235.949,1238.868,1242.76,1243.49,1248.111,1248.841,1000,1000,1000,1000,1000,1000,1000,1000,1000,1275.355,1284.598,1290.436,1296.274,1303.085,1309.409,1315.247,1208.409,1208.721,1208.918,1209.504,1210.317,1210.53,1211.488,1212.962,1213.661,1214.786,1217.219,1219.287,1220.381,1221.841,1224.03,1226.949,1229.138,1230.841,1233.76,1236.435,1239.841,1243.49,1247.382,1250.787,1255.652,1258.328,1262.22,1272.922,1277.787,1282.652,1290.923,1295.301,1297.247,1304.058,1310.869,1313.788,1323.031,1332.761,1223.977,1224.205,1224.486,1224.722,1225.155,1225.885,1226.675,1227.329,1228.712,1230.172,1230.78,1232.543,1233.76,1236.253,1237.713,1240.692,1243.246,1246.409,1249.328,1251.152,1253.463,1255.409,1260.76,1265.139,1271.22,1277.787,1282.652,1285.571,1285.571,1293.355,1297.247,1304.058,1310.382,1323.518,1327.41,1335.193,1348.329,1239.947,1240.107,1241.148,1241.452,1000,1000,1000,1000,1000,1000,1000,1000,1000,1000,1000,1000,1301.139,1000,1000,1000,1000,1000,1000,1000,1000,1000,1000,1000,1000,1255.15,1000,1000,1000,1000,1270.976,1279.004,1286.301,1288.733,1292.625,1298.22,1301.139,1307.463,1317.193,1324.004,1326.437,1333.248,1340.058,1343.95,1353.194,1254.922,1255.302,1255.675,1255.857,1256.541,1256.625,1257.568,1258.191,1259.848,1260.912,1262.524,1264.652,1266.78,1268.848,1270.125,1274.017,1276.328,1280.463,1284.598,1286.544,1292.382,1295.058,1302.355,1307.707,1311.842,1000,1000,1000,1000,1000,1000,1000,1000,1000,1068.185,1068.223,1182.921,1182.921,1180.975,1180.002,1178.056,1177.083,1176.11,1174.164,1173.191,1173.191,1173.191,1172.218,1174.164,1174.164,1174.164,1174.164,1174.164,1174.164,1174.164,1174.164,1174.164,1173.191,1173.191,1172.218,1171.245,1169.786,1169.786,1169.786,1171.245,1172.218,1173.191,1174.164,1176.11,1175.137,1177.083,1177.083,1178.056,1178.056,1180.002,1180.002,1180.975,1181.948,1181.948,1180.975,1181.948,1181.948,1177.083,1174.164,1173.191,1165.894,1158.11,1154.218,1148.38,1141.083,1137.677,1136.218,1135.245,1137.677,1138.65,1140.596,1141.083,1143.029,1144.002,1147.407,1148.38,1151.299,1152.272,1151.299,1150.326,1153.245,1155.191,1161.029,1164.921,1171.245,1175.137,1174.164,1171.245,1167.84,1000,1000,1000,1200.435,1195.57,1194.84,1194.111,1194.84,1190.948,1184.381,1166.989,1152.576,1146.495,1146.1,1144.549,1000,1000,1000,1000,1141.25,1141.045,1247.138,1214.057,1000,1000,1000,1142.36,1140.292,1140.049,1140.292,1139.745,1140.292,1140.049,1000,1000,1000,1000,1000,1000,1000,1000,1000,1000,1000,1000,1000,1188.273,1174.408,1168.813,1165.651,1165.651,1164.313,1167.962,1000,1000,1000,1000,1000,1000,1000,1000,1000,1000,1000,1000,1000,1000,1000,1000,1000,1000,1000,1000,1000,1000,1000,1000,1000,1000,1000,1000,1000,1000,1000,1000,1000,1000,1000,1000,1000,1000,1000,1000,1000,1000,1000,1000,1000,1000,1000,1000,1000,1000,1000,1000,1000,1000,1000,1000,1000,1000,1000,1000,1000,1000,1000,1000,1000,1000,1000,1501.331,1504.493,1503.033,1503.398,1499.81,1496.223,1493.486,1491.236,1488.804,1487.557,1486.911,1578.926,1557.034,1544.872,1525.899,1509.358,1497.196,1491.358,1484.79,1481.02,1479.074,1480.168,1000,1000,1497.196,1507.412,1512.034,1516.169,1516.898,1000,1000,1000,1000,1620.765,1614.197,1000,1000,1000,1000,1000,1000,1000,1000,1000,1000,1000,1000,1000,1000,1000,1000,1000,1000,1000,1000,1000,1000,1000,1000,1000,1000,1000,1000,1000,1000,1000,1000,1000,1000,1000,1000,1000,1000,1603.19,1597.383,1593.992,1591.765,1668.927,1645.576,1632.441,1619.062,1613.711,1606.9,1599.116,1588.535,1583.062,1577.649,1571.507,1567.099,1566.125,1564.712,1000,1633.9,1612.981,1594.737,1579.656,1571.872,1563.967,1555.453,1547.608,1543.291,1540.22,1537.901,1632.441,1604.71,1592.062,1571.629,1561.169,1551.196,1546.088,1535.872,1530.034,1522.007,1516.412,1512.976,1510.779,1610.062,1594.981,1581.359,1561.899,1553.629,1539.764,1531.493,1516.169,1510.331,1504.493,1500.115,1494.581,1491.418,1488.484,1487.192,1576.98,1555.088,1544.872,1529.791,1516.169,1504.979,1498.898,1488.439,1481.02,1476.155,1470.864,1466.425,1463.536,1462.381,1460.123,1459.553,1557.521,1543.412,1522.98,1509.358,1492.817,1487.222,1479.682,1469.465,1457.668,1452.073,1445.384,1439.577,1438.315,1437.425,1436.893,1436.164,1000,1000,1000,1489.898,1474.33,1461.925,1449.762,1000,1000,1000,1000,1000,1000,1000,1000,1000,1000,1000,1000,1000,1000,1000,1000,1000,1000,1000,1000,1000,1000,1000,1000,1000,1000,1000,1000,1000,1000,1000,1000,1000,1000,1000
1000,1000,1000,1000,1000,1000,1186.023,1186.631,1188.516,1191.496,1194.597,1197.03,1199.584,1200.8,1204.57,1208.219,1209.678,1214.786,1222.814,1225.976,1231.084,1236.679,1240.814,1242.273,1247.138,1249.571,1254.922,1261.733,1269.031,1277.787,1281.679,1288.49,1295.788,1192.689,1192.841,1193.404,1193.791,1194.019,1194.552,1195.54,1196.33,1196.938,1196.938,1197.911,1198.854,1199.827,1201.895,1205.665,1208.219,1211.381,1212.476,1216.854,1220.868,1225.246,1228.408,1234.733,1235.949,1240.814,1242.03,1247.382,1248.111,1000,1000,1000,1000,1000,1000,1000,1000,1000,1278.274,1285.571,1293.355,1297.247,1305.517,1310.382,1316.22,1208.409,1208.766,1208.918,1209.504,1210.119,1210.317,1210.986,1212.354,1212.962,1214.786,1216.976,1218.496,1219.834,1221.233,1222.449,1224.76,1226.949,1229.138,1231.571,1233.76,1237.895,1241.3,1243.976,1247.382,1253.949,1256.382,1261.49,1270.003,1276.328,1280.22,1289.463,1291.896,1295.301,1302.112,1306.977,1311.842,1321.085,1331.788,1223.901,1224.167,1224.38,1224.539,1224.782,1225.315,1226.098,1226.797,1228.074,1229.047,1229.594,1231.875,1233.273,1236.253,1238.381,1242.152,1243.611,1246.409,1248.476,1250.179,1251.638,1253.949,1259.057,1263.436,1268.787,1274.625,1279.977,1283.625,1286.544,1293.355,1298.22,1304.058,1310.382,1321.572,1329.356,1337.626,1239.392,1239.902,1240.168,1240.974,1242.365,1000,1000,1000,1000,1000,1000,1000,1000,1000,1000,1000,1000,1000,1000,1282.409,1000,1000,1000,1000,1000,1000,1000,1263.193,1257.932,1255.424,1255.112,1000,1000,1000,1000,1000,1282.652,1287.517,1288.733,1292.625,1296.274,1302.112,1307.463,1315.247,1320.599,1324.977,1330.328,1337.139,1342.004,1355.14,1254.922,1255.264,1255.796,1255.857,1256.625,1257.02,1257.689,1258.601,1259.513,1260.912,1262.341,1264.166,1265.99,1267.936,1270.49,1271.463,1275.841,1277.909,1280.95,1283.625,1289.706,1294.571,1300.652,1306.247,1311.842,1314.761,1313.301,1000,1000,1000,1000,1000,1000,1000,1000,1000,1068.299,1068.223,1068.109,1068.109,1181.948,1180.975,1180.002,1177.083,1177.083,1176.11,1178.056,1178.056,1180.975,1180.002,1178.056,1176.11,1176.11,1174.164,1174.164,1174.164,1174.164,1174.164,1173.191,1172.218,1171.245,1168.813,1168.813,1168.813,1169.786,1171.245,1172.218,1173.191,1175.137,1176.11,1177.083,1178.056,1178.056,1178.056,1180.002,1180.002,1181.948,1068.109,1068.185,1068.147,1182.921,1180.002,1176.11,1171.245,1166.867,1162.002,1159.083,1156.164,1151.299,1144.975,1140.596,1136.704,1133.786,1133.786,1134.272,1137.677,1139.623,1142.056,1144.002,1148.38,1150.326,1152.272,1153.245,1152.272,1149.353,1153.245,1154.218,1159.083,1162.975,1168.813,1165.894,1162.975,1000,1000,1000,1000,1000,1198.975,1194.111,1191.435,1191.435,1192.165,1188.759,1179.759,1164.799,1153.124,1147.286,1146.495,1145.036,1000,1000,1000,1142.527,1142.877,1142.527,1140.566,1231.084,1179.759,1153.124,1148.624,1000,1141.752,1140.049,1139.745,1138.711,1139.745,1140.049,1142.664,1000,1000,1000,1000,1000,1000,1000,1000,1000,1000,1000,1202.867,1188.273,1177.083,1170.759,1167.475,1164.799,1164.313,1166.137,1000,1000,1000,1000,1000,1000,1000,1000,1000,1000,1000,1000,1000,1417.502,1000,1000,1000,1000,1000,1000,1000,1000,1000,1000,1000,1000,1000,1000,1000,1000,1000,1000,1000,1000,1000,1000,1000,1000,1000,1000,1000,1000,1000,1000,1000,1000,1000,1000,1000,1000,1000,1000,1000,1000,1000,1000,1000,1000,1000,1000,1000,1000,1000,1000,1000,1000,1000,1498.108,1503.398,1502.304,1503.763,1500.419,1497.56,1494.337,1491.753,1488.697,1487.428,1486.645,1570.656,1550.223,1541.466,1525.899,1512.034,1500.115,1495.006,1488.439,1484.79,1485.276,1488.439,1000,1000,1496.223,1501.331,1502.547,1506.682,1504.25,1000,1000,1000,1628.549,1615.413,1610.67,1607.143,1000,1000,1000,1000,1000,1000,1000,1000,1000,1000,1000,1000,1000,1000,1000,1000,1000,1000,1000,1000,1000,1000,1000,1000,1000,1000,1000,1000,1000,1000,1000,1000,1000,1000,1000,1000,1000,1598.386,1594.981,1593.475,1591.841,1673.792,1653.36,1637.792,1619.792,1615.656,1606.413,1595.467,1584.521,1579.899,1574.305,1570.139,1566.232,1565.084,1655.792,1630.981,1617.359,1602.764,1592.548,1577.953,1568.224,1561.777,1553.264,1544.689,1541.375,1539.292,1537.681,1628.549,1606.656,1597.9,1579.413,1563.845,1553.629,1546.088,1535.385,1527.48,1520.912,1514.77,1512.368,1510.262,1606.17,1588.17,1573.575,1552.169,1549.25,1532.709,1527.845,1516.169,1511.182,1504.858,1500.723,1494.581,1491.084,1488.195,1487.192,1578.926,1561.899,1546.331,1531.25,1512.52,1502.547,1495.493,1488.439,1480.655,1477.614,1472.871,1468.249,1464.357,1463.536,1460.617,1459.842,1459.363,1550.71,1526.872,1513.736,1494.763,1487.222,1479.195,1471.168,1459.249,1452.803,1445.384,1439.881,1438.664,1437.342,1436.445,1536.115,1527.358,1512.277,1501.088,1487.466,1477.249,1464.601,1453.654,1440.033,1434.681,1000,1000,1000,1000,1000,1000,1415.085,1512.763,1482.114,1470.438,1463.141,1445.141,1000,1000,1000,1000,1000,1000,1000,1000,1000,1000,1000,1000,1000,1000,1000,1000,1000,1000,1000,1000,1000
1000,1000,1000,1000,1000,1000,1186.448,1186.631,1189.307,1192.043,1194.232,1196.3,1199.219,1201.165,1204.084,1208.705,1209.678,1214.786,1218.192,1222.814,1227.679,1233.76,1237.895,1243.246,1247.625,1251.03,1254.436,1262.706,1267.084,1273.895,1278.76,1284.598,1291.896,1302.599,1192.727,1193.297,1193.715,1194.019,1194.749,1195.92,1196.33,1196.634,1196.938,1197.394,1198.641,1200.253,1202.928,1205.969,1207.854,1210.286,1211.016,1214.786,1220.868,1225.733,1227.922,1233.516,1235.219,1237.652,1239.598,1245.436,1245.922,1000,1000,1000,1000,1000,1000,1000,1000,1000,1279.247,1288.49,1294.328,1301.139,1308.436,1314.274,1316.22,1208.409,1208.721,1208.865,1209.283,1209.922,1210.21,1210.864,1212.05,1212.658,1214.209,1216.064,1218.192,1219.287,1221.537,1222.449,1224.395,1226.584,1229.625,1232.422,1236.435,1240.327,1243.003,1243.976,1247.382,1251.517,1255.165,1260.274,1268.544,1273.895,1277.787,1286.544,1290.923,1295.301,1302.112,1306.977,1308.923,1317.68,1329.842,1223.863,1224.053,1224.243,1224.334,1224.539,1225.071,1226.098,1227.055,1228.378,1229.229,1229.989,1231.875,1232.787,1235.402,1236.8,1241.057,1243.246,1247.625,1249.814,1252.003,1252.976,1254.436,1258.084,1262.949,1269.517,1275.112,1279.247,1283.625,1285.571,1290.436,1294.328,1301.625,1306.004,1314.761,1323.518,1333.248,1342.491,1239.697,1240.229,1241.255,1242.76,1000,1000,1000,1000,1000,1000,1000,1000,1000,1000,1000,1000,1000,1282.956,1281.679,1000,1000,1000,1000,1000,1000,1000,1000,1000,1255.675,1255.302,1344.923,1328.383,1000,1000,1000,1285.571,1287.517,1288.004,1292.625,1296.274,1298.22,1306.004,1310.382,1314.761,1320.599,1324.977,1331.302,1340.058,1347.842,1360.978,1255.15,1255.424,1255.735,1256.131,1256.625,1257.339,1258.054,1259.361,1260.365,1261.916,1263.679,1265.199,1268.24,1270.733,1271.828,1275.476,1277.058,1280.463,1282.774,1289.22,1294.085,1299.193,1303.571,1307.707,1311.842,1313.301,1316.707,1000,1000,1000,1000,1000,1000,1000,1000,1000,1000,1068.223,1068.185,1181.948,1180.975,1180.975,1180.002,1178.056,1180.002,1182.921,1182.921,1068.147,1182.921,1181.948,1180.002,1177.083,1176.11,1175.137,1175.137,1175.137,1175.137,1173.191,1172.218,1171.245,1168.813,1167.84,1167.84,1167.84,1168.813,1169.786,1171.245,1173.191,1174.164,1175.137,1175.137,1177.083,1177.083,1178.056,1180.002,1182.921,1182.921,1068.147,1068.185,1068.299,1181.948,1176.11,1168.813,1164.921,1162.002,1159.083,1158.11,1152.272,1147.407,1143.029,1137.677,1135.245,1134.272,1135.245,1136.704,1140.596,1143.029,1145.461,1149.353,1151.299,1151.299,1151.299,1150.326,1149.353,1150.326,1152.272,1157.137,1162.002,1165.894,1162.002,1157.137,1000,1000,1000,1000,1000,1198.975,1193.381,1193.381,1191.435,1190.948,1188.759,1179.759,1165.164,1155.921,1149.597,1148.624,1000,1000,1000,1000,1143.652,1144.245,1143.941,1141.395,1245.192,1191.678,1167.597,1000,1000,1000,1144.61,1144.002,1144.002,1144.975,1144.245,1145.34,1000,1000,1000,1000,1000,1000,1000,1392.934,1000,1000,1000,1000,1185.11,1173.678,1167.962,1166.502,1162.732,1163.097,1166.137,1000,1000,1000,1000,1000,1000,1000,1000,1000,1000,1000,1000,1418.627,1419.6,1420.695,1000,1000,1000,1000,1000,1000,1000,1000,1000,1000,1000,1000,1000,1000,1000,1000,1000,1000,1000,1000,1000,1000,1000,1000,1000,1000,1000,1000,1000,1000,1000,1000,1000,1000,1000,1000,1000,1000,1000,1000,1000,1000,1000,1000,1000,1000,1000,1000,1000,1000,1000,1000,1000,1499.506,1500.419,1501.088,1497.013,1496.466,1493.668,1490.932,1488.393,1487.633,1486.607,1573.088,1552.169,1541.466,1523.953,1507.898,1497.682,1492.817,1486.614,1481.385,1485.276,1485.276,1485.276,1490.871,1499.385,1501.817,1504.25,1503.033,1000,1000,1000,1000,1625.873,1611.035,1607.386,1604.589,1000,1000,1000,1000,1000,1000,1000,1000,1000,1000,1000,1000,1000,1000,1000,1000,1000,1000,1000,1000,1000,1000,1000,1000,1000,1000,1000,1000,1000,1000,1000,1000,1000,1000,1000,1000,1000,1598.143,1595.117,1593.78,1591.803,1669.901,1654.333,1637.792,1619.792,1615.656,1606.413,1593.035,1579.899,1575.399,1000,1567.6,1565.951,1564.75,1651.9,1622.711,1611.521,1595.954,1587.926,1575.521,1568.224,1560.075,1555.088,1546.088,1541.527,1538.988,1537.84,1629.522,1608.602,1596.44,1580.872,1000,1000,1541.953,1533.196,1525.412,1520.912,1515.834,1513.676,1510.779,1509.996,1589.143,1562.386,1541.223,1537.818,1523.466,1523.466,1516.169,1512.034,1506.317,1500.419,1494.094,1491.601,1488.91,1487.192,1576.007,1557.034,1544.872,1528.818,1000,1504.25,1498.412,1489.898,1483.452,1481.02,1477.249,1470.56,1466.06,1464.357,1461.453,1460.313,1459.842,1559.467,1535.628,1513.736,1494.277,1482.844,1473.844,1465.087,1456.087,1000,1000,1000,1000,1437.425,1436.49,1536.115,1528.331,1508.385,1500.115,1000,1475.79,1461.925,1451.465,1436.262,1000,1427.201,1000,1000,1000,1000,1415.427,1415.191,1514.709,1485.033,1475.79,1468.006,1450.979,1000,1000,1000,1000,1000,1000,1000,1000,1000,1000,1000,1000,1000,1000,1000,1000,1000,1000,1000,1000,1000
1000,1000,1000,1000,1000,1000,1000,1185.84,1188.029,1190.34,1192.651,1195.935,1198.489,1200.435,1203.232,1207.732,1209.192,1213.327,1216.976,1221.597,1225.976,1231.084,1235.949,1240.327,1247.138,1251.03,1254.922,1261.733,1267.084,1270.003,1276.814,1284.598,1293.842,1303.571,1192.803,1193.153,1193.525,1193.715,1194.354,1195.661,1196.33,1196.634,1197.577,1198.276,1199.219,1200.496,1203.172,1205.665,1206.881,1209.557,1211.016,1213.57,1218.192,1224.273,1225.733,1231.814,1235.219,1238.868,1238.868,1242.76,1241.3,1000,1000,1000,1000,1000,1000,1000,1000,1000,1282.652,1288.49,1293.355,1302.112,1309.409,1311.355,1314.274,1208.371,1208.599,1208.766,1209.359,1210.119,1210.317,1211.107,1212.202,1212.962,1214.604,1217.219,1219.834,1220.928,1222.449,1223.057,1224.395,1225.489,1229.138,1232.422,1236.922,1240.327,1242.517,1243.49,1247.382,1251.517,1255.165,1261.003,1268.057,1273.895,1277.787,1284.112,1288.49,1291.896,1298.22,1303.085,1306.004,1314.761,1326.923,1223.863,1223.977,1224.167,1224.243,1224.486,1224.722,1225.778,1226.31,1227.466,1228.226,1229.047,1230.78,1232.057,1234.307,1236.253,1239.963,1242.517,1246.409,1248.841,1250.665,1251.638,1253.463,1258.084,1261.733,1265.868,1271.22,1275.112,1281.436,1284.112,1288.49,1291.896,1299.193,1300.652,1310.869,1319.626,1334.22,1345.41,1239.811,1240.107,1241.772,1242.623,1243.49,1000,1000,1000,1000,1000,1000,1000,1000,1000,1000,1000,1000,1280.95,1280.281,1000,1000,1000,1000,1000,1000,1000,1000,1257.233,1255.735,1255.264,1348.815,1338.112,1000,1000,1000,1285.085,1285.085,1286.301,1294.085,1296.274,1302.599,1306.004,1311.355,1314.761,1319.626,1323.031,1331.302,1340.058,1348.815,1361.951,1255.15,1255.378,1255.857,1256.207,1256.625,1257.127,1258.054,1258.601,1260.03,1260.73,1263.01,1264.895,1267.632,1270.49,1272.557,1274.382,1276.328,1279.977,1281.801,1287.517,1292.869,1298.707,1303.085,1306.247,1309.653,1311.112,1316.22,1322.058,1330.328,1337.139,1000,1000,1000,1000,1000,1000,1000,1000,1000,1182.921,1181.948,1181.948,1180.002,1180.975,1068.109,1068.223,1068.223,1068.299,1068.261,1068.185,1182.921,1180.975,1178.056,1176.11,1175.137,1174.164,1174.164,1172.218,1172.218,1169.786,1167.84,1166.867,1166.867,1167.84,1168.813,1168.813,1171.245,1172.218,1172.218,1173.191,1174.164,1175.137,1175.137,1176.11,1177.083,1181.948,1182.921,1068.223,1068.261,1068.261,1181.948,1176.11,1167.84,1162.002,1157.137,1156.164,1155.191,1151.299,1150.326,1145.461,1138.65,1135.245,1133.786,1133.786,1135.245,1140.596,1144.002,1147.407,1150.326,1153.245,1152.272,1150.326,1150.326,1150.326,1154.218,1155.191,1158.11,1161.029,1163.948,1162.002,1156.164,1000,1000,1000,1000,1000,1198.975,1193.381,1191.435,1190.948,1190.948,1189.489,1180.246,1166.502,1157.016,1152.82,1150.387,1000,1000,1000,1000,1146.1,1146.1,1145.036,1142.101,1140.148,1215.03,1194.111,1186.083,1178.543,1168.083,1155.313,1151.786,1150.569,1000,1000,1000,1000,1000,1000,1000,1000,1482.601,1391.733,1392.668,1000,1000,1000,1000,1183.894,1173.191,1166.502,1164.799,1163.097,1163.097,1165.651,1000,1000,1000,1000,1000,1000,1000,1000,1000,1000,1000,1000,1419.235,1420.877,1421.911,1000,1000,1000,1000,1000,1000,1000,1000,1000,1000,1000,1000,1000,1000,1000,1000,1000,1000,1000,1000,1000,1000,1000,1000,1000,1000,1000,1000,1000,1000,1000,1000,1000,1000,1000,1000,1000,1000,1000,1000,1000,1000,1000,1000,1000,1000,1000,1000,1000,1000,1000,1000,1496.223,1498.351,1499.506,1498.351,1495.979,1496.466,1493.668,1490.324,1488.195,1487.367,1582.818,1566.764,1549.25,1534.656,1519.088,1503.033,1496.709,1491.844,1489.412,1481.385,1486.614,1483.939,1000,1000,1503.033,1503.52,1510.088,1000,1000,1000,1000,1000,1620.278,1608.116,1604.893,1601.305,1000,1000,1000,1000,1000,1000,1000,1000,1000,1000,1000,1000,1000,1000,1000,1000,1000,1000,1000,1000,1000,1000,1000,1000,1000,1000,1000,1000,1000,1000,1000,1000,1000,1000,1000,1000,1000,1000,1000,1000,1591.575,1661.144,1648.981,1630.008,1617.116,1608.116,1599.602,1584.521,1576.798,1571.142,1568.771,1565.616,1565.472,1658.711,1648.495,1000,1612.981,1595.954,1587.197,1572.845,1569.683,1558.494,1552.291,1545.176,1541.375,1538.882,1537.901,1634.386,1610.548,1595.467,1579.413,1000,1547.304,1538.061,1527.48,1000,1517.446,1513.979,1512.155,1510.84,1510.072,1597.9,1561.899,1548.277,1534.656,1521.763,1519.088,1518.115,1000,1505.952,1500.115,1493.668,1490.324,1488.91,1486.994,1576.98,1566.764,1555.088,1533.682,1518.115,1506.682,1498.898,1489.412,1482.601,1478.709,1476.885,1468.006,1464.874,1463.08,1460.868,1459.796,1459.401,1550.71,1531.737,1511.79,1492.817,1481.628,1471.168,1462.29,1000,1453.533,1448.607,1441.158,1439.577,1437.691,1436.316,1530.277,1522.007,1506.439,1494.763,1482.601,1471.411,1461.438,1448.79,1439.546,1433.952,1429.087,1425.012,1000,1000,1000,1415.085,1414.758,1506.925,1485.033,1470.438,1467.033,1447.33,1000,1000,1000,1000,1000,1000,1000,1000,1000,1000,1000,1000,1000,1000,1000,1000,1000,1000,1000,1000,1000
1000,1000,1000,1000,1000,1000,1000,1184.837,1187.117,1189.002,1190.644,1193.867,1198.124,1199.584,1203.232,1207.246,1209.192,1210.651,1216.003,1219.165,1224.03,1227.679,1233.76,1237.408,1245.679,1247.138,1252.003,1255.895,1260.274,1258.328,1267.084,1271.949,1284.598,1292.869,1192.689,1192.917,1193.297,1193.404,1194.019,1194.643,1195.418,1195.661,1196.634,1197.394,1198.641,1199.827,1202.624,1203.962,1205.665,1208.462,1210.651,1212.111,1217.341,1221.841,1222.327,1227.922,1231.084,1234.733,1235.219,1238.381,1237.652,1234.003,1000,1000,1000,1000,1000,1000,1000,1270.976,1291.409,1293.355,1297.247,1303.085,1308.436,1308.436,1312.328,1208.295,1208.561,1208.721,1209.215,1209.663,1210.119,1210.743,1211.761,1212.658,1214.786,1216.489,1219.287,1220.381,1222.145,1223.057,1223.787,1224.03,1228.043,1231.206,1235.098,1239.354,1242.517,1243.976,1245.679,1249.084,1255.165,1261.003,1268.057,1275.355,1278.76,1283.625,1286.058,1289.463,1294.815,1301.139,1306.004,1316.707,1329.842,1223.901,1224.053,1224.243,1224.288,1224.433,1224.6,1225.489,1225.991,1227.055,1227.77,1228.712,1229.777,1231.388,1232.543,1235.098,1238.381,1241.422,1244.706,1247.99,1248.841,1249.328,1250.665,1254.922,1258.571,1263.436,1270.003,1273.895,1279.977,1285.085,1288.004,1290.436,1296.76,1298.22,1305.031,1313.788,1327.41,1336.653,1239.544,1240.168,1242.121,1243.642,1244.098,1000,1000,1000,1000,1000,1000,1000,1000,1000,1000,1000,1000,1000,1000,1000,1000,1000,1000,1000,1000,1000,1000,1000,1256.45,1255.378,1355.14,1341.031,1000,1000,1000,1282.652,1281.436,1285.571,1290.193,1295.544,1301.139,1300.652,1307.95,1309.896,1317.68,1322.058,1332.275,1337.139,1347.842,1355.14,1363.896,1255.188,1255.469,1255.857,1256.366,1257.02,1257.932,1258.753,1260.182,1261.125,1263.193,1265.199,1267.632,1270.125,1272.557,1274.747,1277.909,1279.977,1284.598,1288.49,1294.571,1298.707,1301.139,1303.085,1305.031,1308.193,1316.22,1322.058,1332.761,1341.518,1351.734,1357.572,1367.788,1000,1000,1000,1000,1000,1000,1000,1000,1182.921,1068.109,1068.109,1068.223,1068.337,1068.337,1068.375,1068.299,1068.223,1068.109,1182.921,1180.002,1176.11,1175.137,1173.191,1173.191,1171.245,1169.786,1168.813,1167.84,1166.867,1165.894,1166.867,1166.867,1167.84,1168.813,1169.786,1171.245,1173.191,1173.191,1174.164,1174.164,1176.11,1177.083,1180.975,1181.948,1068.109,1182.921,1182.921,1174.164,1172.218,1162.975,1157.137,1154.218,1156.164,1156.164,1155.191,1152.272,1146.434,1141.083,1136.704,1132.813,1133.786,1135.245,1140.596,1144.975,1149.353,1151.299,1150.326,1150.326,1150.326,1146.434,1149.353,1149.353,1157.137,1156.164,1160.056,1157.137,1155.191,1000,1000,1000,1357.876,1000,1224.76,1197.03,1193.381,1190.948,1191.435,1190.948,1188.273,1174.408,1162.245,1155.678,1153.428,1151.421,1000,1000,1000,1149.84,1000,1149.353,1146.921,1142.877,1140.376,1229.138,1213.084,1214.057,1205.3,1196.543,1000,1000,1000,1000,1000,1000,1000,1000,1000,1000,1000,1478.222,1391.482,1392.075,1392.934,1000,1205.422,1000,1178.056,1169.786,1165.651,1163.462,1162.245,1161.88,1163.948,1000,1000,1000,1000,1000,1000,1000,1000,1000,1000,1415.191,1417.38,1418.171,1418.627,1000,1000,1000,1000,1000,1000,1000,1000,1000,1000,1000,1000,1000,1000,1000,1000,1000,1000,1000,1000,1000,1000,1000,1000,1000,1000,1000,1000,1000,1000,1000,1000,1000,1000,1000,1000,1000,1000,1000,1000,1000,1000,1000,1000,1000,1000,1000,1000,1000,1000,1000,1000,1000,1496.223,1498.108,1498.108,1495.736,1494.337,1495.25,1493.06,1490.476,1488.591,1487.701,1486.569,1567.737,1547.304,1532.709,1513.979,1502.547,1499.385,1492.817,1487.952,1479.803,1482.601,1478.344,1482.236,1000,1500.115,1500.115,1507.898,1000,1000,1000,1000,1000,1614.927,1610.67,1606.413,1601.062,1000,1000,1000,1000,1000,1000,1000,1000,1000,1000,1000,1000,1000,1000,1000,1000,1000,1000,1000,1000,1000,1000,1000,1000,1000,1000,1000,1000,1000,1000,1000,1000,1000,1000,1000,1000,1000,1000,1593.278,1592.943,1591.841,1672.819,1655.306,1638.765,1619.792,1608.116,1595.954,1583.062,1575.399,1570.534,1568.315,1565.776,1565.266,1654.819,1642.657,1617.359,1612.981,1599.845,1590.359,1580.386,1000,1000,1555.453,1547.061,1540.767,1539.079,1537.59,1628.549,1608.602,1594.494,1577.953,1560.683,1547.304,1537.21,1529.669,1524.439,1000,1000,1512.854,1510.658,1510.034,1595.954,1571.142,1558.494,1547.791,1526.628,1523.953,1519.088,1000,1504.128,1500.723,1493.06,1489.898,1488.287,1486.569,1561.899,1559.953,1546.331,1530.277,1518.115,1510.574,1494.52,1487.466,1479.439,1476.52,1473.844,1468.736,1465.239,1462.655,1460.245,1459.515,1552.656,1536.601,1523.953,1507.898,1487.952,1480.898,1471.655,1459.249,1454.263,1451.1,1000,1439.729,1438.421,1000,1000,1516.169,1510.331,1492.817,1481.628,1468.492,1461.438,1451.952,1445.627,1439.546,1436.262,1431.397,1428.418,1422.336,1417.897,1000,1415.244,1414.606,1505.952,1483.087,1469.465,1458.276,1443.195,1000,1000,1000,1000,1000,1000,1000,1000,1000,1000,1000,1000,1000,1000,1000,1000,1000,1000,1000,1000,1000
1000,1000,1000,1000,1000,1000,1000,1185.597,1187.3,1190.097,1000,1192.955,1196.665,1198.124,1200.8,1204.57,1209.192,1209.678,1213.327,1216.003,1219.895,1224.03,1231.814,1235.949,1243.733,1245.679,1250.057,1252.003,1257.355,1256.868,1267.084,1268.057,1281.679,1285.571,1298.707,1300.652,1193.031,1193.198,1194.019,1194.643,1195.661,1195.92,1196.786,1197.09,1197.759,1199.036,1201.408,1202.138,1203.172,1206.273,1207.854,1208.219,1212.841,1217.341,1217.705,1222.814,1226.949,1231.084,1231.084,1233.516,1234.003,1234.733,1225.246,1000,1000,1000,1000,1000,1000,1277.301,1290.436,1293.355,1295.301,1300.166,1305.517,1309.409,1312.328,1208.371,1208.561,1208.812,1209.154,1209.427,1210.013,1210.53,1211.229,1212.506,1214.422,1216.064,1219.287,1220.928,1222.449,1223.422,1223.787,1224.395,1227.679,1230.354,1234.246,1238.381,1241.3,1243.49,1245.679,1249.571,1253.949,1258.328,1265.139,1270.976,1274.868,1280.22,1285.085,1288.49,1296.274,1303.085,1307.95,1317.68,1329.842,1223.863,1223.977,1224.243,1224.243,1224.486,1224.661,1225.489,1225.687,1226.918,1227.466,1228.53,1229.594,1231.206,1231.875,1234.55,1236.8,1239.598,1242.881,1247.625,1247.625,1248.476,1251.152,1254.922,1257.355,1262.949,1269.517,1270.733,1276.571,1284.112,1286.544,1288.49,1295.788,1299.193,1302.112,1310.869,1322.545,1332.275,1239.392,1240.35,1242.486,1244.979,1246.53,1000,1000,1000,1000,1000,1000,1000,1000,1000,1000,1000,1000,1000,1281.436,1278.639,1000,1000,1000,1000,1000,1000,1000,1000,1256.625,1255.188,1352.221,1332.275,1324.977,1000,1000,1285.085,1282.652,1285.571,1288.733,1291.409,1295.544,1301.139,1308.923,1311.355,1317.193,1322.058,1334.22,1339.085,1346.869,1353.194,1363.896,1255.074,1255.515,1255.796,1256.45,1256.914,1257.932,1258.464,1260.365,1260.912,1263.01,1264.652,1268.544,1270.125,1272.922,1275.841,1277.058,1280.95,1283.625,1287.517,1292.869,1298.707,1300.652,1303.571,1307.707,1308.923,1316.22,1322.058,1333.248,1339.572,1353.68,1356.599,1363.41,1372.653,1272.55,1000,1000,1000,1000,1000,1000,1000,1000,1068.147,1068.337,1068.451,1068.451,1068.451,1068.375,1068.299,1068.185,1068.109,1180.975,1177.083,1175.137,1173.191,1173.191,1171.245,1169.786,1168.813,1166.867,1165.894,1164.921,1164.921,1164.921,1164.921,1165.894,1166.867,1168.813,1169.786,1171.245,1173.191,1174.164,1175.137,1177.083,1180.975,1180.975,1181.948,1181.948,1178.056,1172.218,1172.218,1166.867,1162.002,1161.029,1161.029,1159.083,1157.137,1155.191,1148.38,1142.056,1136.218,1132.813,1133.786,1135.245,1139.623,1144.002,1148.38,1150.326,1152.272,1149.353,1148.38,1149.353,1149.353,1153.245,1158.11,1160.056,1162.002,1159.083,1155.191,1000,1000,1000,1355.383,1000,1000,1197.03,1192.894,1192.894,1192.894,1189.489,1189.489,1173.191,1159.934,1154.948,1153.428,1152.272,1151.725,1151.421,1151.178,1151.178,1151.421,1149.597,1147.529,1143.515,1140.376,1234.976,1224.273,1223.3,1219.408,1218.435,1000,1000,1000,1000,1000,1000,1000,1000,1000,1000,1459.736,1471.411,1494.277,1391.368,1392.014,1393.907,1000,1000,1000,1166.989,1163.097,1162.245,1162.245,1160.664,1163.462,1000,1000,1000,1000,1000,1000,1000,1000,1501.574,1414.568,1000,1000,1000,1000,1000,1000,1000,1000,1000,1000,1000,1000,1000,1000,1000,1000,1000,1000,1000,1000,1000,1000,1000,1000,1000,1000,1000,1000,1000,1000,1000,1000,1000,1000,1000,1000,1000,1000,1000,1000,1000,1000,1000,1000,1000,1000,1000,1000,1000,1000,1000,1000,1000,1000,1000,1000,1000,1495.979,1497.804,1497.56,1496.223,1495.25,1495.493,1493.668,1490.78,1488.591,1487.489,1582.818,1561.899,1546.331,1534.656,1518.115,1506.682,1503.52,1493.547,1486.128,1479.439,1481.871,1477.979,1484.303,1487.952,1498.412,1497.682,1507.412,1000,1000,1000,1000,1000,1617.967,1612.981,1607.143,1601.548,1000,1000,1000,1000,1000,1000,1000,1000,1000,1000,1000,1000,1000,1000,1000,1000,1000,1000,1000,1000,1000,1000,1000,1000,1000,1000,1000,1000,1000,1000,1000,1000,1000,1000,1000,1000,1000,1000,1593.475,1592.639,1591.803,1675.738,1657.252,1642.17,1626.116,1614.44,1597.413,1585.737,1577.953,1573.088,1569.257,1566.855,1565.54,1660.657,1642.657,1618.332,1608.116,1599.845,1590.359,1577.953,1571.872,1560.926,1554.723,1546.331,1541.071,1539.079,1537.787,1626.603,1608.602,1585.251,1576.494,1556.061,1546.088,1534.534,1527.845,1521.155,1517.446,1514.436,1513.387,1511.129,1510.49,1602.278,1573.575,1557.034,1542.683,1519.088,1517.142,1000,1000,1502.304,1499.506,1492.118,1488.91,1487.633,1583.791,1560.926,1562.872,1550.223,1535.142,1519.088,1510.574,1494.52,1487.101,1477.979,1475.425,1471.411,1466.851,1463.84,1461.666,1459.895,1459.401,1547.304,1536.601,1526.872,1513.736,1495.736,1486.006,1470.195,1457.303,1453.533,1450.127,1444.654,1440.641,1439.029,1436.772,1537.088,1518.115,1509.358,1491.358,1482.601,1472.141,1463.871,1454.141,1446.6,1441.37,1437.843,1433.587,1429.33,1000,1000,1000,1414.834,1509.844,1496.709,1478.222,1463.141,1000,1000,1000,1000,1000,1000,1000,1000,1000,1000,1000,1000,1000,1000,1000,1000,1000,1000,1000,1000,1000,1000,1000
1000,1000,1000,1000,1000,1000,1000,1185.597,1186.631,1188.516,1000,1192.955,1195.205,1197.759,1199.219,1203.719,1208.219,1209.192,1210.165,1214.786,1217.462,1220.381,1226.462,1233.76,1239.354,1240.814,1243.733,1248.598,1254.436,1255.895,1268.057,1274.868,1283.625,1286.544,1296.76,1296.76,1192.803,1192.993,1193.464,1194.095,1195.068,1195.661,1196.634,1197.759,1197.759,1198.854,1200.739,1201.651,1202.381,1206.577,1208.219,1208.219,1211.381,1215.638,1216.489,1221.841,1225.246,1228.895,1227.435,1228.408,1227.922,1231.084,1226.949,1226.949,1000,1000,1000,1000,1000,1284.598,1292.382,1297.247,1295.301,1300.166,1303.085,1305.517,1308.436,1208.219,1208.523,1208.812,1209.215,1209.663,1210.317,1210.53,1211.107,1212.354,1213.844,1215.395,1218.192,1220.077,1221.841,1224.03,1224.395,1226.219,1228.408,1231.206,1234.611,1238.868,1241.787,1243.976,1246.165,1250.787,1253.949,1256.868,1263.679,1269.517,1272.436,1279.247,1284.112,1288.49,1293.842,1301.139,1305.031,1314.761,1325.95,1223.825,1223.939,1224.167,1224.243,1224.433,1224.6,1225.155,1225.406,1226.675,1227.466,1228.895,1230.172,1231.875,1232.3,1235.098,1237.104,1239.598,1242.881,1246.773,1246.773,1248.476,1250.665,1254.436,1256.382,1261.247,1267.084,1268.057,1274.625,1281.436,1285.085,1286.544,1295.788,1297.247,1302.112,1310.382,1322.545,1331.302,1239.506,1240.882,1243.946,1245.922,1246.773,1000,1000,1000,1000,1000,1000,1000,1000,1000,1000,1000,1000,1000,1281.436,1278.426,1000,1000,1000,1000,1000,1000,1000,1000,1255.857,1357.086,1346.869,1329.356,1000,1000,1000,1283.139,1280.22,1283.625,1284.355,1288.004,1292.139,1297.004,1304.058,1308.923,1317.68,1322.058,1333.248,1336.167,1347.842,1353.194,1361.951,1254.96,1255.264,1255.424,1256.062,1256.45,1257.568,1258.601,1260.365,1261.307,1263.436,1265.199,1268.24,1270.125,1274.382,1276.328,1279.125,1282.774,1286.544,1288.49,1294.571,1298.22,1301.139,1301.869,1305.761,1310.382,1316.22,1321.572,1333.248,1338.599,1350.761,1356.599,1366.329,1376.545,1272.664,1272.854,1273.432,1274.427,1000,1000,1000,1000,1000,1000,1068.299,1068.375,1068.337,1068.413,1068.375,1068.261,1068.147,1068.109,1180.975,1178.056,1176.11,1173.191,1171.245,1169.786,1167.84,1167.84,1166.867,1165.894,1164.921,1164.921,1163.948,1163.948,1164.921,1165.894,1167.84,1168.813,1171.245,1172.218,1173.191,1174.164,1176.11,1177.083,1178.056,1180.002,1180.002,1174.164,1173.191,1171.245,1165.894,1161.029,1159.083,1157.137,1154.218,1152.272,1152.272,1144.975,1138.65,1135.245,1133.786,1134.272,1136.218,1142.056,1144.002,1149.353,1149.353,1149.353,1148.38,1144.975,1147.407,1151.299,1151.299,1158.11,1162.002,1164.921,1162.002,1154.218,1000,1000,1355.717,1352.692,1000,1230.111,1197.759,1194.111,1192.894,1193.381,1190.948,1190.948,1176.354,1161.516,1000,1000,1152.576,1151.725,1151.725,1150.874,1150.63,1150.874,1149.11,1146.1,1142.421,1252.976,1233.03,1229.138,1229.138,1227.192,1227.192,1000,1000,1000,1000,1000,1000,1000,1000,1000,1000,1466.547,1475.303,1391.14,1391.216,1391.839,1392.508,1394.029,1000,1000,1164.799,1162.732,1163.097,1162.732,1161.516,1165.651,1000,1000,1000,1000,1000,1000,1000,1000,1000,1512.763,1000,1000,1418.034,1000,1000,1000,1000,1000,1000,1000,1000,1000,1000,1000,1000,1000,1000,1000,1000,1000,1000,1000,1000,1000,1000,1000,1000,1000,1000,1000,1000,1000,1000,1000,1000,1000,1000,1000,1000,1000,1000,1000,1000,1000,1000,1000,1000,1000,1000,1000,1000,1000,1000,1000,1000,1000,1000,1498.351,1497.013,1498.108,1495.25,1494.094,1493.06,1491.935,1489.26,1487.861,1487.04,1578.926,1556.061,1541.953,1525.899,1511.304,1501.817,1501.817,1490.871,1483.939,1477.249,1477.979,1473.479,1478.709,1482.601,1492.331,1492.817,1505.466,1000,1000,1000,1000,1000,1615.413,1609.575,1604.893,1000,1000,1000,1000,1000,1000,1000,1000,1000,1000,1000,1000,1000,1000,1000,1000,1000,1000,1000,1000,1000,1000,1000,1000,1000,1000,1000,1000,1000,1000,1000,1000,1000,1000,1000,1000,1000,1000,1000,1593.673,1592.274,1687.901,1667.954,1651.414,1634.873,1623.197,1610.548,1594.981,1582.697,1577.041,1571.933,1569.44,1566.536,1565.327,1564.408,1646.549,1619.792,1618.332,1608.116,1589.872,1576.251,1570.656,1554.723,1550.406,1545.176,1540.767,1539.079,1538.023,1628.549,1604.71,1584.278,1568.224,1551.926,1542.439,1532.466,1525.047,1520.365,1516.838,1514.588,1513.676,1512.049,1510.544,1606.17,1577.467,1561.899,1540.493,1519.088,1517.628,1514.344,1504.858,1502.304,1499.202,1491.935,1489.503,1488.021,1486.645,1563.845,1560.926,1544.872,1529.791,1513.979,1503.033,1491.844,1483.939,1476.155,1473.479,1469.77,1464.874,1462.259,1460.313,1459.249,1548.764,1531.737,1522.98,1511.79,1502.547,1486.736,1480.168,1462.29,1453.533,1448.911,1446.175,1441.523,1439.303,1438.208,1437.182,1436.088,1530.277,1513.25,1494.763,1481.141,1470.682,1461.925,1454.627,1445.141,1440.033,1435.897,1431.033,1427.81,1000,1000,1000,1415.138,1512.763,1000,1000,1000,1000,1000,1000,1000,1000,1000,1000,1000,1000,1000,1000,1000,1000,1000,1000,1000,1000,1000,1000,1000,1000,1000,1000
1000,1000,1000,1000,1000,1000,1000,1000,1186.631,1188.759,1191.496,1194.597,1196.665,1199.219,1201.651,1205.422,1208.705,1207.732,1208.705,1211.138,1213.814,1217.462,1222.327,1229.868,1235.219,1237.895,1241.787,1247.138,1253.463,1255.895,1267.084,1272.922,1281.679,1283.625,1293.842,1293.842,1192.727,1192.917,1193.244,1193.715,1194.643,1195.418,1195.92,1197.394,1197.242,1198.094,1199.462,1200.922,1202.138,1206.273,1207.854,1208.462,1210.651,1213.205,1214.422,1220.503,1222.814,1226.949,1225.733,1226.949,1226.219,1228.895,1227.922,1229.625,1234.003,1000,1000,1000,1000,1286.544,1289.463,1296.274,1294.328,1296.274,1301.139,1305.517,1308.436,1208.219,1208.523,1208.865,1209.215,1209.587,1210.21,1210.317,1210.864,1211.898,1213.327,1214.604,1217.462,1219.834,1220.928,1223.787,1224.395,1226.219,1226.584,1229.625,1232.057,1236.435,1238.868,1242.517,1246.165,1250.301,1253.219,1255.652,1261.003,1267.084,1270.003,1278.76,1285.085,1286.544,1291.896,1296.274,1301.139,1308.923,1318.653,1325.95,1332.761,1223.977,1224.091,1224.288,1224.6,1224.927,1225.406,1226.554,1227.466,1228.53,1229.989,1231.388,1232.057,1235.098,1236.8,1238.99,1241.787,1245.557,1245.557,1247.625,1250.179,1254.436,1255.409,1259.057,1264.652,1267.084,1270.733,1278.517,1283.625,1286.544,1294.815,1300.652,1306.49,1312.815,1323.518,1334.22,1239.734,1241.057,1244.979,1248.598,1249.328,1245.162,1000,1000,1000,1000,1000,1000,1000,1000,1000,1000,1000,1000,1279.004,1276.571,1000,1360.491,1316.707,1000,1000,1000,1000,1000,1000,1349.788,1341.031,1320.599,1000,1000,1000,1275.598,1275.598,1280.706,1282.652,1285.085,1292.625,1297.004,1303.571,1312.328,1319.626,1322.058,1333.248,1337.139,1348.815,1353.194,1359.032,1254.96,1255.264,1255.424,1255.918,1256.625,1257.568,1258.328,1260.182,1261.49,1263.436,1264.409,1267.389,1269.517,1274.017,1276.693,1279.612,1284.112,1285.085,1289.706,1292.869,1298.707,1301.139,1303.085,1308.193,1309.653,1318.166,1323.031,1331.788,1337.139,1343.95,1353.68,1366.329,1377.518,1272.664,1272.938,1273.371,1273.88,1274.139,1000,1000,1000,1000,1000,1068.261,1068.413,1068.375,1068.375,1068.375,1068.299,1068.147,1068.109,1180.002,1175.137,1174.164,1171.245,1168.813,1168.813,1167.84,1166.867,1165.894,1164.921,1162.975,1162.975,1162.002,1162.002,1162.975,1163.948,1165.894,1166.867,1168.813,1171.245,1172.218,1174.164,1176.11,1178.056,1178.056,1180.975,1180.002,1176.11,1175.137,1174.164,1169.786,1162.975,1161.029,1155.191,1152.272,1150.326,1149.353,1142.056,1137.677,1136.218,1132.813,1134.272,1135.245,1140.596,1141.083,1148.38,1149.353,1150.326,1151.299,1151.299,1150.326,1152.272,1156.164,1157.137,1160.056,1160.056,1155.191,1000,1000,1000,1354.258,1351.977,1000,1221.354,1196.3,1192.894,1193.381,1193.381,1191.435,1191.435,1175.867,1000,1000,1000,1152.576,1153.124,1151.725,1151.178,1149.84,1149.84,1147.529,1145.036,1141.318,1242.273,1230.111,1227.192,1226.219,1228.165,1236.922,1000,1000,1000,1218.435,1223.787,1216.976,1000,1000,1000,1000,1463.628,1000,1488.439,1492.331,1391.786,1392.014,1393.132,1000,1000,1167.962,1164.799,1164.799,1163.462,1162.245,1164.799,1000,1000,1000,1000,1000,1000,1000,1483.087,1498.655,1507.898,1414.91,1000,1000,1000,1000,1000,1000,1000,1000,1000,1000,1000,1000,1000,1000,1000,1000,1000,1000,1000,1000,1000,1000,1000,1000,1000,1000,1000,1000,1000,1000,1000,1000,1000,1000,1000,1000,1000,1000,1000,1000,1000,1000,1000,1000,1000,1000,1000,1000,1000,1000,1000,1000,1000,1000,1000,1000,1495.979,1495.736,1498.108,1495.25,1495.493,1493.668,1492.118,1489.503,1487.937,1486.873,1576.98,1552.169,1538.547,1524.926,1508.628,1500.601,1497.682,1487.466,1479.439,1476.885,1476.52,1474.452,1477.249,1480.168,1487.466,1487.101,1500.115,1504.25,1000,1000,1000,1000,1000,1000,1603.737,1000,1000,1000,1000,1000,1000,1000,1000,1000,1000,1000,1000,1000,1000,1000,1000,1000,1000,1000,1000,1000,1000,1000,1000,1000,1000,1000,1000,1000,1000,1000,1000,1000,1000,1000,1000,1000,1000,1000,1592.449,1591.575,1677.198,1659.198,1642.17,1626.116,1619.062,1605.683,1590.724,1582.332,1580.143,1573.088,1569.592,1566.749,1000,1661.63,1650.927,1630.981,1624.17,1610.062,1590.359,1573.332,1566.277,1552.291,1547.608,1543.291,1539.612,1538.616,1537.787,1628.549,1604.71,1586.71,1000,1000,1000,1000,1000,1522.311,1516.838,1515.287,1514.132,1512.611,1510.658,1509.996,1585.251,1566.764,1545.358,1528.574,1518.601,1515.196,1504.858,1502.304,1498.351,1492.483,1488.804,1487.701,1486.683,1564.818,1562.872,1542.926,1525.899,1508.628,1498.898,1486.128,1480.655,1474.087,1470.864,1466.851,1463.992,1461.241,1459.705,1547.304,1538.547,1518.601,1514.223,1501.574,1495.736,1480.898,1477.249,1460.1,1455.722,1450.492,1448.364,1441.887,1439.44,1437.6,1436.399,1532.223,1517.142,1507.412,1497.196,1484.06,1474.33,1465.817,1458.763,1446.6,1441.857,1435.411,1429.33,1426.107,1423.249,1000,1000,1415.427,1000,1000,1000,1000,1000,1000,1000,1000,1000,1000,1000,1000,1000,1000,1000,1000,1000,1000,1000,1000,1000,1000,1000,1000,1000,1000,1000
1000,1000,1000,1000,1000,1000,1000,1000,1000,1190.34,1192.347,1193.259,1194.232,1195.205,1197.759,1201.165,1205.908,1205.422,1205.057,1209.192,1211.138,1216.003,1219.895,1228.408,1231.814,1235.949,1237.408,1244.706,1250.057,1256.868,1268.057,1275.841,1280.706,1282.652,1291.896,1288.49,1297.734,1192.727,1193.107,1193.404,1194.179,1194.856,1195.175,1196.057,1196.33,1197.242,1198.276,1200.496,1202.138,1204.813,1206.577,1207.854,1209.557,1211.746,1214.057,1219.53,1220.503,1222.327,1223.787,1224.273,1225.733,1230.111,1232.3,1234.733,1241.3,1240.084,1000,1000,1000,1292.382,1291.409,1298.22,1295.301,1296.274,1298.22,1304.058,1307.463,1316.22,1208.409,1208.766,1209.032,1209.359,1209.838,1210.119,1210.864,1211.898,1213.145,1214.422,1216.733,1217.949,1218.983,1221.841,1222.814,1225.125,1226.219,1228.773,1230.354,1234.611,1236.922,1241.787,1246.165,1250.787,1253.949,1256.382,1260.274,1263.679,1268.057,1275.355,1281.679,1286.544,1292.869,1297.247,1301.139,1309.896,1318.653,1325.95,1223.863,1223.977,1224.129,1224.288,1224.539,1224.782,1225.406,1226.554,1227.466,1228.53,1229.989,1230.598,1231.631,1234.854,1235.949,1238.625,1242.517,1246.409,1246.409,1249.328,1251.638,1253.949,1255.409,1259.544,1265.139,1267.571,1271.22,1279.247,1284.112,1286.544,1293.355,1301.625,1304.058,1310.382,1318.653,1331.302,1239.544,1241.452,1245.162,1251.517,1253.584,1248.354,1000,1000,1000,1000,1000,1000,1000,1000,1000,1000,1000,1000,1280.95,1276.875,1000,1000,1308.923,1000,1283.139,1269.152,1262.767,1000,1000,1000,1000,1306.49,1000,1000,1000,1275.598,1276.328,1281.436,1282.652,1285.571,1289.463,1295.544,1302.112,1307.95,1318.653,1323.031,1334.22,1336.167,1344.923,1347.842,1355.14,1357.086,1255.036,1255.188,1255.675,1256.541,1257.932,1258.601,1260.912,1261.307,1263.193,1263.922,1266.537,1269.152,1272.193,1275.476,1278.76,1282.287,1286.544,1288.49,1294.085,1297.49,1300.652,1301.869,1305.031,1310.382,1318.166,1325.95,1332.761,1337.139,1343.95,1353.68,1362.437,1373.626,1272.55,1272.816,1273.135,1273.645,1273.964,1000,1000,1000,1000,1000,1182.921,1068.261,1068.261,1068.299,1068.299,1068.147,1181.948,1180.002,1177.083,1175.137,1173.191,1171.245,1168.813,1166.867,1165.894,1165.894,1163.948,1162.975,1161.029,1160.056,1159.083,1159.083,1160.056,1161.029,1162.002,1163.948,1165.894,1168.813,1171.245,1173.191,1175.137,1176.11,1176.11,1177.083,1180.975,1175.137,1175.137,1174.164,1171.245,1163.948,1163.948,1159.083,1153.245,1150.326,1146.434,1141.083,1137.677,1136.704,1133.786,1136.218,1136.704,1140.596,1144.002,1149.353,1150.326,1150.326,1150.326,1150.326,1152.272,1151.299,1156.164,1156.164,1156.164,1152.272,1000,1000,1000,1000,1353.285,1351.483,1000,1216.976,1194.84,1192.894,1192.894,1192.894,1192.165,1190.219,1000,1000,1000,1000,1000,1152.82,1151.421,1150.387,1149.11,1148.38,1145.735,1143.242,1140.49,1234.003,1226.219,1226.219,1224.273,1230.111,1251.03,1000,1000,1000,1237.895,1241.787,1227.192,1000,1000,1000,1000,1464.601,1475.303,1488.439,1492.331,1391.687,1391.839,1393.451,1000,1000,1166.989,1163.948,1162.245,1161.88,1160.664,1163.097,1000,1000,1000,1000,1000,1000,1000,1488.925,1500.601,1506.925,1510.817,1000,1000,1000,1000,1000,1000,1000,1000,1000,1000,1000,1000,1000,1000,1000,1000,1000,1000,1000,1000,1000,1000,1000,1000,1000,1000,1000,1000,1000,1000,1000,1000,1000,1000,1000,1000,1000,1000,1000,1000,1000,1000,1000,1000,1000,1000,1000,1000,1000,1000,1000,1000,1000,1000,1000,1000,1494.581,1496.466,1499.81,1497.56,1497.256,1494.337,1491.935,1489.381,1487.633,1486.759,1574.061,1552.169,1537.574,1523.953,1507.412,1498.412,1495.006,1484.79,1477.614,1476.885,1476.52,1476.155,1479.803,1483.939,1488.925,1489.898,1497.196,1503.033,1000,1000,1000,1000,1000,1000,1603.19,1000,1000,1000,1000,1000,1000,1000,1000,1000,1000,1000,1000,1000,1000,1000,1000,1000,1000,1000,1000,1000,1000,1000,1000,1000,1000,1000,1000,1000,1000,1000,1000,1000,1000,1000,1000,1000,1000,1000,1592.274,1591.575,1675.738,1659.198,1642.17,1628.549,1617.603,1608.602,1593.035,1586.102,1581.967,1574.305,1569.075,1566.536,1564.712,1652.873,1644.603,1627.089,1612.981,1601.305,1000,1571.872,1563.48,1552.656,1548.399,1542.896,1539.399,1538.373,1537.544,1623.684,1606.656,1587.683,1570.169,1000,1549.007,1534.899,1000,1521.155,1516.655,1514.588,1513.387,1511.745,1510.224,1601.305,1580.386,1559.953,1543.412,1526.628,1516.655,1509.844,1500.419,1497.013,1496.77,1491.236,1488.804,1487.777,1486.721,1559.953,1553.142,1528.818,1516.169,1503.52,1497.196,1487.466,1483.452,1475.79,1471.107,1466.242,1464.175,1461.241,1459.667,1545.358,1533.682,1511.79,1507.898,1496.223,1492.817,1479.682,1475.547,1458.519,1455.357,1451.1,1448.364,1442.1,1440.185,1437.425,1436.278,1534.169,1513.25,1504.493,1494.763,1483.087,1474.33,1469.222,1458.763,1448.06,1440.884,1435.046,1426.654,1425.255,1000,1000,1000,1000,1500.601,1486.006,1000,1000,1000,1000,1000,1000,1000,1000,1000,1000,1000,1000,1000,1000,1000,1000,1000,1000,1000,1000,1000,1000,1000,1000,1000
1000,1000,1000,1000,1000,1000,1000,1000,1000,1192.043,1194.84,1195.935,1193.259,1194.597,1197.759,1199.948,1202.381,1205.908,1204.57,1000,1211.138,1216.003,1217.462,1226.462,1228.408,1233.76,1236.679,1243.733,1247.625,1254.922,1266.111,1274.868,1279.733,1284.598,1291.896,1290.436,1300.652,1192.803,1193.153,1193.464,1194.019,1194.552,1194.856,1195.783,1195.92,1196.938,1197.577,1199.644,1200.496,1203.719,1205.117,1207.489,1208.827,1211.016,1212.841,1216.854,1216.854,1219.043,1220.016,1221.354,1223.787,1227.922,1231.814,1235.949,1241.3,1000,1000,1000,1294.328,1282.652,1281.679,1289.463,1287.517,1290.436,1294.328,1300.166,1303.085,1311.355,1208.333,1208.766,1209.093,1209.504,1210.013,1210.317,1210.986,1212.05,1212.962,1214.786,1216.733,1217.462,1218.983,1221.537,1223.057,1225.854,1227.314,1229.989,1232.422,1235.098,1236.435,1241.3,1245.679,1250.301,1252.49,1256.382,1260.274,1263.679,1268.057,1276.328,1281.193,1284.112,1289.463,1294.815,1297.247,1304.058,1312.815,1319.626,1327.896,1223.863,1224.053,1224.288,1224.486,1224.782,1225.489,1226.432,1227.329,1228.378,1229.777,1230.598,1231.875,1234.064,1235.949,1238.99,1242.517,1245.557,1246.773,1249.328,1251.152,1254.922,1255.895,1259.544,1265.139,1268.057,1271.22,1278.517,1283.625,1286.544,1294.815,1303.085,1309.409,1315.734,1325.464,1336.653,1239.734,1241.148,1245.74,1252.368,1255.53,1251.213,1251.213,1000,1000,1000,1000,1000,1000,1000,1000,1000,1000,1000,1000,1277.544,1273.188,1358.545,1000,1000,1000,1000,1000,1256.45,1361.951,1332.275,1317.68,1302.112,1000,1000,1000,1276.814,1277.301,1280.706,1283.625,1287.517,1290.679,1297.734,1306.004,1310.382,1319.626,1325.95,1330.328,1336.167,1342.004,1346.869,1350.761,1358.059,1254.998,1255.188,1255.675,1256.207,1257.339,1257.811,1259.848,1260.912,1262.524,1263.679,1265.99,1268.544,1271.463,1275.841,1277.058,1280.95,1283.139,1288.004,1291.896,1295.788,1300.652,1301.139,1307.707,1312.572,1320.599,1326.923,1333.248,1336.167,1342.004,1351.734,1361.464,1373.626,1272.55,1272.702,1272.983,1273.371,1273.645,1000,1000,1000,1000,1000,1068.185,1068.223,1068.261,1068.375,1068.375,1068.185,1068.109,1180.002,1177.083,1174.164,1172.218,1169.786,1166.867,1165.894,1163.948,1162.975,1161.029,1160.056,1156.164,1155.191,1153.245,1153.245,1154.218,1155.191,1156.164,1157.137,1160.056,1162.975,1165.894,1169.786,1173.191,1175.137,1176.11,1178.056,1180.975,1178.056,1178.056,1175.137,1172.218,1164.921,1164.921,1159.083,1153.245,1148.38,1143.029,1141.083,1139.623,1138.65,1136.218,1136.704,1136.704,1139.623,1141.083,1146.434,1148.38,1152.272,1151.299,1155.191,1155.191,1158.11,1161.029,1161.029,1167.84,1159.083,1000,1000,1000,1354.41,1352.92,1350.822,1420.816,1220.381,1198.975,1192.165,1192.165,1192.165,1192.165,1191.435,1000,1000,1000,1000,1000,1152.82,1149.84,1148.624,1147.286,1145.917,1143.242,1141.554,1247.138,1224.273,1223.3,1225.246,1221.354,1230.111,1000,1000,1000,1151.824,1246.652,1236.922,1227.192,1000,1000,1000,1000,1000,1464.601,1000,1000,1000,1391.642,1000,1000,1000,1166.502,1163.462,1163.097,1161.029,1160.664,1164.799,1000,1000,1000,1000,1000,1448.06,1477.736,1484.06,1501.574,1507.898,1000,1000,1000,1000,1000,1000,1000,1000,1000,1000,1000,1000,1000,1000,1000,1000,1000,1000,1000,1000,1000,1000,1000,1000,1000,1000,1000,1000,1000,1000,1000,1000,1000,1000,1000,1000,1000,1000,1000,1000,1000,1000,1000,1000,1000,1000,1000,1000,1000,1000,1000,1000,1000,1000,1000,1000,1000,1497.013,1499.506,1503.398,1500.723,1498.351,1494.337,1492.118,1488.697,1487.367,1486.607,1572.115,1547.304,1540.493,1523.953,1511.304,1500.601,1496.709,1484.303,1479.439,1477.614,1476.885,1476.52,1481.02,1482.601,1487.101,1492.331,1500.115,1507.412,1000,1000,1000,1000,1000,1000,1602.339,1599.663,1000,1000,1000,1000,1000,1000,1000,1000,1000,1000,1000,1000,1000,1000,1000,1000,1000,1000,1000,1000,1000,1000,1000,1000,1000,1000,1000,1000,1000,1000,1000,1000,1000,1000,1000,1000,1000,1000,1591.841,1680.117,1000,1647.035,1631.468,1618.332,1610.062,1601.792,1591.697,1585.251,1583.062,1576.494,1569.957,1566.749,1565.031,1653.846,1645.576,1625.143,1607.629,1586.467,1574.548,1560.075,1556.183,1549.25,1546.331,1541.831,1539.505,1538.297,1537.544,1620.278,1605.683,1585.737,1566.764,1554.115,1548.277,1535.872,1528.574,1522.858,1516.838,1514.953,1513.113,1511.464,1509.92,1599.359,1575.521,1556.061,1535.872,1523.953,1512.034,1506.317,1498.959,1496.223,1493.912,1490.035,1488.021,1487.306,1486.493,1561.899,1550.223,1527.845,1513.979,1501.817,1493.547,1487.466,1482.236,1475.425,1469.77,1465.452,1462.655,1460.617,1459.515,1548.764,1535.628,1514.223,1506.925,1492.817,1000,1479.195,1473.844,1460.587,1458.884,1450.735,1448.364,1443.317,1439.729,1436.962,1436.125,1531.25,1515.196,1505.466,1499.141,1487.466,1477.736,1471.411,1463.141,1446.6,1438.695,1432.127,1424.465,1421.911,1000,1000,1000,1000,1000,1000,1000,1000,1000,1000,1000,1000,1000,1000,1000,1000,1000,1000,1000,1000,1000,1000,1000,1000,1000,1000,1000,1000,1000,1000,1000
1000,1000,1000,1000,1000,1000,1000,1000,1000,1000,1193.624,1195.205,1192.347,1194.232,1197.03,1197.759,1197.759,1201.165,1201.651,1000,1211.624,1218.678,1219.165,1226.462,1229.138,1234.49,1236.679,1241.787,1244.706,1251.03,1261.247,1270.003,1276.814,1283.625,1290.436,1292.869,1301.625,1192.765,1193.107,1193.297,1193.715,1194.095,1194.445,1195.175,1195.661,1196.193,1196.938,1199.219,1200.496,1202.928,1204.813,1207.489,1208.462,1210.286,1212.476,1216.003,1215.638,1216.854,1218.678,1221.354,1223.787,1227.922,1232.3,1236.435,1240.814,1000,1000,1000,1000,1284.598,1283.625,1288.49,1286.544,1288.49,1292.382,1297.247,1300.166,1308.436,1317.193,1208.637,1208.971,1209.427,1210.013,1210.53,1211.107,1212.05,1212.962,1214.422,1216.064,1216.976,1218.496,1220.381,1222.449,1224.76,1226.219,1229.138,1231.571,1233.76,1236.071,1240.814,1245.192,1249.084,1253.949,1255.165,1260.274,1263.679,1268.544,1275.355,1280.22,1283.625,1287.517,1291.896,1295.301,1303.085,1311.842,1319.626,1327.896,1331.788,1223.939,1224.129,1224.243,1224.433,1225.231,1225.991,1227.192,1228.53,1230.172,1230.598,1232.3,1234.064,1235.949,1238.625,1242.152,1244.706,1246.409,1248.841,1249.814,1253.463,1254.922,1258.571,1263.922,1268.787,1270.733,1276.571,1280.706,1285.085,1290.436,1300.652,1306.49,1310.869,1319.626,1334.22,1239.734,1242,1000,1254.922,1000,1250.665,1248.598,1000,1000,1000,1000,1000,1000,1000,1000,1000,1000,1000,1000,1000,1000,1000,1000,1000,1000,1000,1000,1000,1000,1325.95,1000,1294.085,1000,1000,1000,1280.22,1279.004,1281.436,1283.625,1287.517,1290.679,1296.274,1302.112,1309.896,1319.626,1324.977,1332.275,1335.193,1341.031,1339.085,1348.815,1354.167,1254.998,1255.15,1255.796,1256.366,1257.568,1257.811,1259.361,1260.182,1261.125,1262.524,1265.443,1266.78,1270.733,1273.287,1276.693,1279.612,1282.774,1284.598,1288.49,1293.355,1295.788,1299.193,1306.247,1310.382,1318.166,1323.031,1330.328,1335.193,1338.599,1347.842,1356.599,1368.761,1378.491,1272.626,1272.854,1273.31,1273.5,1000,1000,1000,1000,1000,1068.147,1068.109,1068.185,1068.261,1068.185,1181.948,1182.921,1178.056,1176.11,1173.191,1172.218,1168.813,1165.894,1163.948,1162.002,1159.083,1156.164,1154.218,1150.326,1147.407,1145.461,1144.975,1144.975,1145.461,1146.434,1147.407,1151.299,1155.191,1159.083,1162.975,1167.84,1169.786,1173.191,1175.137,1180.002,1178.056,1180.002,1174.164,1171.245,1162.975,1159.083,1155.191,1151.299,1145.461,1141.083,1139.623,1138.65,1138.65,1136.218,1136.704,1138.65,1143.029,1145.461,1150.326,1150.326,1150.326,1151.299,1151.299,1157.137,1159.083,1162.975,1163.948,1000,1000,1000,1000,1000,1000,1352.266,1350.655,1000,1217.949,1197.759,1192.165,1190.948,1192.894,1193.381,1193.381,1000,1000,1000,1000,1000,1000,1000,1000,1000,1000,1000,1000,1228.165,1218.435,1220.381,1220.381,1222.327,1229.138,1000,1000,1000,1152.166,1258.814,1245.679,1237.895,1000,1000,1000,1000,1000,1456.817,1000,1491.358,1391.642,1391.839,1393.785,1000,1000,1168.326,1164.799,1162.732,1160.664,1161.029,1165.164,1000,1000,1000,1000,1000,1456.817,1486.006,1488.925,1504.979,1504.979,1509.844,1000,1000,1000,1000,1000,1000,1000,1000,1000,1000,1000,1000,1000,1000,1000,1000,1000,1000,1000,1000,1000,1000,1000,1000,1000,1000,1000,1000,1000,1000,1000,1000,1000,1000,1000,1000,1000,1000,1000,1000,1000,1000,1000,1000,1000,1000,1000,1000,1000,1000,1000,1000,1000,1000,1000,1000,1497.013,1500.723,1505.223,1501.331,1497.804,1493.668,1491.418,1488.195,1487.139,1486.531,1566.764,1547.304,1540.493,1522.493,1507.898,1500.115,1492.817,1480.655,1475.79,1475.06,1472.567,1473.479,1476.885,1479.074,1482.601,1489.412,1494.52,1498.898,1503.033,1000,1000,1000,1000,1000,1000,1600.818,1000,1000,1000,1000,1000,1000,1000,1000,1000,1000,1000,1000,1000,1000,1000,1000,1000,1000,1000,1000,1000,1000,1000,1000,1000,1000,1000,1000,1000,1000,1000,1000,1000,1000,1000,1000,1000,1000,1000,1000,1000,1645.576,1631.468,1613.711,1606.9,1593.521,1586.467,1580.872,1579.17,1572.602,1568.923,1566.125,1565.206,1655.792,1648.495,1623.684,1605.683,1576.737,1564.94,1555.088,1551.318,1546.575,1544.507,1542.196,1539.399,1538.532,1537.354,1611.521,1592.062,1577.953,1558.007,1553.142,1548.277,1539.034,1531.615,1525.655,1517.689,1515.105,1512.733,1511.213,1509.844,1594.981,1573.575,1555.088,1533.926,1523.953,1513.858,1504.858,1497.804,1495.006,1491.418,1488.393,1487.428,1486.797,1574.061,1556.061,1546.331,1523.953,1512.034,1500.601,1492.331,1485.276,1479.439,1473.844,1469.526,1466.06,1462.791,1460.617,1459.439,1545.358,1529.791,1511.79,1504.006,1486.736,1480.168,1472.871,1467.52,1456.817,1457.303,1450.492,1448.364,1443.499,1440.641,1000,1000,1528.331,1510.331,1496.709,1495.736,1483.087,1470.682,1462.655,1455.844,1442.708,1436.627,1429.087,1424.222,1421.911,1000,1000,1000,1000,1000,1478.222,1000,1448.79,1000,1000,1000,1000,1000,1000,1000,1000,1000,1000,1000,1000,1000,1000,1000,1000,1000,1000,1000,1000,1000,1000,1000
1000,1000,1000,1000,1000,1000,1000,1000,1000,1000,1192.043,1192.347,1190.888,1191.739,1196.3,1197.394,1198.854,1203.719,1206.881,1207.732,1210.651,1218.192,1218.678,1224.76,1229.868,1235.219,1237.895,1242.273,1247.625,1253.463,1261.247,1265.625,1271.949,1273.895,1278.76,1283.625,1294.815,1302.599,1192.993,1193.244,1193.525,1193.86,1194.445,1194.962,1195.661,1196.33,1197.242,1199.036,1199.644,1201.651,1203.415,1205.969,1207.246,1209.922,1211.381,1214.057,1215.273,1216.003,1218.678,1221.841,1225.733,1228.408,1232.787,1234.733,1239.598,1241.3,1000,1000,1000,1279.733,1279.733,1281.679,1282.652,1287.517,1291.409,1296.274,1301.139,1307.463,1312.328,1208.447,1208.812,1209.215,1209.747,1210.317,1210.864,1211.624,1212.506,1213.844,1215.638,1216.976,1218.192,1219.834,1222.449,1224.03,1225.854,1229.138,1232.057,1233.76,1235.098,1238.868,1242.517,1246.165,1250.787,1256.382,1261.49,1264.409,1270.003,1273.895,1278.76,1281.679,1285.085,1291.896,1295.301,1304.058,1310.869,1318.653,1324.977,1330.815,1223.901,1224.129,1224.288,1224.6,1225.231,1225.885,1226.797,1227.618,1228.895,1229.989,1231.206,1233.273,1235.098,1237.713,1240.327,1243.611,1245.922,1247.99,1249.814,1253.463,1254.436,1259.057,1265.139,1268.057,1270.003,1275.841,1280.706,1284.112,1290.436,1300.652,1306.004,1309.409,1318.653,1334.22,1239.697,1242.121,1000,1256.625,1000,1000,1000,1000,1000,1000,1000,1000,1000,1000,1000,1000,1000,1000,1000,1276.723,1273.188,1368.761,1333.248,1308.923,1000,1000,1000,1000,1000,1325.95,1000,1290.193,1000,1000,1000,1280.22,1279.49,1281.436,1284.355,1286.301,1290.679,1295.544,1301.139,1310.382,1317.68,1324.977,1329.356,1330.328,1337.139,1340.058,1344.923,1354.167,1254.922,1255.264,1255.675,1256.366,1257.127,1257.568,1258.753,1259.848,1261.125,1262.341,1263.922,1267.632,1270.49,1272.922,1275.112,1277.909,1279.977,1283.139,1287.517,1291.166,1296.274,1300.652,1305.761,1312.572,1320.599,1325.464,1330.815,1336.167,1342.004,1345.896,1354.653,1364.383,1373.626,1272.588,1272.854,1273.249,1273.721,1000,1000,1000,1000,1000,1068.261,1068.261,1068.299,1068.337,1068.261,1068.147,1068.109,1180.002,1176.11,1171.245,1168.813,1165.894,1162.975,1160.056,1157.137,1154.218,1149.353,1144.002,1139.623,1136.218,1133.786,1131.353,1132.813,1131.839,1134.272,1136.218,1136.704,1141.083,1147.407,1154.218,1162.002,1165.894,1168.813,1171.245,1175.137,1176.11,1176.11,1171.245,1167.84,1161.029,1159.083,1155.191,1150.326,1148.38,1144.002,1142.056,1140.596,1139.623,1136.704,1136.704,1137.677,1140.596,1144.002,1148.38,1151.299,1151.299,1155.191,1158.11,1160.056,1160.056,1164.921,1159.083,1152.272,1000,1000,1000,1000,1000,1352.266,1350.693,1000,1000,1194.111,1190.219,1188.273,1189.489,1191.435,1194.84,1000,1000,1000,1000,1000,1000,1000,1000,1000,1000,1000,1000,1216.489,1218.435,1221.354,1219.408,1222.327,1232.057,1000,1000,1000,1152.128,1256.868,1245.679,1229.138,1000,1000,1000,1000,1000,1458.763,1476.276,1391.178,1391.687,1391.733,1000,1000,1000,1167.962,1163.462,1160.299,1158.11,1158.475,1162.245,1000,1000,1000,1000,1000,1452.925,1478.222,1000,1489.898,1000,1000,1000,1000,1000,1000,1000,1000,1000,1000,1000,1000,1000,1000,1000,1000,1000,1000,1000,1000,1000,1000,1000,1000,1000,1000,1000,1000,1000,1000,1000,1000,1000,1000,1000,1000,1000,1000,1000,1000,1000,1000,1000,1000,1000,1000,1000,1000,1000,1000,1000,1000,1000,1000,1000,1000,1000,1000,1494.094,1499.81,1501.696,1499.506,1496.223,1492.695,1490.476,1488.021,1486.994,1578.926,1560.926,1547.304,1536.115,1522.493,1504.25,1495.493,1000,1476.52,1471.411,1473.844,1471.107,1473.175,1000,1000,1484.79,1493.547,1496.709,1498.412,1498.898,1000,1000,1000,1000,1000,1000,1604.042,1000,1000,1000,1000,1000,1000,1000,1000,1000,1000,1000,1000,1000,1000,1000,1000,1000,1000,1000,1000,1000,1000,1000,1000,1000,1000,1000,1000,1000,1000,1000,1000,1000,1000,1000,1000,1000,1000,1680.117,1670.873,1664.063,1641.197,1627.576,1616.386,1606.413,1593.521,1587.318,1582.697,1577.953,1573.575,1568.011,1565.859,1565.031,1654.819,1640.711,1619.305,1596.927,1571.872,1563.967,1555.453,1551.683,1547.852,1545.845,1542.896,1540.098,1538.373,1537.126,1602.764,1586.71,1568.71,1555.575,1551.196,1545.115,1534.534,1531.98,1525.047,1518.115,1514.953,1512.262,1510.437,1601.305,1582.332,1564.818,1546.331,1527.845,1521.763,1512.52,1502.304,1496.77,1493.304,1490.324,1487.861,1487.086,1486.531,1564.818,1546.331,1539.52,1521.034,1509.358,1498.898,1493.547,1485.276,1478.709,1473.175,1469.222,1465.817,1462.655,1460.693,1459.629,1550.71,1000,1517.142,1000,1493.547,1482.114,1475.06,1466.547,1458.033,1457.303,1451.465,1448.06,1444.168,1440.641,1436.711,1000,1520.061,1505.466,1499.141,1493.79,1483.087,1467.276,1458.763,1448.06,1439.181,1433.587,1427.81,1423.492,1421.059,1000,1000,1000,1000,1483.087,1000,1451.465,1448.06,1000,1000,1000,1000,1000,1000,1000,1000,1000,1000,1000,1000,1000,1000,1000,1000,1000,1000,1000,1000,1000,1000,1000
1000,1000,1000,1000,1000,1000,1000,1000,1000,1000,1000,1192.651,1189.002,1190.644,1193.867,1194.84,1196.3,1205.057,1208.705,1210.651,1213.814,1221.597,1221.111,1225.246,1229.868,1235.219,1235.219,1239.354,1243.733,1249.571,1254.922,1261.247,1265.625,1271.949,1275.841,1282.652,1291.896,1300.652,1192.803,1193.153,1193.404,1193.791,1194.445,1195.068,1195.54,1196.193,1196.938,1198.459,1198.276,1200.496,1202.381,1204.509,1206.273,1209.922,1211.016,1213.205,1214.786,1216.003,1218.192,1221.354,1225.246,1229.625,1233.516,1236.435,1243.49,1000,1000,1000,1000,1278.274,1277.301,1278.274,1280.706,1288.49,1291.409,1296.274,1302.112,1306.49,1310.382,1208.333,1208.637,1208.918,1209.427,1210.119,1210.864,1211.488,1212.506,1213.844,1215.212,1216.064,1217.705,1219.287,1221.537,1222.814,1225.489,1227.314,1229.138,1230.841,1233.76,1237.408,1241.787,1246.652,1250.787,1256.382,1259.544,1262.949,1268.544,1272.436,1276.814,1281.193,1284.112,1291.896,1298.22,1306.004,1314.761,1323.031,1326.923,1330.815,1223.939,1224.167,1224.243,1224.433,1224.782,1225.231,1226.098,1227.055,1228.378,1229.594,1231.388,1233.03,1234.854,1238.017,1240.692,1243.246,1245.192,1247.138,1248.841,1251.152,1253.463,1256.868,1262.949,1266.355,1271.22,1276.571,1282.166,1284.112,1288.49,1295.788,1302.112,1306.004,1316.707,1332.275,1239.544,1241.878,1249.875,1258.449,1257.355,1251.517,1249.328,1250.118,1000,1000,1000,1000,1000,1000,1000,1000,1000,1000,1000,1000,1000,1000,1000,1000,1000,1000,1258.753,1255.857,1357.086,1327.41,1000,1000,1000,1000,1000,1283.139,1281.436,1282.652,1285.571,1286.787,1290.193,1294.085,1300.652,1306.004,1314.761,1323.031,1327.41,1332.275,1335.193,1336.167,1344.923,1355.14,1254.998,1255.226,1255.857,1256.366,1257.127,1257.446,1258.054,1259.361,1260.182,1262.524,1264.409,1267.936,1270.125,1272.922,1275.841,1277.058,1279.125,1281.801,1284.598,1289.706,1294.571,1301.869,1308.193,1310.382,1318.166,1323.031,1329.356,1332.761,1339.572,1342.977,1349.788,1357.572,1368.761,1379.464,1272.816,1273.432,1273.964,1000,1000,1000,1000,1068.109,1068.223,1068.223,1068.261,1068.299,1068.223,1182.921,1182.921,1177.083,1175.137,1169.786,1167.84,1163.948,1161.029,1156.164,1151.299,1144.975,1139.623,1132.813,1128.921,1125.029,1122.596,1119.677,1121.137,1121.137,1121.623,1123.083,1125.029,1130.38,1134.272,1140.596,1147.407,1154.218,1160.056,1162.975,1167.84,1171.245,1171.245,1165.894,1165.894,1158.11,1159.083,1157.137,1153.245,1148.38,1146.434,1142.056,1140.596,1137.677,1137.677,1136.704,1141.083,1143.029,1148.38,1150.326,1151.299,1151.299,1153.245,1153.245,1158.11,1159.083,1165.894,1159.083,1000,1000,1000,1000,1000,1000,1352.175,1000,1000,1000,1195.57,1190.219,1187.543,1188.759,1189.489,1189.489,1000,1000,1000,1000,1000,1000,1000,1000,1000,1000,1000,1000,1214.057,1219.408,1221.354,1222.327,1221.354,1233.03,1000,1000,1000,1152.485,1151.862,1248.598,1228.165,1000,1000,1000,1000,1453.411,1456.33,1470.438,1485.52,1000,1000,1000,1000,1171.732,1167.962,1163.948,1159.934,1157.745,1159.205,1164.313,1000,1000,1000,1000,1000,1000,1000,1000,1000,1000,1000,1000,1000,1000,1000,1000,1000,1000,1000,1000,1000,1000,1000,1000,1000,1000,1000,1000,1000,1000,1000,1000,1000,1000,1000,1000,1000,1000,1000,1000,1000,1000,1000,1000,1000,1000,1000,1000,1000,1000,1000,1000,1000,1000,1000,1000,1000,1000,1000,1000,1000,1000,1000,1000,1000,1000,1000,1495.006,1501.088,1500.419,1498.959,1495.25,1492.118,1489.898,1487.557,1486.835,1578.926,1558.98,1547.304,1541.466,1522.007,1506.196,1496.709,1489.898,1478.344,1475.06,1475.06,1471.715,1469.77,1000,1000,1485.641,1495.493,1499.385,1498.412,1496.223,1000,1000,1000,1000,1611.4,1000,1000,1000,1000,1000,1000,1000,1000,1000,1000,1000,1000,1000,1000,1000,1000,1000,1000,1000,1000,1000,1000,1000,1000,1000,1000,1000,1000,1000,1000,1000,1000,1000,1000,1000,1000,1000,1000,1000,1591.993,1680.117,1674.765,1669.901,1648.981,1631.468,1621.981,1607.629,1594.008,1588.17,1581.237,1575.399,1572.176,1567.874,1565.54,1564.879,1655.792,1638.765,1610.548,1595.467,1574.061,1563.967,1554.723,1553.629,1547.852,1546.088,1542.348,1540.22,1538.023,1537.088,1596.44,1587.683,1568.71,1556.791,1547.791,1541.953,1530.764,1526.75,1522.311,1517.02,1513.387,1511.289,1510.072,1590.116,1573.575,1561.899,1546.331,1526.142,1519.574,1510.696,1499.81,1494.763,1491.753,1489.138,1487.245,1486.835,1578.926,1558.98,1546.331,1537.574,1519.088,1507.412,1500.115,1493.547,1486.128,1479.074,1472.567,1467.763,1464.874,1462.016,1460.868,1459.751,1459.249,1541.466,1522.98,1508.871,1493.547,1478.466,1472.871,1463.263,1456.817,1453.168,1448.911,1444.411,1442.465,1439.577,1436.893,1000,1000,1512.277,1500.115,1491.358,1477.736,1462.655,1453.654,1443.681,1435.897,1430.668,1426.107,1423.249,1420.877,1000,1000,1000,1496.709,1473.357,1460.709,1448.79,1441.979,1000,1000,1000,1000,1000,1000,1000,1392.075,1000,1000,1000,1000,1000,1000,1000,1000,1000,1000,1000,1000,1000,1000,1000
1000,1000,1000,1000,1000,1000,1000,1000,1000,1000,1000,1000,1000,1000,1192.955,1195.57,1195.935,1204.084,1208.705,1210.165,1213.814,1222.327,1222.327,1224.76,1229.868,1233.76,1234.49,1236.679,1241.787,1245.679,1248.598,1254.436,1259.301,1267.084,1271.949,1284.598,1291.896,1298.707,1192.689,1193.069,1193.107,1193.715,1194.445,1195.296,1195.54,1196.33,1196.634,1197.394,1197.759,1200.253,1202.138,1204.266,1206.881,1210.651,1211.381,1213.57,1215.273,1216.489,1218.192,1221.354,1224.76,1229.625,1232.787,1236.435,1240.814,1249.571,1000,1000,1000,1277.301,1274.868,1273.895,1277.301,1283.625,1288.49,1294.328,1300.166,1303.085,1310.382,1208.295,1208.599,1209.032,1209.663,1210.013,1210.743,1211.107,1211.898,1213.145,1214.786,1216.307,1218.192,1219.834,1221.537,1222.145,1224.03,1226.584,1229.138,1230.841,1233.76,1236.435,1240.327,1243.976,1249.084,1255.165,1258.328,1263.679,1267.084,1271.463,1275.355,1277.787,1281.679,1288.49,1293.842,1302.112,1309.896,1316.707,1322.058,1327.896,1223.901,1224.129,1224.334,1224.722,1225.071,1225.489,1226.432,1227.618,1228.53,1229.989,1231.206,1232.3,1234.064,1237.104,1238.99,1241.422,1243.976,1245.192,1247.138,1249.814,1252.976,1256.868,1263.436,1267.571,1273.166,1277.058,1281.436,1284.112,1288.004,1294.328,1300.652,1306.004,1316.707,1331.302,1239.658,1243.49,1253.949,1264.044,1260.274,1252.064,1249.328,1249.875,1000,1000,1000,1000,1000,1000,1000,1000,1000,1000,1000,1000,1000,1000,1000,1000,1000,1000,1000,1255.735,1000,1000,1000,1000,1000,1000,1000,1280.22,1279.49,1281.922,1285.571,1285.571,1289.463,1294.085,1299.193,1306.004,1312.328,1320.599,1324.004,1332.275,1333.248,1341.031,1345.896,1357.086,1255.074,1255.34,1255.796,1256.29,1256.823,1257.233,1258.054,1259.057,1259.848,1262.524,1265.199,1267.936,1270.49,1273.287,1274.747,1277.544,1276.328,1279.977,1284.112,1289.706,1294.085,1300.652,1305.031,1309.653,1314.761,1319.626,1325.95,1328.383,1336.167,1339.572,1346.869,1354.653,1365.356,1377.518,1272.702,1273.249,1000,1000,1000,1000,1000,1178.056,1068.185,1068.261,1068.299,1068.413,1068.337,1181.948,1068.109,1177.083,1173.191,1168.813,1165.894,1161.029,1156.164,1150.326,1144.002,1135.245,1127.948,1123.083,1118.218,1114.569,1113.839,1111.65,1111.65,1111.65,1113.109,1113.839,1116.758,1118.218,1122.596,1126.975,1134.272,1142.056,1149.353,1156.164,1162.975,1165.894,1166.867,1165.894,1162.975,1158.11,1157.137,1153.245,1151.299,1149.353,1147.407,1143.029,1141.083,1137.677,1136.704,1136.704,1142.056,1144.002,1149.353,1150.326,1153.245,1155.191,1156.164,1154.218,1158.11,1158.11,1161.029,1157.137,1000,1000,1000,1000,1351.339,1351.643,1352.586,1000,1000,1000,1194.111,1188.759,1186.327,1187.543,1188.273,1187.543,1000,1000,1000,1000,1000,1000,1000,1000,1000,1000,1000,1000,1000,1221.354,1223.3,1221.354,1221.354,1229.138,1242.273,1000,1000,1151.976,1258.814,1237.895,1000,1000,1000,1000,1468.492,1463.628,1463.628,1471.411,1481.141,1492.331,1000,1000,1000,1172.705,1171.245,1166.137,1162.245,1159.934,1161.516,1166.502,1000,1000,1000,1000,1447.33,1000,1000,1000,1000,1000,1000,1000,1000,1000,1000,1000,1000,1000,1000,1000,1000,1000,1000,1000,1000,1000,1000,1000,1000,1000,1000,1000,1000,1000,1000,1000,1000,1000,1000,1000,1000,1000,1000,1000,1000,1000,1000,1000,1000,1000,1000,1000,1000,1000,1000,1000,1000,1000,1000,1000,1000,1000,1000,1000,1000,1000,1000,1494.337,1499.202,1498.108,1496.77,1494.337,1491.935,1489.761,1487.701,1486.873,1577.953,1558.007,1545.845,1537.088,1523.466,1509.358,1499.385,1490.871,1478.709,1474.087,1473.175,1471.411,1470.56,1000,1000,1485.276,1494.033,1500.115,1496.223,1494.033,1000,1000,1000,1000,1608.846,1000,1000,1000,1000,1000,1000,1000,1000,1000,1000,1000,1000,1000,1000,1000,1000,1000,1000,1000,1000,1000,1000,1000,1000,1000,1000,1000,1000,1000,1000,1000,1000,1000,1000,1000,1000,1000,1000,1000,1000,1591.765,1687.901,1682.063,1662.117,1631.468,1616.386,1605.683,1592.548,1585.737,1580.507,1574.609,1570.534,1000,1000,1000,1000,1634.873,1606.656,1599.845,1578.44,1565.305,1554.723,1552.291,1546.575,1544.689,1542.531,1540.493,1538.084,1000,1000,1576.98,1559.223,1549.98,1545.115,1537.21,1530.034,1526.385,1522.858,1516.838,1513.676,1511.547,1510.346,1592.062,1581.359,1563.359,1548.277,1527.845,1523.466,1513.371,1503.763,1498.108,1493.668,1489.26,1487.557,1486.994,1581.845,1560.926,1549.25,1537.574,1522.007,1508.628,1499.385,1491.358,1484.303,1475.79,1470.317,1467.094,1463.992,1461.149,1460.389,1459.591,1560.44,1544.385,1527.845,1513.736,1496.223,1479.195,1472.871,1463.749,1458.519,1455.722,1449.215,1443.985,1441.34,1439.166,1436.832,1436.049,1522.98,1507.412,1495.736,1485.033,1472.871,1000,1000,1437.479,1431.033,1428.418,1425.255,1423.735,1420.877,1000,1000,1000,1492.817,1471.411,1456.817,1452.438,1000,1000,1000,1000,1000,1000,1000,1000,1000,1000,1000,1000,1000,1000,1000,1000,1000,1000,1000,1000,1000,1000,1000,1000
1000,1000,1000,1000,1000,1000,1000,1000,1000,1000,1000,1000,1000,1190.097,1194.597,1196.3,1198.489,1204.084,1207.246,1208.705,1214.786,1224.76,1228.408,1229.138,1233.76,1237.408,1235.949,1237.895,1245.679,1247.138,1247.625,1253.463,1257.355,1263.679,1269.031,1280.706,1288.49,1294.815,1300.652,1192.879,1193.031,1193.586,1194.552,1195.54,1195.661,1196.057,1196.482,1196.938,1197.577,1199.827,1202.381,1203.962,1207.246,1209.557,1211.016,1212.476,1214.422,1215.273,1218.678,1220.868,1224.273,1227.922,1231.084,1231.084,1236.435,1242.03,1000,1000,1287.517,1276.328,1275.355,1274.868,1278.274,1284.598,1288.49,1295.301,1300.166,1303.085,1309.409,1315.247,1208.447,1208.766,1209.359,1209.663,1210.423,1210.743,1211.624,1212.658,1213.844,1215.638,1217.462,1218.739,1220.077,1221.233,1222.814,1224.76,1226.949,1228.773,1232.908,1234.611,1237.895,1243.003,1247.382,1250.301,1253.949,1258.328,1262.949,1268.544,1275.355,1280.22,1283.625,1292.869,1297.247,1303.085,1307.95,1315.734,1318.653,1324.004,1223.787,1224.091,1224.288,1224.6,1225.155,1225.315,1226.31,1227.618,1228.712,1229.412,1231.206,1232.3,1233.76,1235.949,1238.381,1240.692,1243.246,1245.557,1247.138,1248.476,1252.003,1255.409,1260.76,1265.139,1271.22,1276.571,1280.706,1283.625,1288.004,1292.382,1296.76,1304.058,1312.815,1326.437,1239.62,1000,1000,1271.463,1264.044,1254.922,1249.875,1250.665,1250.665,1000,1000,1000,1000,1000,1000,1000,1000,1000,1000,1000,1000,1000,1000,1000,1000,1000,1000,1255.621,1000,1000,1316.22,1000,1000,1000,1000,1279.49,1278.517,1280.706,1282.652,1284.355,1288.004,1293.355,1296.274,1302.112,1308.923,1318.653,1323.031,1330.328,1336.167,1342.004,1347.842,1358.059,1255.036,1255.378,1255.796,1256.366,1256.823,1257.339,1258.328,1259.057,1260.182,1262.098,1264.166,1267.389,1269.76,1272.193,1274.017,1277.058,1277.909,1280.463,1283.139,1289.706,1294.085,1300.652,1305.761,1308.923,1313.788,1318.166,1323.031,1328.383,1335.193,1340.545,1345.896,1357.572,1367.788,1377.518,1272.664,1273.249,1000,1000,1000,1000,1175.137,1175.137,1182.921,1068.109,1068.185,1068.261,1182.921,1173.191,1178.056,1174.164,1171.245,1164.921,1162.975,1156.164,1150.326,1143.029,1133.786,1126.975,1120.164,1116.029,1113.109,1110.434,1107.758,1107.028,1107.028,1106.542,1107.758,1108.488,1110.434,1112.38,1114.569,1118.704,1123.083,1129.407,1137.677,1146.434,1152.272,1157.137,1160.056,1162.975,1161.029,1152.272,1155.191,1151.299,1148.38,1147.407,1148.38,1141.083,1140.596,1136.704,1137.677,1136.218,1140.596,1143.029,1148.38,1150.326,1155.191,1156.164,1154.218,1153.245,1156.164,1153.245,1152.272,1000,1000,1000,1000,1000,1000,1351.339,1352.692,1351.415,1000,1000,1191.435,1186.327,1185.11,1186.327,1187.543,1187.543,1000,1000,1000,1000,1000,1000,1000,1000,1000,1000,1000,1000,1210.651,1219.408,1222.327,1220.381,1222.327,1228.165,1237.895,1000,1000,1253.949,1244.706,1236.922,1000,1000,1000,1000,1473.357,1465.573,1468.492,1469.465,1481.141,1494.277,1000,1000,1000,1173.191,1169.299,1164.799,1161.88,1160.299,1162.732,1166.989,1000,1000,1000,1000,1000,1000,1000,1000,1000,1000,1000,1000,1000,1000,1000,1000,1000,1000,1000,1000,1000,1000,1000,1000,1000,1000,1000,1000,1000,1000,1000,1000,1000,1000,1000,1000,1000,1000,1000,1000,1000,1000,1000,1000,1000,1000,1000,1000,1000,1000,1000,1000,1000,1000,1000,1000,1000,1000,1000,1000,1000,1000,1000,1000,1000,1000,1000,1492.878,1498.351,1495.736,1495.25,1493.486,1491.418,1489.016,1487.489,1486.683,1569.683,1546.331,1539.52,1528.818,1519.574,1506.196,1498.412,1487.952,1478.344,1472.567,1472.567,1471.107,1471.411,1476.52,1000,1485.276,1492.817,1498.412,1494.52,1487.952,1000,1000,1000,1000,1000,1601.548,1000,1000,1000,1000,1000,1000,1000,1000,1000,1000,1000,1000,1000,1000,1000,1000,1000,1000,1000,1000,1000,1000,1000,1000,1000,1000,1000,1000,1000,1000,1000,1000,1000,1000,1000,1000,1000,1000,1593.103,1591.993,1591.841,1686.928,1672.819,1644.603,1630.981,1000,1601.792,1589.021,1583.062,1574.852,1570.139,1566.749,1565.031,1661.63,1651.9,1631.954,1605.197,1595.467,1578.44,1564.453,1555.088,1553.629,1547.365,1544.933,1542.531,1539.855,1537.59,1625.63,1589.143,1576.494,1558.494,1553.629,1545.115,1538.061,1528.939,1525.047,1519.088,1514.588,1511.638,1511.129,1510.148,1596.927,1578.44,1561.899,1544.872,1528.574,1520.061,1511.547,1502.669,1497.804,1492.878,1489.761,1488.112,1000,1486.569,1569.683,1556.061,1541.466,1521.034,1509.358,1500.115,1489.898,1483.939,1477.249,1471.411,1467.763,1465.057,1462.016,1460.868,1000,1459.553,1553.629,1535.628,1520.547,1501.574,1483.33,1472.141,1464.114,1457.303,1454.627,1448.607,1000,1441.158,1439.44,1437.038,1436.202,1524.926,1505.466,1497.196,1481.628,1472.141,1457.06,1446.114,1434.316,1432.857,1429.33,1427.201,1425.255,1422.762,1000,1000,1000,1486.006,1464.601,1450.006,1444.411,1000,1000,1000,1000,1000,1000,1000,1395.275,1000,1000,1000,1000,1000,1000,1000,1000,1000,1000,1000,1000,1000,1000,1000,1000
1000,1000,1000,1000,1000,1000,1000,1000,1000,1000,1000,1000,1000,1190.097,1194.597,1197.759,1198.124,1205.057,1208.705,1211.138,1214.786,1225.246,1227.679,1229.868,1233.03,1235.949,1234.49,1240.327,1246.165,1248.598,1249.571,1255.895,1260.274,1268.057,1274.868,1284.598,1291.896,1295.788,1296.76,1192.803,1193.031,1193.586,1194.643,1195.783,1195.783,1196.057,1196.193,1196.057,1196.786,1198.854,1201.651,1203.719,1206.881,1208.827,1210.651,1211.746,1214.057,1215.638,1219.043,1220.503,1223.787,1226.949,1229.625,1230.111,1236.435,1243.49,1000,1000,1279.247,1269.517,1268.544,1269.517,1273.895,1280.706,1286.544,1293.355,1300.166,1302.112,1310.382,1314.274,1208.409,1208.637,1209.093,1209.283,1210.013,1210.317,1211.351,1212.202,1213.479,1214.786,1216.733,1217.949,1218.983,1220.381,1223.057,1224.395,1226.584,1229.625,1232.908,1233.76,1236.435,1241.3,1246.165,1250.301,1253.949,1258.328,1261.003,1265.868,1271.463,1276.328,1281.193,1289.463,1293.842,1299.193,1306.004,1311.842,1315.734,1324.977,1223.787,1224.091,1224.38,1224.6,1224.995,1225.315,1225.991,1227.055,1227.922,1229.047,1230.598,1231.631,1233.273,1235.645,1237.713,1240.327,1243.246,1245.192,1247.625,1248.841,1251.638,1254.922,1260.03,1264.652,1272.436,1277.787,1281.436,1282.652,1287.031,1290.436,1295.788,1306.004,1317.68,1330.328,1239.697,1000,1000,1000,1263.193,1253.949,1250.665,1252.672,1253.28,1000,1000,1000,1000,1000,1000,1000,1000,1000,1000,1000,1368.761,1000,1000,1000,1000,1000,1000,1000,1000,1342.977,1322.058,1000,1000,1000,1000,1275.598,1274.625,1276.814,1281.436,1282.652,1285.571,1290.679,1295.544,1300.652,1306.49,1313.788,1317.68,1327.41,1333.248,1340.058,1345.896,1356.113,1362.924,1255.226,1255.621,1255.857,1256.716,1257.127,1257.689,1259.057,1260.03,1261.125,1263.679,1266.78,1269.517,1272.193,1273.652,1274.747,1277.909,1281.801,1285.085,1290.193,1294.571,1300.652,1304.301,1307.707,1311.112,1316.22,1321.572,1326.923,1336.167,1339.572,1348.815,1357.572,1367.788,1377.518,1272.74,1273.249,1000,1000,1000,1000,1168.813,1172.218,1181.948,1180.975,1182.921,1068.185,1182.921,1169.786,1172.218,1167.84,1165.894,1161.029,1157.137,1150.326,1142.056,1133.786,1126.488,1119.677,1114.569,1111.164,1108.488,1106.542,1104.596,1104.109,1103.38,1104.109,1104.596,1105.812,1106.542,1107.758,1109.704,1112.38,1116.758,1122.596,1128.921,1136.218,1142.056,1147.407,1149.353,1154.218,1157.137,1151.299,1157.137,1152.272,1148.38,1144.975,1145.461,1138.65,1137.677,1133.786,1135.245,1134.272,1136.704,1142.056,1149.353,1151.299,1153.245,1158.11,1156.164,1155.191,1156.164,1153.245,1148.38,1000,1000,1000,1000,1350.275,1350.974,1351.643,1353.543,1000,1000,1215.516,1190.219,1183.894,1184.381,1183.894,1185.11,1183.894,1000,1000,1000,1000,1000,1000,1000,1000,1000,1000,1000,1000,1215.516,1221.354,1223.3,1221.354,1223.3,1226.219,1232.057,1000,1000,1000,1000,1000,1000,1000,1000,1000,1000,1000,1473.357,1469.465,1000,1000,1000,1000,1000,1173.191,1168.326,1165.651,1163.462,1162.732,1165.651,1169.299,1000,1000,1000,1000,1000,1000,1000,1000,1000,1000,1000,1000,1000,1000,1000,1000,1000,1000,1000,1000,1000,1000,1000,1000,1000,1000,1000,1000,1000,1000,1000,1000,1000,1000,1000,1000,1000,1000,1000,1000,1000,1000,1000,1000,1000,1000,1000,1000,1000,1000,1000,1000,1000,1000,1000,1000,1000,1000,1000,1000,1000,1000,1000,1000,1000,1000,1000,1491.601,1495.736,1494.581,1494.581,1493.486,1491.084,1488.697,1487.192,1582.818,1564.818,1549.25,1536.115,1527.358,1512.034,1501.331,1491.358,1484.303,1476.52,1473.479,1472.263,1471.959,1471.959,1477.249,1481.871,1485.641,1495.006,1501.331,1502.547,1494.033,1000,1000,1000,1608.116,1603.19,1600.818,1598.386,1000,1000,1000,1000,1000,1000,1000,1000,1000,1000,1000,1000,1000,1000,1000,1000,1000,1000,1000,1000,1000,1000,1000,1000,1000,1000,1000,1000,1000,1000,1000,1000,1000,1000,1000,1000,1000,1593.78,1592.274,1591.955,1687.901,1673.792,1645.576,1634.873,1000,1605.197,1591.697,1584.886,1575.947,1571.325,1567.463,1565.327,1564.332,1642.657,1624.17,1601.305,1591.818,1576.737,1565.305,1554.723,1552.899,1546.575,1544.264,1541.527,1539.855,1000,1000,1000,1577.953,1557.277,1555.575,1543.412,1536.237,1528.209,1525.047,1519.088,1514.77,1511.638,1510.719,1608.116,1586.224,1576.494,1559.467,1547.791,1533.439,1524.926,1516.169,1505.952,1498.655,1493.668,1000,1488.591,1487.428,1486.531,1559.953,1554.115,1537.088,1519.574,1507.412,1500.115,1485.641,1481.385,1476.52,1471.411,1467.52,1464.874,1462.016,1460.389,1459.439,1553.629,1538.547,1519.574,1506.925,1494.277,1484.06,1473.844,1464.601,1457.668,1452.073,1446.418,1443.073,1441.158,1439.166,1437.342,1436.24,1522.98,1501.088,1492.331,1477.736,1467.763,1457.06,1448.06,1435.897,1431.397,1427.201,1425.012,1421.668,1420.482,1000,1000,1000,1491.844,1463.141,1000,1000,1000,1000,1000,1000,1000,1000,1000,1000,1000,1000,1000,1000,1000,1000,1000,1000,1000,1000,1000,1000,1000,1000,1000,1000
1000,1000,1000,1000,1000,1000,1000,1000,1000,1000,1000,1000,1000,1000,1000,1196.3,1196.3,1202.016,1205.057,1211.138,1216.976,1226.462,1229.138,1233.03,1235.219,1239.354,1239.354,1243.246,1248.598,1247.625,1249.571,1255.895,1260.274,1269.031,1276.814,1284.598,1290.436,1293.842,1294.815,1303.571,1192.841,1193.35,1194.179,1195.296,1195.418,1195.661,1195.783,1195.783,1196.634,1198.094,1200.739,1202.928,1205.665,1206.881,1209.192,1209.922,1211.746,1214.057,1219.043,1221.354,1224.273,1227.922,1230.111,1230.111,1235.219,1243.49,1000,1000,1000,1268.057,1266.111,1270.976,1274.868,1279.733,1285.571,1294.328,1298.22,1303.085,1310.382,1315.247,1208.333,1208.599,1208.971,1209.283,1210.21,1210.53,1211.351,1212.506,1213.327,1214.209,1216.307,1217.705,1218.192,1219.53,1221.841,1222.814,1225.125,1228.408,1232.057,1233.76,1236.922,1240.327,1243.976,1247.382,1250.301,1254.436,1257.598,1263.679,1270.003,1276.328,1281.679,1289.463,1292.869,1296.274,1301.139,1306.977,1313.788,1322.058,1331.788,1224.015,1224.243,1224.486,1224.782,1225.071,1225.778,1226.797,1227.77,1228.895,1230.172,1230.962,1232.543,1235.402,1237.713,1240.327,1243.611,1245.557,1246.773,1247.625,1250.179,1253.463,1257.355,1262.22,1271.22,1276.571,1280.706,1284.112,1288.49,1290.923,1298.22,1306.004,1315.734,1329.356,1000,1000,1000,1000,1000,1000,1251.213,1250.969,1251.821,1248.841,1000,1000,1000,1000,1000,1000,1000,1279.247,1000,1000,1000,1000,1000,1000,1000,1000,1000,1255.621,1255.188,1355.14,1000,1000,1000,1000,1000,1275.598,1272.922,1275.112,1279.004,1280.706,1284.355,1290.679,1295.544,1299.193,1307.463,1312.815,1321.572,1329.356,1337.139,1342.004,1349.788,1358.059,1254.922,1255.226,1255.424,1255.735,1256.366,1256.914,1257.932,1258.328,1260.03,1261.125,1263.193,1265.686,1267.936,1270.733,1271.828,1275.476,1278.274,1282.287,1285.571,1290.679,1294.571,1298.707,1301.869,1305.031,1309.653,1314.761,1318.166,1323.518,1330.815,1337.139,1343.95,1355.626,1365.356,1374.599,1272.626,1273.082,1000,1000,1000,1162.975,1165.894,1166.867,1174.164,1174.164,1174.164,1178.056,1177.083,1165.894,1167.84,1164.921,1162.975,1156.164,1151.299,1142.056,1134.272,1125.515,1119.677,1114.569,1111.164,1108.488,1105.812,1104.109,1102.65,1101.677,1101.677,1102.163,1102.65,1104.109,1105.326,1105.812,1107.028,1109.218,1111.65,1116.758,1121.137,1126.488,1133.786,1138.65,1138.65,1144.975,1148.38,1144.975,1152.272,1151.299,1147.407,1145.461,1144.975,1136.704,1138.65,1136.218,1136.218,1139.623,1143.029,1146.434,1152.272,1153.245,1153.245,1156.164,1152.272,1148.38,1147.407,1000,1000,1000,1000,1000,1000,1350.465,1351.719,1352.069,1353.543,1000,1000,1218.435,1194.84,1188.273,1186.327,1187.056,1187.056,1183.408,1182.192,1000,1000,1000,1000,1000,1000,1000,1000,1000,1000,1000,1220.381,1223.3,1223.3,1223.3,1225.246,1229.138,1234.976,1000,1000,1000,1212.111,1213.084,1000,1000,1000,1000,1462.655,1453.411,1466.547,1465.573,1000,1000,1000,1000,1000,1179.759,1170.272,1166.502,1163.948,1163.462,1167.475,1173.191,1000,1000,1000,1000,1444.411,1000,1455.844,1000,1000,1000,1000,1000,1000,1000,1000,1000,1000,1000,1000,1000,1000,1000,1000,1000,1000,1000,1000,1000,1000,1000,1000,1000,1000,1000,1000,1000,1000,1000,1000,1000,1000,1000,1000,1000,1000,1000,1000,1000,1000,1000,1000,1000,1000,1000,1000,1000,1000,1000,1000,1000,1000,1000,1000,1000,1000,1000,1000,1492.118,1495.006,1495.25,1494.763,1493.486,1491.084,1488.91,1487.306,1583.791,1567.737,1552.169,1535.142,1525.899,1512.034,1501.331,1494.52,1487.101,1478.344,1475.79,1471.959,1470.317,1470.013,1475.79,1477.979,1482.601,1492.331,1499.385,1500.601,1000,1000,1000,1000,1000,1000,1598.386,1596.166,1000,1000,1000,1000,1000,1000,1000,1000,1000,1000,1000,1000,1000,1000,1000,1000,1000,1000,1000,1000,1000,1000,1000,1000,1000,1000,1000,1000,1000,1000,1000,1000,1000,1000,1000,1000,1000,1593.567,1592.715,1592.328,1592.221,1591.727,1667.954,1000,1000,1000,1592.548,1583.426,1577.345,1000,1569.075,1000,1564.674,1639.738,1629.035,1600.332,1591.089,1576.251,1565.305,1555.088,1552.656,1546.818,1000,1000,1539.292,1000,1629.522,1595.467,1585.251,1563.115,1559.953,1547.304,1538.061,1529.304,1525.655,1519.331,1514.436,1512.262,1510.658,1509.958,1599.359,1587.197,1571.142,1559.467,1541.223,1528.574,1516.655,1506.682,1498.655,1495.25,1000,1488.91,1000,1486.569,1559.953,1557.034,1538.547,1522.493,1514.709,1506.682,1490.385,1485.641,1481.02,1473.175,1467.763,1465.057,1461.773,1459.948,1459.287,1549.737,1538.547,1511.79,1500.601,1489.898,1482.844,1469.465,1464.601,1456.452,1451.708,1445.871,1444.168,1442.465,1440.823,1438.102,1436.354,1525.899,1500.115,1483.087,1472.871,1461.925,1455.357,1442.708,1434.681,1428.418,1427.201,1423.492,1422.58,1420.299,1000,1000,1000,1000,1464.601,1000,1000,1000,1000,1000,1000,1000,1000,1000,1000,1000,1000,1000,1000,1000,1000,1000,1000,1000,1000,1000,1000,1000,1000,1000,1000
1000,1000,1000,1000,1000,1000,1000,1000,1000,1000,1000,1000,1000,1000,1000,1196.665,1198.854,1200.8,1204.57,1210.165,1216.976,1222.327,1227.679,1233.03,1235.949,1237.895,1240.814,1244.706,1247.625,1247.138,1252.49,1257.355,1263.679,1270.003,1279.733,1284.598,1292.869,1293.842,1295.788,1303.571,1192.917,1193.297,1194.095,1194.962,1195.418,1195.661,1195.92,1195.54,1196.938,1197.759,1200.07,1201.651,1204.813,1205.361,1207.854,1208.827,1211.016,1213.57,1219.53,1221.841,1225.246,1229.625,1231.814,1230.598,1234.733,1240.084,1246.652,1000,1270.976,1269.517,1268.057,1271.949,1272.922,1277.301,1283.625,1290.436,1294.328,1301.139,1307.463,1312.328,1208.219,1208.561,1208.918,1209.215,1209.922,1210.53,1211.229,1212.354,1213.327,1214.604,1216.064,1217.462,1217.705,1219.834,1221.233,1223.057,1225.489,1228.773,1231.206,1233.273,1235.098,1238.381,1241.787,1245.679,1248.354,1253.949,1255.652,1261.003,1268.057,1275.355,1280.22,1286.544,1289.463,1292.869,1297.247,1302.112,1309.896,1318.653,1327.896,1223.901,1224.129,1224.38,1224.661,1225.071,1225.687,1227.055,1227.77,1229.047,1229.989,1230.598,1231.875,1233.76,1236.253,1238.625,1241.422,1243.976,1246.409,1247.138,1249.328,1252.976,1256.382,1260.76,1267.571,1273.166,1276.571,1282.166,1287.031,1291.896,1296.76,1306.004,1312.815,1326.437,1000,1000,1000,1000,1000,1000,1000,1252.064,1251.821,1250.118,1000,1000,1000,1000,1000,1000,1000,1000,1277.027,1000,1000,1000,1000,1000,1000,1000,1000,1255.469,1000,1356.113,1000,1000,1000,1000,1000,1271.463,1271.463,1272.922,1276.814,1276.814,1281.436,1286.787,1293.355,1296.274,1305.031,1310.382,1317.193,1324.977,1332.275,1341.031,1347.842,1354.167,1361.951,1255.112,1255.424,1255.621,1256.062,1256.716,1257.689,1258.054,1259.513,1260.547,1263.01,1264.652,1267.084,1268.848,1271.828,1274.747,1277.544,1282.774,1286.058,1290.193,1294.085,1297.004,1300.652,1303.085,1306.247,1312.572,1318.166,1325.464,1332.761,1339.572,1343.95,1353.68,1362.437,1369.734,1272.512,1000,1000,1000,1000,1161.029,1161.029,1162.975,1166.867,1168.813,1168.813,1173.191,1172.218,1162.002,1162.002,1160.056,1154.218,1146.434,1142.056,1133.786,1126.488,1119.677,1115.299,1111.164,1109.218,1105.812,1104.596,1103.38,1100.947,1100.461,1100.461,1100.461,1100.461,1102.163,1102.65,1104.109,1104.596,1107.028,1109.704,1112.38,1116.758,1121.623,1126.975,1131.353,1135.245,1139.623,1140.596,1137.677,1144.002,1142.056,1139.623,1139.623,1140.596,1136.218,1140.596,1141.083,1139.623,1142.056,1144.002,1146.434,1148.38,1151.299,1153.245,1153.245,1150.326,1147.407,1147.407,1137.677,1000,1000,1000,1000,1000,1000,1351.894,1352.373,1353.285,1000,1000,1218.435,1192.894,1185.84,1184.381,1184.381,1183.894,1000,1000,1000,1000,1000,1000,1000,1000,1000,1000,1000,1000,1000,1231.084,1229.138,1226.219,1223.3,1225.246,1228.165,1232.057,1140.186,1000,1000,1000,1196.3,1000,1000,1000,1000,1000,1000,1480.168,1000,1000,1000,1000,1000,1000,1178.056,1168.813,1165.164,1161.88,1163.097,1165.651,1171.732,1000,1000,1000,1000,1000,1000,1453.898,1466.547,1469.465,1475.79,1494.763,1414.53,1415.244,1000,1000,1000,1000,1000,1000,1000,1000,1000,1000,1000,1000,1000,1000,1000,1000,1000,1000,1000,1000,1000,1000,1000,1000,1000,1000,1000,1000,1000,1000,1000,1000,1000,1000,1000,1000,1000,1000,1000,1000,1000,1000,1000,1000,1000,1000,1000,1000,1000,1000,1000,1000,1000,1000,1000,1494.337,1493.912,1493.486,1492.483,1490.035,1488.591,1487.367,1582.818,1562.872,1551.196,1536.115,1521.034,1510.574,1500.115,1492.331,1483.087,1476.52,1472.567,1470.317,1469.222,1470.317,1473.479,1476.52,1478.344,1489.898,1495.493,1498.898,1000,1000,1000,1000,1601.062,1598.386,1598.994,1597.565,1000,1000,1000,1000,1000,1000,1000,1000,1000,1000,1000,1000,1000,1000,1000,1000,1000,1000,1000,1000,1000,1000,1000,1000,1000,1000,1000,1000,1000,1000,1000,1000,1000,1000,1000,1000,1000,1593.992,1592.784,1592.221,1591.917,1686.928,1000,1000,1000,1000,1000,1583.791,1577.649,1571.142,1567.6,1565.616,1564.484,1635.846,1625.143,1605.683,1591.818,1576.737,1567.25,1558.007,1553.629,1549.25,1545.358,1543.899,1540.63,1538.532,1537.354,1611.521,1592.062,1567.494,1559.223,1548.277,1540.007,1530.764,1527.115,1518.844,1512.611,1511.129,1510.148,1605.197,1599.359,1587.197,1572.115,1559.467,1545.358,1529.791,1520.79,1511.182,1502.669,1497.56,1000,1489.898,1488.484,1486.759,1567.737,1564.818,1547.304,1527.845,1519.574,1506.682,1490.385,1483.087,1479.439,1472.871,1468.249,1464.509,1462.016,1459.667,1459.249,1551.683,1538.547,1510.331,1503.033,1487.222,1479.195,1467.52,1465.573,1455.357,1451.1,1444.654,1443.317,1440.823,1440.033,1437.6,1436.354,1529.304,1507.412,1492.331,1481.141,1469.952,1460.222,1446.114,1436.627,1429.695,1426.958,1422.58,1420.877,1418.475,1000,1000,1000,1000,1000,1000,1000,1000,1000,1000,1000,1000,1000,1000,1000,1000,1000,1000,1000,1000,1000,1000,1000,1000,1000,1000,1000,1000,1000,1000,1000
1000,1000,1000,1000,1000,1000,1000,1000,1000,1000,1000,1000,1000,1000,1000,1000,1000,1200.435,1203.232,1210.165,1215.273,1220.381,1227.679,1234.49,1233.76,1238.868,1241.787,1246.165,1245.679,1247.138,1251.03,1252.49,1260.274,1269.031,1280.706,1286.544,1301.625,1301.625,1192.651,1192.879,1193.107,1193.297,1194.019,1194.643,1195.068,1195.418,1195.92,1195.54,1196.938,1197.394,1199.644,1200.922,1203.962,1204.509,1206.881,1208.219,1210.651,1213.57,1219.043,1223.3,1226.219,1228.895,1231.084,1230.111,1234.003,1240.814,1248.111,1000,1267.084,1263.679,1264.652,1270.976,1271.949,1277.301,1283.625,1288.49,1292.382,1300.166,1304.058,1310.382,1316.22,1208.409,1208.675,1209.093,1209.587,1210.119,1210.986,1211.898,1212.506,1213.844,1215.638,1216.733,1217.462,1219.53,1220.928,1222.145,1224.76,1228.043,1231.206,1233.273,1235.098,1238.868,1241.787,1244.463,1246.652,1252.49,1254.436,1259.544,1268.057,1276.328,1281.193,1286.544,1290.923,1292.869,1298.22,1302.112,1309.896,1316.707,1323.031,1332.761,1223.939,1224.053,1224.288,1224.661,1224.995,1225.885,1227.055,1228.53,1229.777,1230.78,1232.3,1234.307,1236.253,1238.625,1241.787,1243.246,1246.409,1247.138,1248.841,1252.003,1254.922,1258.571,1264.652,1270.003,1273.166,1279.247,1285.571,1290.436,1296.76,1305.031,1310.382,1322.545,1000,1000,1000,1000,1277.301,1000,1000,1252.064,1250.969,1249.328,1000,1000,1000,1000,1000,1000,1280.95,1278.061,1276.419,1000,1000,1000,1000,1000,1000,1000,1000,1000,1000,1353.194,1000,1000,1000,1000,1000,1271.949,1272.436,1271.463,1275.598,1275.598,1281.436,1284.355,1292.625,1295.544,1305.031,1310.382,1318.653,1324.977,1335.193,1341.031,1349.788,1354.167,1359.032,1254.998,1255.264,1255.469,1255.986,1256.45,1257.233,1258.464,1260.03,1260.912,1263.193,1264.409,1266.537,1270.125,1271.098,1274.747,1277.544,1281.801,1284.598,1288.004,1290.679,1293.355,1298.707,1302.355,1308.193,1311.842,1316.707,1323.518,1330.328,1337.626,1342.977,1353.68,1359.518,1371.68,1272.474,1000,1000,1000,1000,1160.056,1158.11,1161.029,1162.002,1162.975,1163.948,1167.84,1166.867,1159.083,1154.218,1149.353,1144.975,1137.677,1132.813,1125.029,1119.677,1114.569,1111.164,1108.488,1105.812,1104.109,1103.38,1101.677,1099.731,1099.731,1099.731,1099.245,1099.731,1100.947,1101.677,1102.163,1103.38,1105.326,1107.758,1109.704,1113.109,1117.245,1121.623,1125.029,1128.921,1132.813,1135.245,1134.272,1137.677,1139.623,1136.704,1134.272,1136.704,1135.245,1140.596,1142.056,1143.029,1143.029,1144.975,1145.461,1149.353,1151.299,1153.245,1154.218,1151.299,1147.407,1142.056,1000,1000,1000,1000,1000,1000,1000,1351.415,1351.803,1352.798,1000,1000,1216.976,1190.948,1182.678,1182.678,1182.678,1181.462,1182.678,1000,1000,1000,1000,1000,1000,1000,1000,1000,1000,1000,1000,1000,1230.111,1227.192,1226.219,1229.138,1232.057,1238.868,1140.756,1000,1000,1000,1180.246,1000,1000,1000,1000,1000,1000,1000,1000,1000,1000,1000,1000,1000,1176.354,1168.813,1164.799,1161.516,1160.664,1163.462,1168.326,1000,1000,1000,1000,1000,1446.6,1453.898,1459.249,1457.79,1468.979,1000,1000,1000,1000,1000,1000,1000,1000,1000,1433.222,1000,1000,1000,1000,1000,1000,1000,1000,1000,1000,1000,1000,1000,1000,1000,1000,1000,1000,1000,1000,1000,1000,1000,1000,1000,1000,1000,1000,1000,1000,1000,1000,1000,1000,1000,1000,1000,1000,1000,1000,1000,1000,1000,1000,1000,1000,1489.503,1490.932,1493.304,1493.06,1492.483,1491.236,1488.804,1488.021,1486.873,1573.088,1555.088,1547.304,1531.25,1518.115,1506.196,1492.817,1487.101,1479.074,1474.817,1470.864,1470.317,1467.337,1468.736,1470.864,1475.06,1475.79,1489.412,1493.547,1498.898,1000,1000,1000,1000,1603.433,1599.845,1598.994,1597.565,1000,1000,1000,1000,1000,1000,1000,1000,1000,1000,1000,1000,1000,1000,1000,1000,1000,1000,1000,1000,1000,1000,1000,1000,1000,1000,1000,1000,1000,1000,1000,1000,1000,1000,1000,1000,1000,1593.194,1592.388,1591.879,1686.928,1670.873,1659.198,1000,1000,1000,1594.494,1584.156,1575.947,1570.534,1566.642,1565.145,1660.657,1630.981,1618.332,1604.224,1591.818,1575.521,1566.277,1558.859,1554.358,1549.25,1545.602,1543.291,1540.098,1538.228,1537.468,1619.305,1600.818,1574.548,1563.115,1551.926,1543.412,1532.466,1528.209,1518.844,1512.49,1510.597,1509.844,1594.008,1594.981,1578.44,1571.142,1561.899,1546.331,1529.791,1522.736,1510.331,1501.696,1497.804,1492.695,1489.016,1487.937,1486.721,1563.845,1563.845,1554.115,1535.142,1523.466,1509.358,1494.52,1483.087,1480.168,1474.817,1470.864,1466.06,1463.384,1459.842,1560.44,1551.683,1537.574,1515.196,1507.898,1489.898,1478.466,1468.979,1463.263,1454.263,1450.127,1444.654,1443.742,1440.641,1439.44,1437.342,1436.164,1523.953,1509.358,1000,1000,1000,1000,1443.195,1437.479,1431.033,1425.255,1421.303,1420.877,1417.76,1000,1000,1000,1000,1000,1000,1000,1000,1000,1000,1000,1000,1000,1000,1000,1000,1000,1000,1000,1000,1000,1000,1000,1000,1000,1000,1000,1000,1000,1000,1000
1000,1000,1000,1000,1000,1000,1000,1000,1000,1000,1000,1000,1000,1000,1000,1000,1198.124,1200.435,1202.867,1209.678,1213.327,1219.165,1224.76,1232.3,1233.03,1238.868,1239.354,1244.706,1244.706,1247.625,1252.003,1254.922,1261.247,1270.003,1278.76,1286.544,1300.652,1303.571,1192.765,1192.841,1192.917,1193.153,1193.586,1194.019,1194.749,1195.54,1195.92,1196.057,1197.242,1197.577,1199.036,1200.739,1202.624,1203.719,1206.881,1208.462,1211.016,1215.273,1220.016,1223.787,1226.219,1229.625,1231.084,1232.787,1233.516,1243.976,1251.03,1000,1267.084,1263.679,1263.193,1268.057,1269.517,1274.868,1279.733,1286.544,1292.382,1299.193,1301.139,1309.409,1312.328,1208.295,1208.599,1209.154,1209.427,1210.21,1210.743,1211.761,1212.506,1214.026,1215.638,1216.733,1217.219,1218.496,1219.53,1220.381,1223.057,1226.949,1229.625,1232.908,1235.584,1238.868,1240.327,1243.003,1244.463,1250.787,1252.003,1255.652,1262.22,1270.976,1275.355,1280.22,1287.517,1290.923,1297.247,1300.166,1308.923,1315.734,1322.058,1326.923,1223.825,1224.015,1224.167,1224.6,1225.071,1225.885,1226.554,1228.226,1229.229,1229.777,1231.875,1234.307,1236.253,1238.017,1241.787,1243.246,1246.773,1247.625,1249.328,1252.49,1255.895,1258.084,1263.436,1268.787,1273.166,1278.517,1285.085,1290.923,1299.193,1302.112,1308.436,1320.599,1343.464,1000,1000,1000,1000,1000,1000,1252.064,1250.969,1249.328,1247.199,1000,1000,1000,1000,1000,1280.706,1279.004,1277.179,1275.568,1000,1000,1000,1000,1000,1000,1000,1000,1000,1000,1000,1000,1000,1000,1000,1271.463,1272.436,1270.976,1275.112,1275.598,1280.22,1283.625,1291.409,1294.815,1305.031,1307.463,1315.247,1322.058,1330.328,1336.167,1344.923,1352.221,1358.059,1254.922,1255.188,1255.378,1255.918,1256.207,1256.823,1257.689,1259.848,1261.125,1263.436,1264.166,1267.389,1268.848,1271.828,1274.017,1278.274,1280.95,1283.139,1286.544,1290.679,1295.058,1298.707,1303.571,1308.193,1311.112,1317.68,1325.464,1333.248,1339.572,1342.977,1351.734,1354.653,1368.761,1378.491,1000,1000,1000,1000,1158.11,1154.218,1153.245,1155.191,1158.11,1161.029,1162.002,1162.002,1155.191,1147.407,1139.623,1135.245,1129.407,1123.083,1118.704,1114.569,1110.434,1107.758,1105.812,1104.109,1102.163,1101.677,1099.731,1099.245,1099.245,1098.515,1098.515,1099.245,1099.731,1100.461,1101.677,1102.163,1104.109,1106.542,1108.488,1111.164,1114.569,1118.704,1121.623,1125.515,1126.975,1131.353,1132.813,1135.245,1138.65,1137.677,1135.245,1137.677,1136.704,1140.596,1143.029,1144.975,1144.975,1145.461,1146.434,1147.407,1147.407,1152.272,1151.299,1151.299,1151.299,1143.029,1000,1000,1000,1000,1000,1000,1351.271,1351.719,1351.803,1352.586,1000,1000,1223.787,1194.84,1186.327,1185.84,1185.11,1182.192,1182.192,1183.408,1000,1000,1000,1000,1000,1000,1000,1000,1000,1000,1000,1000,1234.976,1225.246,1225.246,1224.273,1227.192,1234.976,1000,1000,1000,1000,1000,1000,1000,1000,1000,1000,1000,1000,1000,1000,1000,1000,1000,1000,1000,1166.502,1163.948,1160.664,1159.934,1160.299,1169.299,1000,1000,1000,1000,1440.519,1446.6,1459.249,1461.682,1464.601,1478.222,1000,1000,1000,1000,1000,1000,1000,1000,1000,1430.06,1000,1000,1000,1000,1000,1000,1000,1000,1000,1000,1000,1000,1000,1000,1000,1000,1000,1000,1000,1000,1000,1000,1000,1000,1000,1000,1000,1000,1000,1000,1000,1000,1000,1000,1000,1000,1000,1000,1000,1000,1000,1000,1000,1000,1000,1000,1489.016,1491.084,1492.695,1492.695,1491.753,1491.236,1488.697,1488.112,1486.911,1574.061,1553.142,1549.25,1530.277,1515.439,1501.331,1490.385,1000,1000,1000,1469.222,1467.763,1466.06,1466.668,1469.77,1472.871,1477.249,1488.925,1492.817,1493.547,1000,1000,1000,1000,1606.17,1599.845,1598.751,1596.501,1000,1000,1000,1000,1000,1000,1000,1000,1000,1000,1000,1000,1000,1000,1000,1000,1000,1000,1000,1000,1000,1000,1000,1000,1000,1000,1000,1000,1000,1000,1000,1000,1000,1000,1000,1000,1000,1593.194,1592.388,1591.765,1683.036,1663.09,1651.414,1634.873,1619.792,1000,1593.035,1581.602,1574.852,1569.075,1566.323,1564.924,1564.332,1628.062,1619.305,1605.197,1595.954,1576.251,1567.25,1559.223,1553.629,1549.25,1545.602,1543.473,1540.767,1538.373,1537.59,1624.657,1601.792,1572.602,1558.494,1546.818,1538.547,1530.399,1526.02,1519.088,1513.387,1511.464,1509.958,1600.332,1589.143,1578.44,1571.142,1566.764,1549.737,1537.331,1526.628,1513.371,1503.033,1500.419,1492.695,1489.26,1487.489,1486.607,1555.088,1560.926,1550.223,1533.682,1519.574,1510.088,1497.196,1483.452,1480.168,1476.52,1471.715,1465.634,1463.232,1459.948,1555.575,1548.764,1534.656,1515.196,1508.871,1492.817,1478.466,1468.979,1463.263,1453.898,1448.607,1444.168,1442.708,1439.303,1438.102,1436.597,1537.088,1512.277,1501.574,1483.087,1478.709,1468.492,1460.709,1441.857,1437.114,1427.81,1423.492,1419.6,1420.299,1417.38,1000,1000,1000,1000,1000,1000,1000,1438.087,1000,1000,1000,1000,1000,1000,1000,1000,1000,1000,1000,1000,1000,1000,1000,1000,1000,1000,1000,1000,1000,1000,1000
1000,1000,1000,1000,1000,1000,1000,1000,1000,1000,1000,1000,1000,1000,1000,1000,1197.394,1199.948,1201.165,1204.57,1208.705,1213.327,1221.111,1228.408,1231.084,1235.949,1237.895,1238.868,1241.787,1245.679,1251.03,1251.03,1255.895,1259.301,1267.084,1274.868,1290.436,1294.815,1192.689,1192.841,1192.917,1193.153,1193.525,1193.936,1194.552,1195.54,1195.92,1196.482,1197.759,1198.094,1199.036,1200.922,1203.172,1204.266,1207.246,1209.922,1212.111,1215.638,1219.043,1223.787,1225.246,1227.922,1230.598,1232.787,1234.003,1243.976,1251.517,1000,1268.544,1267.084,1264.652,1268.544,1269.517,1274.868,1281.679,1286.544,1290.436,1298.22,1298.22,1305.517,1309.409,1208.333,1208.599,1209.215,1209.663,1210.636,1211.107,1211.898,1212.506,1213.661,1215.212,1216.307,1217.462,1218.983,1218.983,1219.834,1222.449,1226.584,1229.138,1232.908,1235.584,1237.895,1238.868,1241.3,1243.49,1249.084,1250.787,1254.436,1261.003,1268.544,1273.895,1280.22,1286.058,1288.49,1296.274,1298.22,1306.004,1312.815,1318.653,1324.004,1329.842,1224.015,1224.129,1224.6,1224.927,1225.778,1226.204,1227.618,1228.53,1229.229,1231.206,1233.516,1235.645,1237.408,1240.692,1242.517,1245.192,1246.409,1248.841,1252.976,1255.409,1258.084,1262.22,1267.084,1271.22,1277.787,1284.112,1289.463,1295.788,1297.247,1302.112,1312.815,1000,1000,1000,1000,1000,1268.544,1253.584,1250.969,1248.841,1245.922,1243.794,1000,1000,1000,1000,1000,1000,1000,1000,1000,1000,1000,1000,1000,1000,1000,1000,1000,1000,1000,1000,1000,1000,1000,1000,1270.976,1274.139,1275.598,1277.301,1276.328,1284.355,1286.301,1291.409,1296.274,1303.571,1309.896,1317.193,1322.058,1332.275,1338.112,1344.923,1350.761,1355.14,1360.978,1255.036,1255.226,1255.621,1256.29,1257.233,1258.191,1259.666,1261.916,1263.193,1264.895,1266.537,1268.24,1271.098,1273.652,1276.328,1279.125,1282.287,1284.598,1289.706,1291.896,1299.923,1303.085,1309.653,1313.301,1318.166,1324.491,1329.356,1337.139,1342.004,1349.788,1352.707,1365.356,1374.599,1000,1000,1000,1000,1158.11,1155.191,1152.272,1152.272,1155.191,1153.245,1153.245,1153.245,1146.434,1140.596,1133.786,1129.407,1124.056,1119.677,1115.299,1111.164,1108.488,1105.812,1104.109,1102.163,1100.947,1099.731,1098.515,1097.542,1097.542,1097.542,1096.812,1098.028,1098.515,1099.245,1100.461,1101.677,1102.65,1104.596,1105.812,1109.704,1112.38,1116.029,1118.704,1123.083,1125.515,1127.948,1130.38,1134.272,1136.218,1139.623,1136.218,1138.65,1138.65,1144.002,1145.461,1148.38,1145.461,1147.407,1145.461,1146.434,1147.407,1152.272,1151.299,1151.299,1149.353,1137.677,1000,1000,1000,1000,1000,1351.415,1000,1351.271,1351.149,1351.643,1350.731,1000,1232.057,1197.759,1185.84,1184.381,1184.381,1180.246,1180.975,1000,1000,1000,1000,1000,1000,1000,1000,1000,1000,1000,1000,1000,1234.976,1224.273,1224.273,1224.273,1230.111,1245.192,1000,1000,1000,1000,1000,1000,1000,1000,1000,1000,1000,1000,1000,1000,1000,1000,1000,1000,1000,1163.097,1161.029,1158.11,1157.745,1157.745,1168.813,1000,1000,1000,1000,1000,1000,1000,1457.79,1468.006,1479.195,1000,1000,1000,1000,1000,1000,1000,1000,1432.857,1431.762,1439.181,1445.627,1000,1000,1000,1000,1000,1000,1000,1000,1000,1000,1000,1000,1000,1000,1000,1000,1000,1000,1000,1000,1000,1000,1000,1000,1000,1000,1000,1000,1000,1000,1000,1000,1000,1000,1000,1000,1000,1000,1000,1000,1000,1000,1000,1000,1000,1000,1492.483,1492.695,1491.418,1491.084,1489.016,1488.195,1486.994,1578.926,1555.088,1546.331,1527.358,1509.358,1500.115,1489.898,1482.236,1476.155,1473.175,1469.222,1468.736,1466.06,1466.425,1469.526,1471.715,1474.817,1485.641,1490.871,1487.466,1000,1000,1000,1619.427,1606.17,1601.548,1599.663,1597.96,1000,1000,1000,1000,1000,1000,1000,1000,1000,1000,1000,1000,1000,1000,1000,1000,1000,1000,1000,1000,1000,1000,1000,1000,1000,1000,1000,1000,1000,1000,1000,1000,1000,1000,1000,1000,1000,1592.274,1591.803,1687.901,1673.792,1652.387,1643.63,1625.63,1613.711,1600.089,1588.535,1578.926,1573.818,1569.075,1567.099,1565.616,1564.636,1637.792,1624.17,1610.548,1599.845,1580.386,1570.656,1561.291,1554.358,1548.946,1544.264,1542.713,1539.855,1538.228,1537.43,1622.711,1593.521,1000,1556.061,1547.791,1538.061,1531.98,1526.75,1520.365,1514.436,1512.611,1510.346,1509.92,1597.9,1582.332,1573.088,1567.737,1546.818,1534.656,1523.953,1511.547,1503.033,1500.723,1493.304,1489.381,1487.367,1486.683,1562.872,1561.899,1550.223,1534.656,1520.547,1509.358,1500.115,1488.925,1484.79,1480.168,1475.06,1468.249,1465.057,1461.149,1459.591,1459.363,1545.358,1525.899,1518.115,1500.115,1480.898,1472.141,1466.06,1455.357,1451.465,1446.418,1443.499,1439.729,1438.102,1436.445,1532.223,1513.25,1501.088,1488.925,1485.52,1477.249,1464.601,1444.168,1436.627,1000,1000,1000,1420.695,1417.137,1000,1000,1000,1000,1000,1000,1455.357,1000,1438.573,1000,1000,1000,1000,1000,1000,1000,1000,1000,1000,1000,1000,1000,1000,1000,1000,1000,1000,1000,1000,1000,1000
1000,1000,1000,1000,1000,1000,1000,1000,1000,1000,1000,1000,1000,1000,1000,1000,1199.219,1202.381,1202.867,1205.057,1206.881,1211.138,1220.381,1224.76,1227.679,1233.76,1235.949,1235.219,1238.868,1245.679,1250.057,1252.49,1261.247,1266.111,1270.976,1281.679,1295.788,1300.652,1192.841,1193.069,1193.107,1193.297,1193.86,1194.445,1195.418,1196.786,1197.394,1197.911,1199.036,1199.462,1200.253,1201.895,1204.266,1205.969,1209.192,1212.111,1214.057,1216.003,1217.705,1220.868,1223.3,1227.922,1232.3,1235.949,1239.598,1248.841,1256.868,1000,1267.084,1263.193,1260.76,1263.193,1265.625,1270.976,1279.733,1284.598,1290.436,1294.328,1294.328,1301.139,1305.517,1315.247,1208.599,1209.093,1209.283,1210.317,1210.864,1211.351,1211.898,1213.844,1215.03,1216.307,1217.219,1218.983,1219.287,1220.077,1222.814,1226.584,1229.138,1232.908,1235.584,1237.408,1239.354,1241.787,1243.003,1247.382,1250.787,1253.949,1259.544,1265.868,1272.436,1278.76,1285.085,1287.517,1298.22,1301.139,1307.95,1311.842,1317.68,1322.058,1330.815,1224.015,1224.129,1224.722,1225.071,1225.581,1225.778,1227.192,1227.922,1228.378,1230.354,1232.543,1234.854,1236.496,1239.354,1241.422,1243.976,1246.409,1248.476,1252.49,1254.922,1258.571,1261.733,1266.355,1268.787,1275.112,1278.517,1282.652,1287.031,1292.382,1295.788,1306.49,1330.328,1000,1000,1000,1000,1000,1254.192,1252.672,1248.354,1000,1000,1000,1000,1294.206,1293.842,1287.274,1000,1000,1280.524,1276.723,1000,1000,1000,1000,1000,1000,1000,1000,1000,1000,1000,1000,1000,1000,1000,1265.747,1271.949,1276.328,1277.301,1279.004,1283.139,1286.301,1290.679,1295.544,1302.112,1309.896,1317.193,1322.058,1326.437,1333.248,1339.085,1345.896,1349.788,1356.113,1254.96,1255.264,1255.675,1256.366,1257.127,1257.932,1259.513,1261.733,1263.193,1264.895,1266.537,1268.544,1270.733,1274.017,1275.476,1278.274,1280.95,1284.112,1290.193,1293.355,1299.923,1302.355,1309.653,1313.788,1319.139,1325.464,1330.815,1338.599,1342.977,1347.842,1350.761,1362.437,1373.626,1000,1000,1000,1000,1152.272,1152.272,1151.299,1151.299,1149.353,1153.245,1149.353,1147.407,1139.623,1134.272,1127.948,1123.083,1118.704,1116.029,1111.164,1107.758,1105.326,1104.109,1102.163,1100.947,1100.461,1099.731,1098.515,1097.542,1098.515,1096.812,1096.326,1096.812,1097.542,1097.542,1099.245,1100.947,1102.65,1104.596,1105.812,1108.488,1110.434,1113.839,1116.029,1120.164,1123.083,1125.515,1126.975,1131.353,1133.786,1138.65,1136.704,1143.029,1145.461,1144.975,1147.407,1151.299,1142.056,1144.975,1145.461,1145.461,1148.38,1157.137,1158.11,1160.056,1163.948,1152.272,1000,1000,1000,1350.974,1351.027,1351.088,1000,1351.21,1351.339,1351.339,1350.503,1000,1000,1198.489,1185.11,1185.11,1183.894,1181.462,1180.246,1000,1000,1000,1000,1000,1000,1000,1000,1000,1000,1000,1000,1252.003,1234.003,1225.246,1223.3,1222.327,1228.165,1252.976,1000,1000,1000,1000,1000,1000,1000,1000,1000,1000,1000,1000,1000,1000,1000,1000,1000,1000,1000,1162.245,1160.299,1158.475,1158.11,1157.38,1163.462,1000,1000,1000,1000,1000,1448.06,1459.249,1472.384,1477.736,1487.952,1000,1000,1000,1000,1000,1000,1000,1430.668,1431.397,1428.722,1433.587,1441.857,1000,1000,1000,1000,1000,1000,1000,1000,1000,1000,1000,1000,1000,1000,1000,1000,1000,1000,1000,1000,1000,1000,1000,1000,1000,1000,1000,1000,1000,1000,1000,1000,1000,1000,1000,1000,1000,1000,1000,1000,1000,1000,1000,1000,1487.937,1489.138,1492.3,1492.118,1490.78,1490.476,1489.26,1487.937,1486.949,1580.872,1555.088,1541.953,1526.385,1510.088,1500.115,1489.898,1481.385,1475.06,1000,1468.492,1468.249,1465.634,1465.239,1469.222,1474.087,1477.979,1491.844,1498.412,1489.898,1000,1000,1000,1619.792,1609.21,1605.501,1599.845,1000,1000,1000,1000,1000,1000,1000,1000,1000,1000,1000,1000,1000,1000,1000,1000,1000,1000,1000,1000,1000,1000,1000,1000,1000,1000,1000,1000,1000,1000,1000,1000,1000,1000,1000,1000,1000,1595.558,1592.571,1591.803,1683.036,1667.954,1647.035,1633.9,1617.603,1605.683,1594.981,1584.156,1576.798,1570.899,1568.467,1565.776,1564.978,1564.37,1644.603,1000,1610.548,1598.873,1579.17,1566.764,1558.494,1550.406,1546.818,1542.531,1541.375,1539.292,1537.962,1634.386,1612.494,1584.278,1563.115,1549.98,1544.142,1535.872,1531.25,1525.412,1519.574,1514.284,1000,1510.11,1605.197,1594.008,1581.359,1573.088,1564.818,1546.818,1533.439,1523.466,1511.182,1503.763,1499.81,1493.668,1489.381,1487.428,1486.759,1567.737,1560.926,1551.196,1532.709,1517.628,1505.466,1496.709,1485.276,1481.02,1478.344,1474.452,1468.006,1465.452,1461.894,1459.796,1459.363,1544.385,1527.845,1518.601,1504.006,1484.547,1477.249,1467.52,1457.303,1451.1,1446.175,1442.708,1438.908,1437.038,1436.088,1528.331,1510.331,1499.141,1492.817,1488.925,1483.087,1469.222,1452.438,1441.37,1430.303,1424.222,1420.482,1418.931,1000,1000,1000,1000,1000,1000,1000,1000,1000,1000,1000,1000,1000,1000,1000,1000,1000,1000,1000,1000,1000,1000,1000,1000,1000,1000,1000,1000,1000,1000,1000,1000
1000,1000,1000,1000,1000,1000,1000,1000,1000,1000,1000,1000,1000,1000,1000,1000,1198.489,1200.8,1200.8,1203.232,1202.867,1207.732,1216.003,1221.111,1222.327,1230.354,1233.76,1233.76,1240.327,1249.571,1250.057,1254.922,1263.679,1268.057,1271.949,1287.517,1296.76,1303.571,1192.993,1193.153,1193.107,1193.404,1193.86,1194.552,1195.54,1197.242,1197.759,1198.641,1199.219,1200.07,1200.496,1202.928,1204.813,1207.489,1210.651,1213.205,1215.273,1217.705,1219.043,1222.327,1224.273,1227.922,1231.084,1237.652,1240.814,1248.841,1251.517,1263.193,1259.787,1256.868,1255.409,1260.76,1262.22,1267.084,1276.328,1283.625,1288.49,1292.382,1294.328,1300.166,1303.085,1312.328,1208.485,1208.918,1209.032,1209.922,1210.423,1210.53,1211.229,1212.658,1214.604,1215.638,1217.462,1218.496,1218.496,1218.983,1221.841,1225.489,1228.773,1232.908,1236.071,1236.922,1238.381,1240.327,1241.787,1245.679,1249.571,1253.219,1257.598,1262.949,1269.517,1274.868,1281.679,1289.463,1298.22,1300.166,1307.95,1312.815,1315.734,1322.058,1331.788,1223.977,1224.091,1224.6,1224.927,1225.231,1225.406,1226.675,1227.77,1228.378,1230.598,1233.516,1235.098,1236.253,1238.625,1241.057,1242.881,1245.192,1247.625,1252.49,1254.436,1257.355,1261.247,1265.139,1267.571,1273.166,1276.571,1279.247,1284.112,1287.031,1290.923,1302.112,1000,1000,1000,1000,1000,1000,1255.895,1251.213,1246.773,1000,1000,1000,1296.639,1291.166,1291.896,1289.342,1287.274,1284.051,1280.281,1276.267,1000,1000,1000,1000,1000,1000,1000,1000,1000,1000,1000,1000,1000,1000,1000,1266.72,1271.463,1275.112,1277.301,1279.49,1281.922,1286.301,1289.463,1296.274,1302.599,1312.328,1315.247,1324.004,1326.437,1333.248,1337.139,1343.95,1348.815,1356.113,1254.922,1255.188,1255.621,1256.29,1257.02,1257.811,1259.361,1260.73,1262.098,1264.409,1266.233,1268.24,1268.848,1271.463,1274.382,1276.693,1279.612,1283.625,1287.517,1292.382,1299.193,1303.571,1309.653,1312.572,1317.68,1321.572,1325.95,1335.193,1342.004,1346.869,1351.734,1363.41,1369.734,1000,1000,1000,1000,1152.272,1150.326,1149.353,1148.38,1147.407,1145.461,1142.056,1139.623,1134.272,1128.921,1123.083,1121.137,1116.029,1112.38,1108.488,1106.542,1104.109,1102.163,1100.947,1099.731,1099.245,1098.028,1096.812,1096.326,1096.326,1095.353,1094.623,1095.839,1095.353,1095.839,1098.028,1099.731,1101.677,1103.38,1105.326,1107.028,1109.218,1111.164,1113.839,1116.758,1118.704,1121.623,1124.056,1126.975,1131.839,1137.677,1139.623,1142.056,1142.056,1140.596,1144.002,1148.38,1144.975,1148.38,1151.299,1152.272,1154.218,1162.002,1164.921,1163.948,1161.029,1000,1000,1000,1000,1350.693,1350.579,1350.776,1000,1351.027,1350.868,1351.803,1000,1000,1000,1197.03,1185.84,1187.543,1187.056,1186.327,1187.056,1000,1000,1000,1000,1000,1000,1000,1000,1000,1000,1000,1000,1237.895,1226.219,1220.381,1218.435,1219.408,1227.192,1000,1000,1000,1000,1000,1000,1000,1000,1000,1000,1000,1000,1000,1000,1000,1000,1000,1000,1000,1000,1163.462,1161.88,1160.664,1161.029,1159.934,1169.786,1000,1000,1000,1000,1430.303,1442.465,1449.519,1462.168,1473.357,1483.087,1000,1000,1000,1000,1000,1000,1000,1000,1000,1000,1000,1000,1000,1000,1000,1000,1000,1000,1000,1000,1000,1000,1000,1000,1000,1000,1000,1000,1000,1000,1000,1000,1000,1000,1000,1000,1000,1000,1000,1000,1000,1000,1000,1000,1000,1000,1000,1000,1000,1000,1000,1000,1000,1000,1000,1000,1488.804,1490.78,1492.695,1493.486,1491.236,1490.932,1489.381,1488.021,1486.721,1576.98,1553.142,1542.926,1524.926,1512.52,1503.033,1492.331,1483.087,1478.709,1473.479,1470.013,1469.77,1466.242,1465.634,1471.959,1475.79,1483.939,1491.358,1499.385,1489.898,1000,1000,1000,1617.116,1608.116,1604.042,1598.568,1597.565,1000,1000,1000,1000,1000,1000,1000,1000,1000,1000,1000,1000,1000,1000,1000,1000,1000,1000,1000,1000,1000,1000,1000,1000,1000,1000,1000,1000,1000,1000,1000,1000,1000,1000,1000,1000,1000,1591.955,1683.036,1675.738,1661.144,1639.738,1629.035,1615.656,1603.981,1591.21,1582.332,1574.061,1569.957,1567.463,1566.034,1564.924,1564.522,1000,1624.17,1608.116,1600.332,1577.953,1567.737,1556.912,1549.554,1545.845,1542.014,1540.22,1539.079,1537.787,1619.305,1596.927,1575.521,1556.791,1548.277,1544.142,1534.047,1530.764,1526.385,1520.365,1516.23,1000,1510.437,1509.958,1601.305,1583.305,1576.494,1565.791,1544.872,1530.277,1519.088,1507.898,1501.088,1498.108,1492.878,1489.625,1487.557,1486.873,1568.71,1553.142,1539.52,1523.953,1509.358,1502.547,1494.52,1487.466,1483.087,1479.439,1473.844,1468.736,1464.692,1462.016,1459.705,1557.521,1542.439,1532.709,1518.601,1509.358,1494.763,1486.736,1471.168,1460.1,1452.438,1446.661,1442.708,1439.029,1437.266,1436.049,1524.926,1504.493,1492.817,1485.52,1480.168,1474.817,1463.141,1449.276,1439.546,1431.397,1425.255,1420.695,1000,1000,1000,1000,1000,1000,1000,1000,1000,1000,1000,1000,1000,1000,1000,1000,1000,1000,1000,1000,1000,1000,1000,1000,1000,1000,1000,1000,1000,1000,1000,1000,1000
1000,1000,1000,1000,1000,1000,1000,1000,1000,1000,1000,1000,1000,1000,1000,1000,1000,1201.165,1202.016,1202.016,1203.719,1209.192,1216.489,1220.381,1227.192,1233.03,1235.949,1235.949,1243.246,1250.057,1254.436,1259.301,1268.057,1270.976,1270.976,1282.652,1288.49,1296.76,1192.727,1193.031,1193.153,1193.647,1194.179,1194.856,1196.057,1197.242,1198.094,1198.641,1199.644,1200.253,1200.739,1202.624,1204.509,1207.246,1209.557,1212.111,1214.057,1217.705,1219.043,1221.841,1224.273,1228.895,1231.084,1237.652,1241.3,1249.571,1251.03,1259.787,1258.328,1254.436,1252.49,1257.355,1259.301,1263.679,1274.868,1284.598,1290.436,1294.328,1296.274,1300.166,1302.112,1309.409,1208.409,1208.766,1209.032,1210.013,1210.423,1210.636,1211.624,1212.962,1214.026,1215.395,1216.976,1218.192,1218.192,1218.739,1220.928,1224.76,1226.949,1230.841,1233.76,1234.246,1236.922,1239.354,1242.517,1245.679,1250.787,1252.49,1256.382,1259.544,1267.084,1272.436,1279.247,1287.517,1296.274,1299.193,1304.058,1309.896,1313.788,1322.058,1330.815,1224.053,1224.129,1224.539,1224.851,1225.231,1225.231,1226.098,1227.055,1227.77,1229.989,1233.273,1235.098,1236.253,1238.381,1241.057,1242.517,1244.706,1246.773,1251.152,1251.152,1253.949,1257.355,1262.22,1265.139,1272.436,1276.571,1279.977,1283.625,1285.571,1290.436,1299.68,1000,1000,1000,1000,1000,1000,1258.814,1251.821,1000,1000,1000,1000,1294.571,1290.801,1291.166,1289.342,1288.612,1284.902,1281.193,1277.362,1000,1000,1000,1000,1000,1000,1000,1000,1000,1000,1000,1000,1000,1000,1000,1266.72,1268.544,1273.652,1275.598,1278.517,1280.706,1283.625,1288.004,1294.085,1301.139,1311.355,1315.247,1323.031,1324.004,1330.328,1332.275,1340.058,1344.923,1357.086,1254.922,1255.188,1255.568,1256.131,1256.625,1257.233,1258.753,1260.03,1261.49,1263.436,1265.443,1266.78,1268.848,1271.463,1274.017,1276.328,1279.125,1284.112,1288.49,1292.869,1298.707,1301.869,1307.707,1309.653,1315.247,1322.058,1328.383,1333.248,1340.545,1344.923,1348.815,1361.464,1370.707,1000,1000,1000,1000,1151.299,1152.272,1147.407,1150.326,1146.434,1144.975,1137.677,1135.245,1127.948,1124.056,1119.677,1116.758,1113.109,1110.434,1106.542,1105.326,1102.65,1101.677,1099.731,1099.245,1098.028,1097.542,1096.326,1095.839,1095.353,1094.136,1093.65,1093.65,1093.163,1093.65,1095.839,1098.028,1100.461,1102.65,1104.596,1106.542,1107.758,1109.218,1111.65,1113.839,1116.029,1118.704,1121.137,1125.029,1129.407,1000,1142.056,1145.461,1143.029,1145.461,1145.461,1150.326,1144.975,1147.407,1148.38,1149.353,1149.353,1160.056,1164.921,1164.921,1160.056,1000,1000,1000,1000,1350.868,1350.868,1351.088,1351.415,1351.803,1351.719,1352.92,1000,1000,1000,1196.3,1184.381,1185.84,1185.11,1183.894,1184.381,1000,1000,1000,1000,1000,1157.016,1000,1000,1000,1000,1000,1000,1227.192,1220.381,1216.489,1214.057,1214.057,1223.3,1000,1000,1000,1000,1000,1000,1000,1000,1000,1000,1000,1000,1000,1000,1000,1000,1000,1000,1000,1000,1157.745,1158.11,1157.38,1157.38,1157.745,1168.813,1000,1000,1000,1000,1000,1000,1000,1467.033,1485.033,1496.709,1508.871,1000,1000,1000,1000,1000,1000,1000,1000,1000,1000,1000,1000,1000,1000,1000,1000,1000,1000,1000,1000,1000,1000,1000,1000,1000,1000,1000,1000,1000,1000,1000,1000,1000,1000,1000,1000,1000,1000,1000,1000,1000,1000,1000,1000,1000,1000,1000,1000,1000,1000,1000,1000,1000,1000,1000,1000,1489.898,1492.3,1493.304,1491.601,1491.084,1489.625,1487.861,1486.759,1578.926,1555.088,1543.899,1524.926,1513.25,1501.331,1492.817,1481.871,1478.344,1472.263,1468.979,1469.222,1467.094,1465.634,1472.871,1476.155,1481.02,1487.952,1497.196,1485.641,1000,1000,1000,1617.116,1608.846,1603.19,1597.778,1596.501,1000,1000,1000,1000,1000,1000,1000,1000,1000,1000,1000,1000,1000,1000,1000,1000,1000,1000,1000,1000,1000,1000,1000,1000,1000,1000,1000,1000,1000,1000,1000,1000,1000,1000,1000,1000,1000,1591.651,1677.198,1673.792,1661.144,1640.224,1627.576,1615.17,1603.494,1592.183,1582.697,1573.818,1569.957,1567.6,1566.43,1565.266,1564.788,1655.792,1635.846,1616.386,1602.764,1581.359,1568.71,1557.277,1549.554,1546.088,1542.348,1540.493,1538.791,1537.962,1000,1000,1000,1558.494,1547.791,1540.98,1531.98,1528.939,1523.466,1519.331,1516.23,1512.976,1510.597,1510.072,1601.305,1587.197,1576.494,1565.791,1544.872,1532.709,1517.628,1509.115,1000,1500.115,1493.304,1490.324,1487.861,1486.873,1570.656,1548.277,1534.656,1518.115,1506.682,1500.115,1494.033,1489.412,1483.452,1477.614,1470.56,1467.094,1463.536,1461.56,1459.895,1459.325,1546.331,1530.764,1518.115,1504.006,1491.358,1481.628,1468.979,1457.303,1450.735,1445.627,1441.34,1000,1000,1000,1528.331,1514.223,1496.709,1488.925,1485.033,1474.33,1460.709,1450.735,1440.519,1431.762,1425.803,1420.299,1418.627,1000,1000,1000,1000,1000,1000,1000,1000,1000,1000,1000,1000,1000,1000,1000,1000,1000,1000,1000,1000,1000,1000,1000,1000,1000,1000,1000,1000,1000,1000,1000,1000
1000,1000,1000,1000,1000,1000,1000,1000,1000,1000,1000,1000,1000,1000,1000,1000,1000,1000,1201.165,1202.016,1204.57,1208.219,1216.976,1218.678,1225.976,1229.868,1236.679,1235.949,1245.679,1249.571,1254.922,1257.355,1265.625,1269.031,1273.895,1283.625,1290.436,1295.788,1192.727,1192.955,1193.107,1193.464,1194.095,1194.643,1195.92,1196.786,1197.759,1198.276,1199.219,1199.462,1200.496,1202.381,1205.361,1208.219,1211.381,1214.057,1216.003,1219.53,1222.327,1225.246,1227.922,1232.3,1234.733,1238.868,1243.49,1251.03,1253.949,1257.355,1255.409,1251.517,1250.301,1255.409,1257.355,1263.193,1274.868,1285.571,1290.436,1297.247,1299.193,1304.058,1305.517,1312.328,1208.409,1208.721,1208.971,1209.663,1210.423,1210.317,1211.351,1212.506,1213.479,1214.604,1216.489,1217.462,1217.949,1218.739,1220.685,1224.395,1226.219,1229.625,1231.571,1231.571,1234.611,1237.408,1240.814,1245.192,1250.787,1253.949,1257.598,1261.003,1268.057,1273.895,1280.22,1289.463,1296.274,1300.166,1303.085,1307.95,1311.842,1322.058,1327.896,1224.053,1224.129,1224.334,1224.539,1224.851,1224.995,1225.778,1227.055,1227.922,1229.777,1232.3,1233.76,1235.098,1235.949,1239.354,1239.963,1242.881,1244.706,1249.814,1250.179,1255.409,1258.571,1262.949,1266.355,1272.436,1275.112,1276.571,1280.706,1283.625,1287.031,1295.788,1000,1000,1000,1000,1000,1000,1000,1251.517,1000,1000,1000,1000,1293.842,1291.166,1291.896,1291.531,1290.801,1287.274,1281.436,1277.544,1000,1000,1000,1000,1000,1000,1000,1000,1000,1000,1000,1000,1000,1000,1000,1264.409,1266.72,1271.949,1274.139,1276.814,1280.706,1283.625,1286.787,1292.139,1300.652,1312.328,1316.22,1322.058,1322.058,1329.356,1331.302,1338.112,1342.977,1356.113,1254.96,1255.188,1255.568,1255.918,1256.716,1256.914,1258.328,1259.666,1261.307,1262.767,1264.895,1266.537,1267.632,1269.76,1272.557,1275.476,1279.125,1283.625,1286.544,1291.896,1295.058,1302.355,1305.761,1307.707,1312.572,1319.626,1325.95,1331.788,1338.599,1344.923,1352.707,1361.464,1366.329,1000,1000,1000,1000,1148.38,1151.299,1152.272,1149.353,1147.407,1143.029,1136.218,1129.407,1125.029,1121.623,1118.218,1114.569,1110.434,1107.758,1104.596,1102.65,1101.677,1099.731,1098.515,1097.542,1096.812,1095.839,1094.623,1094.136,1093.163,1091.947,1091.461,1091.947,1091.461,1092.677,1094.136,1096.326,1098.515,1100.947,1102.65,1104.109,1105.812,1107.758,1109.704,1111.164,1113.839,1116.029,1117.245,1120.164,1124.056,1000,1132.813,1138.65,1137.677,1141.083,1145.461,1145.461,1143.029,1146.434,1149.353,1153.245,1157.137,1162.975,1168.813,1168.813,1000,1000,1000,1000,1451.465,1350.389,1350.541,1000,1351.21,1352.373,1352.175,1352.92,1000,1000,1215.516,1197.759,1182.678,1183.894,1184.381,1185.11,1183.894,1000,1000,1000,1000,1000,1154.948,1161.029,1000,1000,1000,1000,1000,1226.219,1217.462,1218.435,1214.057,1215.516,1226.219,1000,1000,1000,1152.204,1000,1000,1000,1000,1000,1000,1000,1000,1000,1000,1000,1000,1000,1392.425,1000,1000,1159.934,1157.38,1155.678,1154.948,1157.745,1163.462,1000,1000,1000,1000,1000,1000,1000,1462.168,1000,1000,1000,1000,1000,1000,1000,1000,1000,1000,1000,1000,1000,1000,1000,1000,1000,1000,1000,1000,1000,1000,1000,1000,1000,1000,1000,1000,1000,1000,1000,1000,1000,1000,1000,1000,1000,1000,1000,1000,1000,1000,1000,1000,1000,1000,1000,1000,1000,1000,1000,1000,1000,1000,1000,1000,1000,1000,1000,1488.287,1490.78,1492.118,1492.118,1490.932,1489.625,1487.633,1486.569,1570.656,1554.115,1541.953,1523.953,1513.25,1504.979,1490.871,1483.087,1479.803,1474.087,1469.222,1470.56,1466.851,1464.874,1469.222,1475.06,1477.614,1486.128,1495.493,1489.898,1000,1000,1000,1612.129,1607.143,1603.737,1597.96,1598.568,1000,1000,1000,1000,1000,1000,1000,1000,1000,1000,1000,1000,1000,1000,1000,1000,1000,1000,1000,1000,1000,1000,1000,1000,1000,1000,1000,1000,1000,1000,1000,1000,1000,1000,1000,1000,1000,1686.928,1678.171,1670.873,1661.144,1642.17,1629.035,1613.711,1600.089,1588.17,1578.926,1572.176,1568.619,1567.099,1565.951,1565.266,1564.522,1651.9,1624.17,1605.683,1593.278,1581.359,1568.71,1560.075,1549.554,1545.602,1541.223,1539.612,1538.228,1000,1000,1000,1000,1560.683,1549.494,1541.953,1534.534,1530.764,1523.77,1520.608,1517.932,1513.113,1510.49,1509.996,1596.927,1579.413,1569.196,1553.629,1535.872,1522.736,1512.52,1505.588,1502.06,1497.256,1492.695,1489.761,1487.633,1486.569,1567.737,1542.926,1530.277,1519.088,1508.628,1500.115,1494.52,1491.844,1483.939,1476.155,1470.56,1467.337,1462.518,1460.534,1459.705,1555.575,1538.547,1522.98,1515.196,1500.115,1492.817,1486.006,1472.871,1458.884,1453.898,1447.208,1442.1,1439.577,1438.315,1436.164,1525.899,1512.277,1493.79,1483.087,1478.709,1467.763,1456.573,1449.762,1441.37,1433.222,1427.81,1422.093,1418.323,1415.7,1414.682,1508.871,1000,1000,1000,1000,1000,1000,1000,1000,1000,1000,1000,1000,1000,1000,1000,1000,1000,1000,1000,1000,1000,1000,1000,1000,1000,1000,1000,1000,1000
1000,1000,1000,1000,1000,1000,1000,1000,1000,1000,1000,1000,1000,1000,1000,1000,1000,1000,1203.232,1205.422,1207.246,1208.705,1215.273,1217.462,1222.814,1228.408,1234.49,1235.219,1244.706,1251.03,1254.436,1256.868,1265.625,1270.003,1275.841,1285.571,1294.815,1298.707,1192.803,1192.955,1193.153,1193.586,1194.179,1194.354,1195.783,1196.634,1197.577,1197.911,1199.219,1199.644,1200.739,1202.381,1204.813,1207.489,1209.557,1212.841,1214.057,1219.043,1222.814,1226.219,1227.922,1232.787,1233.516,1236.435,1241.3,1247.382,1251.517,1258.328,1249.571,1248.111,1246.652,1253.949,1256.868,1262.22,1270.49,1281.679,1287.517,1295.301,1299.193,1305.517,1305.517,1308.436,1208.257,1208.599,1208.766,1209.427,1210.119,1210.21,1211.351,1212.81,1213.145,1214.604,1215.638,1216.307,1217.219,1218.192,1219.834,1223.057,1224.76,1227.679,1230.354,1230.841,1234.246,1236.922,1240.327,1244.463,1251.517,1253.949,1257.598,1262.22,1268.057,1274.868,1282.652,1293.842,1297.247,1304.058,1305.031,1309.896,1312.815,1322.058,1330.815,1224.015,1224.091,1224.433,1224.6,1224.782,1225.071,1225.991,1226.675,1227.922,1229.412,1231.631,1232.787,1234.854,1235.949,1239.354,1241.422,1244.341,1245.922,1249.814,1250.665,1254.436,1256.382,1260.03,1264.652,1270.003,1272.436,1275.112,1279.247,1281.436,1283.625,1290.923,1000,1000,1000,1000,1000,1000,1000,1254.922,1000,1000,1000,1000,1295.423,1291.896,1291.531,1291.896,1291.896,1288.977,1283.504,1278.639,1000,1000,1000,1000,1000,1000,1000,1000,1000,1000,1000,1000,1000,1000,1000,1263.557,1265.747,1268.057,1270.976,1273.652,1277.787,1277.787,1284.355,1291.409,1299.193,1307.463,1313.788,1320.599,1320.599,1326.437,1329.356,1336.167,1343.95,1358.059,1254.96,1255.264,1255.621,1255.986,1256.29,1256.823,1258.191,1259.209,1260.912,1262.341,1264.166,1265.99,1267.632,1269.76,1272.193,1276.328,1278.274,1283.139,1286.544,1291.896,1295.058,1299.193,1303.571,1307.707,1313.301,1317.68,1325.95,1330.815,1339.572,1344.923,1351.734,1359.518,1366.329,1000,1000,1000,1146.434,1147.407,1151.299,1150.326,1153.245,1147.407,1143.029,1134.272,1127.948,1122.596,1118.704,1115.299,1111.65,1108.488,1105.812,1103.38,1101.677,1100.461,1099.245,1097.542,1096.812,1095.353,1094.136,1093.163,1092.677,1091.461,1090.974,1090.001,1090.001,1090.001,1091.461,1093.65,1095.839,1098.028,1099.731,1101.677,1102.65,1104.109,1105.812,1107.758,1108.488,1111.164,1113.109,1113.839,1116.029,1120.164,1000,1131.353,1136.704,1136.704,1138.65,1144.975,1144.975,1145.461,1148.38,1151.299,1154.218,1159.083,1162.975,1167.84,1166.867,1000,1000,1000,1000,1431.519,1432.492,1441.735,1350.313,1350.465,1351.977,1352.692,1353.68,1000,1000,1208.219,1193.381,1183.894,1185.84,1186.327,1190.948,1197.03,1000,1000,1000,1000,1000,1155.921,1162.245,1159.934,1000,1000,1000,1000,1000,1217.462,1221.354,1217.462,1217.462,1227.192,1000,1000,1000,1000,1152.204,1000,1000,1000,1000,1000,1000,1000,1000,1000,1000,1000,1391.368,1391.839,1000,1000,1000,1158.11,1157.016,1156.286,1159.57,1000,1000,1000,1000,1000,1000,1000,1000,1457.79,1000,1000,1000,1414.72,1000,1000,1000,1000,1000,1000,1000,1000,1000,1000,1000,1000,1000,1000,1000,1000,1000,1000,1000,1000,1000,1000,1000,1000,1000,1000,1000,1000,1000,1000,1000,1000,1000,1000,1000,1000,1000,1000,1000,1000,1000,1000,1000,1000,1000,1000,1000,1000,1000,1000,1000,1000,1000,1000,1000,1000,1490.324,1491.084,1490.78,1489.381,1488.021,1487.04,1577.953,1559.953,1550.223,1540.493,1525.899,1515.439,1503.52,1487.466,1478.344,1473.844,1469.526,1466.425,1468.006,1465.817,1464.509,1468.736,1476.52,1478.344,1486.128,1493.547,1489.898,1000,1000,1000,1607.386,1605.501,1601.062,1596.835,1595.862,1000,1000,1000,1000,1000,1000,1000,1000,1000,1000,1000,1000,1000,1000,1000,1000,1000,1000,1000,1000,1000,1000,1000,1000,1000,1000,1000,1000,1000,1000,1000,1000,1000,1000,1000,1000,1000,1591.651,1681.09,1670.873,1660.171,1644.603,1626.116,1613.711,1599.116,1589.021,1579.899,1572.602,1569.257,1567.737,1566.125,1565.266,1564.484,1645.576,1614.927,1597.413,1587.926,1578.44,1565.305,1557.642,1548.156,1544.507,1541.071,1539.079,1537.787,1000,1000,1588.17,1573.088,1560.683,1551.926,1540.007,1533.682,1527.48,1521.459,1517.689,1516.412,1511.638,1510.186,1608.116,1594.008,1575.521,1565.791,1545.358,1531.493,1518.115,1508.628,1503.398,1499.506,1494.094,1490.78,1488.804,1487.306,1582.818,1573.088,1546.331,1533.682,1520.547,1507.898,1497.682,1492.817,1487.466,1478.709,1473.479,1468.736,1465.634,1462.138,1460.184,1459.477,1547.304,1533.682,1520.547,1513.736,1498.655,1491.358,1480.168,1467.52,1459.736,1452.073,1447.208,1443.317,1439.303,1437.691,1436.24,1530.277,1513.25,1498.169,1479.195,1466.547,1457.06,1450.249,1445.141,1441.857,1435.046,1429.33,1421.668,1418.323,1415.138,1000,1000,1000,1000,1000,1000,1000,1000,1000,1000,1000,1000,1000,1000,1000,1000,1000,1000,1000,1000,1000,1000,1000,1000,1000,1000,1000,1000,1000,1000,1000
1000,1000,1000,1000,1000,1000,1000,1000,1000,1000,1000,1000,1000,1000,1000,1000,1000,1000,1000,1202.381,1205.057,1209.678,1214.786,1218.678,1224.76,1229.868,1234.49,1238.868,1245.679,1250.057,1253.463,1257.355,1261.733,1268.057,1274.868,1282.652,1290.436,1296.76,1192.689,1192.803,1193.031,1193.404,1193.86,1193.791,1194.856,1195.54,1196.193,1196.786,1198.276,1199.219,1200.253,1202.138,1204.813,1206.577,1208.462,1212.111,1214.057,1219.53,1224.273,1228.408,1229.625,1232.787,1232.3,1235.219,1240.084,1245.436,1251.03,1259.301,1252.976,1249.571,1248.111,1255.895,1258.328,1263.193,1270.49,1280.706,1285.571,1292.382,1296.274,1301.139,1303.085,1307.463,1315.247,1208.523,1208.812,1209.215,1209.838,1210.119,1211.107,1211.898,1212.658,1213.661,1215.212,1215.395,1216.307,1216.976,1218.496,1220.928,1223.422,1226.949,1229.625,1231.206,1233.76,1236.922,1239.841,1243.976,1249.571,1253.219,1256.868,1261.49,1268.057,1273.895,1280.22,1290.436,1293.842,1300.166,1301.139,1306.977,1308.923,1319.626,1324.977,1223.787,1223.901,1224.167,1224.243,1224.486,1224.995,1225.687,1226.675,1228.074,1229.594,1231.206,1233.03,1234.55,1235.402,1238.625,1241.057,1243.246,1246.409,1250.665,1251.638,1254.436,1256.868,1258.571,1262.949,1267.571,1273.166,1275.841,1279.977,1280.706,1284.112,1287.031,1299.68,1000,1000,1000,1000,1310.382,1000,1000,1248.354,1000,1000,1000,1298.463,1291.896,1292.26,1292.625,1294.571,1291.896,1285.754,1280.281,1000,1000,1000,1000,1000,1000,1000,1000,1000,1000,1000,1000,1000,1000,1000,1265.747,1267.571,1268.057,1271.463,1273.652,1277.301,1280.22,1285.085,1289.463,1295.544,1306.49,1312.815,1319.626,1320.599,1326.437,1330.328,1338.112,1345.896,1358.059,1254.998,1255.264,1255.621,1256.062,1256.45,1257.02,1258.191,1258.905,1260.365,1261.916,1263.436,1265.199,1266.537,1269.76,1272.922,1276.693,1279.125,1284.112,1286.058,1290.679,1294.085,1298.707,1304.301,1308.193,1311.112,1316.707,1323.518,1329.356,1337.626,1345.896,1352.707,1357.572,1364.383,1000,1000,1000,1145.461,1146.434,1149.353,1148.38,1150.326,1147.407,1142.056,1133.786,1125.029,1118.704,1114.569,1111.164,1109.218,1106.542,1104.596,1102.163,1100.947,1099.245,1098.028,1095.839,1094.623,1093.163,1092.677,1090.974,1090.974,1090.001,1090.001,1089.515,1090.001,1090.001,1091.461,1093.65,1095.353,1096.812,1098.515,1099.731,1100.947,1102.65,1104.109,1105.812,1107.028,1109.218,1110.434,1111.65,1114.569,1118.704,1123.083,1130.38,1136.704,1133.786,1138.65,1136.704,1140.596,1144.002,1148.38,1146.434,1152.272,1155.191,1157.137,1158.11,1158.11,1000,1000,1000,1000,1428.6,1433.465,1435.411,1452.438,1350.275,1351.339,1352.266,1354.41,1000,1000,1211.138,1190.219,1180.975,1181.462,1182.678,1185.11,1195.57,1000,1000,1000,1000,1000,1154.34,1158.475,1000,1000,1000,1000,1000,1000,1213.084,1215.516,1215.03,1215.03,1224.273,1000,1000,1000,1000,1000,1244.706,1000,1000,1000,1000,1000,1000,1000,1000,1000,1000,1391.216,1000,1000,1000,1159.934,1157.745,1155.921,1156.286,1158.84,1000,1000,1000,1000,1000,1000,1000,1000,1000,1000,1000,1000,1000,1000,1000,1415.776,1000,1000,1000,1000,1000,1000,1000,1000,1000,1000,1000,1000,1000,1000,1000,1000,1000,1000,1000,1000,1000,1000,1000,1000,1000,1000,1000,1000,1000,1000,1000,1000,1000,1000,1000,1000,1000,1000,1000,1000,1000,1000,1000,1000,1000,1000,1000,1000,1000,1000,1000,1000,1000,1489.503,1490.628,1490.932,1490.172,1487.937,1487.139,1575.034,1551.196,1532.709,1529.791,1513.979,1505.466,1000,1000,1471.411,1467.52,1464.692,1463.232,1465.057,1464.874,1464.357,1467.763,1473.844,1474.087,1478.709,1484.79,1484.79,1000,1000,1000,1603.433,1601.062,1597.383,1594.981,1595.406,1000,1000,1000,1000,1000,1000,1000,1000,1000,1000,1000,1000,1000,1000,1000,1000,1000,1000,1000,1000,1000,1000,1000,1000,1000,1000,1000,1000,1000,1000,1000,1000,1000,1000,1000,1000,1000,1591.575,1680.117,1671.846,1652.387,1639.738,1621.981,1608.602,1594.981,1588.17,1578.561,1572.845,1569.957,1567.874,1565.951,1565.084,1653.846,1631.954,1607.629,1594.008,1585.251,1579.656,1569.196,1560.926,1550.71,1545.845,1540.919,1539.079,1537.506,1000,1603.737,1585.251,1571.142,1562.629,1553.629,1541.953,1537.21,1528.939,1523.466,1519.331,1516.655,1511.464,1510.034,1597.9,1585.251,1567.737,1556.061,1539.764,1529.791,1518.601,1509.844,1507.412,1502.06,1497.013,1492.483,1489.898,1487.489,1581.845,1563.845,1542.926,1533.682,1522.007,1508.628,1501.331,1496.223,1490.385,1481.02,1477.979,1471.107,1467.337,1462.381,1460.313,1459.363,1546.331,1532.709,1522.493,1512.763,1494.277,1488.682,1000,1000,1457.668,1452.073,1446.661,1443.317,1439.029,1438.102,1436.354,1525.899,1509.358,1492.817,1472.141,1462.655,1451.952,1444.168,1439.546,1435.046,1429.695,1425.803,1421.303,1417.897,1000,1000,1000,1000,1000,1000,1000,1000,1000,1000,1000,1000,1000,1000,1000,1000,1000,1000,1000,1000,1000,1000,1000,1000,1000,1000,1000,1000,1000,1000,1000,1000
1000,1000,1000,1000,1000,1000,1000,1000,1000,1000,1000,1000,1000,1000,1000,1000,1000,1000,1000,1201.165,1205.057,1209.678,1216.003,1218.678,1226.462,1229.868,1232.3,1237.408,1243.246,1242.273,1248.598,1253.463,1255.895,1262.706,1271.949,1277.787,1287.517,1294.815,1192.651,1192.765,1192.917,1193.153,1193.525,1193.35,1194.27,1194.856,1195.783,1196.634,1199.036,1199.462,1200.739,1202.138,1204.813,1205.361,1207.246,1210.651,1212.111,1216.854,1222.327,1225.246,1226.949,1230.598,1230.598,1231.814,1236.435,1240.084,1248.111,1251.03,1251.517,1246.652,1249.571,1253.949,1259.301,1263.193,1271.949,1279.733,1284.598,1291.409,1296.274,1300.166,1305.517,1309.409,1316.22,1208.523,1208.865,1209.215,1209.838,1210.119,1210.986,1211.488,1212.05,1213.145,1214.786,1215.212,1216.733,1218.192,1219.834,1222.449,1224.395,1227.679,1229.989,1231.206,1233.273,1236.071,1238.381,1242.517,1248.354,1252.49,1258.328,1262.949,1269.517,1276.328,1282.652,1289.463,1292.869,1301.139,1301.139,1306.004,1309.896,1318.653,1319.626,1325.95,1331.788,1223.977,1224.129,1224.6,1225.155,1225.885,1226.432,1227.618,1228.712,1229.989,1231.875,1234.854,1235.949,1239.354,1241.422,1244.341,1247.138,1250.665,1251.638,1254.436,1256.382,1259.057,1264.652,1270.733,1279.247,1281.436,1286.544,1287.031,1290.923,1290.436,1302.112,1000,1000,1000,1316.22,1000,1000,1000,1252.672,1000,1000,1000,1302.599,1295.788,1294.206,1293.355,1294.571,1292.26,1284.598,1000,1000,1000,1000,1000,1000,1000,1000,1000,1000,1000,1000,1000,1000,1000,1000,1265.747,1265.382,1267.571,1270.976,1270.976,1275.112,1278.517,1284.355,1289.463,1294.085,1304.058,1309.896,1316.22,1319.626,1325.95,1329.356,1339.085,1346.869,1358.059,1254.96,1255.264,1255.469,1255.986,1256.366,1257.02,1257.811,1259.057,1260.03,1261.733,1263.436,1265.199,1266.78,1270.125,1273.287,1276.693,1279.125,1283.139,1285.571,1289.706,1291.166,1295.788,1299.923,1304.301,1308.923,1316.22,1322.058,1326.923,1336.167,1342.977,1349.788,1356.599,1369.734,1000,1000,1000,1147.407,1144.002,1148.38,1148.38,1149.353,1146.434,1142.056,1130.38,1123.083,1116.758,1112.38,1108.488,1106.542,1104.109,1102.163,1099.731,1098.515,1096.812,1096.326,1094.623,1093.65,1092.677,1091.461,1090.488,1090.001,1089.028,1089.028,1088.542,1089.028,1089.515,1090.488,1092.677,1094.136,1095.353,1096.812,1098.028,1099.245,1100.947,1102.65,1104.596,1105.812,1107.758,1108.488,1110.434,1113.109,1117.245,1121.137,1130.38,1138.65,1140.596,1146.434,1144.975,1145.461,1144.975,1148.38,1145.461,1149.353,1153.245,1155.191,1156.164,1153.245,1000,1000,1000,1000,1434.438,1434.438,1446.6,1350.503,1350.655,1351.483,1352.479,1352.798,1350.921,1000,1216.003,1192.894,1180.246,1180.246,1181.462,1184.381,1194.111,1000,1000,1000,1000,1000,1000,1159.205,1000,1000,1000,1000,1000,1000,1211.138,1217.462,1217.462,1218.435,1229.138,1000,1000,1000,1000,1000,1000,1000,1000,1000,1000,1000,1000,1000,1000,1000,1000,1000,1000,1000,1000,1159.57,1154.948,1153.124,1152.82,1154.948,1000,1000,1000,1000,1000,1000,1000,1000,1000,1000,1000,1000,1512.763,1414.758,1000,1415.138,1000,1000,1000,1000,1000,1000,1000,1000,1000,1000,1000,1000,1000,1000,1000,1000,1000,1000,1000,1000,1000,1000,1000,1000,1000,1000,1000,1000,1000,1000,1000,1000,1000,1000,1000,1000,1000,1000,1000,1000,1000,1000,1000,1000,1000,1000,1000,1000,1000,1000,1000,1000,1000,1000,1489.761,1490.78,1489.761,1487.861,1000,1000,1000,1000,1000,1000,1000,1000,1000,1465.057,1462.138,1462.016,1461.347,1463.384,1464.175,1464.175,1466.668,1472.567,1471.411,1476.52,1482.236,1485.641,1000,1000,1000,1604.589,1602.339,1598.386,1596.318,1000,1000,1000,1000,1000,1000,1000,1000,1000,1000,1000,1000,1000,1000,1000,1000,1000,1000,1000,1000,1000,1000,1000,1000,1000,1000,1000,1000,1000,1000,1000,1000,1000,1000,1000,1000,1000,1000,1688.874,1681.09,1672.819,1650.927,1644.603,1624.657,1612.494,1596.927,1590.724,1579.899,1574.305,1569.075,1567.22,1565.472,1564.712,1647.522,1630.008,1605.683,1592.548,1580.386,1574.548,1564.453,1556.548,1548.399,1544.689,1540.63,1538.707,1537.392,1625.63,1605.683,1587.683,1571.629,1563.845,1556.061,1541.466,1535.385,1528.209,1521.459,1516.838,1514.588,1511.053,1611.035,1592.062,1578.44,1563.359,1551.196,1535.872,1525.655,1518.115,1509.479,1505.223,1499.81,1494.763,1490.628,1488.697,1487.139,1577.953,1561.899,1542.926,1534.656,1519.088,1507.412,1499.385,1494.52,1487.101,1479.439,1476.885,1471.959,1468.006,1463.08,1460.389,1459.325,1538.547,1520.547,1513.736,1509.358,1488.682,1484.06,1000,1000,1453.898,1450.735,1446.175,1443.742,1439.166,1437.798,1436.354,1528.331,1510.331,1494.763,1469.952,1459.492,1450.249,1440.033,1437.843,1433.952,1000,1425.012,1422.336,1000,1000,1000,1000,1000,1000,1000,1000,1000,1000,1000,1000,1000,1000,1000,1000,1000,1000,1000,1000,1000,1000,1000,1000,1000,1000,1000,1000,1000,1000,1000,1000,1000
1000,1000,1000,1000,1000,1000,1000,1000,1000,1000,1000,1000,1000,1000,1000,1000,1000,1000,1000,1000,1204.084,1205.057,1209.192,1213.814,1220.381,1226.462,1233.03,1238.868,1244.706,1243.246,1246.165,1247.625,1250.057,1256.868,1270.003,1274.868,1287.517,1295.788,1192.689,1302.599,1192.841,1193.031,1193.35,1193.297,1194.27,1194.856,1195.54,1196.786,1198.641,1199.219,1200.496,1202.138,1203.962,1205.117,1207.489,1211.381,1212.841,1217.341,1222.327,1224.76,1226.949,1229.625,1230.111,1231.814,1234.733,1239.598,1248.111,1254.436,1255.895,1252.49,1251.03,1252.976,1259.787,1263.193,1269.517,1276.328,1280.706,1285.571,1291.409,1298.22,1306.49,1312.328,1208.219,1208.599,1208.812,1209.032,1209.504,1209.747,1210.423,1211.229,1211.898,1212.962,1214.786,1215.03,1216.489,1217.949,1219.834,1222.145,1225.125,1228.043,1231.206,1232.908,1234.246,1236.435,1237.408,1239.841,1246.165,1250.787,1256.382,1262.22,1268.057,1272.922,1278.76,1285.085,1289.463,1296.274,1300.166,1306.977,1312.815,1319.626,1322.058,1326.923,1223.787,1224.091,1224.243,1224.661,1225.231,1225.991,1226.554,1227.618,1228.53,1229.412,1231.388,1233.516,1235.098,1238.381,1239.963,1243.611,1246.409,1249.814,1251.638,1255.409,1256.868,1260.03,1265.139,1271.22,1275.841,1279.977,1283.625,1286.544,1288.004,1287.031,1299.68,1000,1000,1000,1000,1000,1000,1264.044,1256.26,1000,1000,1000,1000,1300.288,1296.274,1294.571,1295.423,1293.355,1286.058,1000,1000,1000,1000,1000,1000,1000,1000,1000,1000,1000,1000,1000,1000,1000,1000,1264.409,1266.233,1268.057,1269.517,1271.949,1275.598,1281.436,1284.355,1288.004,1294.815,1302.112,1309.896,1314.761,1317.68,1324.977,1328.383,1336.167,1343.95,1359.032,1254.922,1255.34,1255.621,1256.207,1256.45,1257.02,1257.689,1258.601,1259.513,1261.125,1262.767,1265.443,1267.389,1270.125,1272.557,1275.841,1278.76,1280.463,1284.112,1286.544,1291.896,1294.571,1299.923,1305.761,1311.842,1316.22,1321.572,1326.923,1335.193,1341.518,1349.788,1355.626,1364.383,1000,1000,1000,1146.434,1147.407,1150.326,1146.434,1148.38,1144.975,1142.056,1130.38,1124.056,1114.569,1109.704,1106.542,1104.596,1101.677,1099.731,1098.028,1096.326,1095.353,1094.623,1093.163,1091.947,1090.974,1090.001,1089.028,1088.542,1088.542,1088.542,1088.055,1088.542,1089.515,1090.488,1091.947,1094.136,1095.353,1096.326,1097.542,1097.542,1099.731,1101.677,1103.38,1104.109,1106.542,1106.542,1108.488,1110.434,1114.569,1120.164,1129.407,1136.704,1139.623,1144.002,1148.38,1149.353,1149.353,1152.272,1152.272,1153.245,1158.11,1159.083,1162.975,1000,1000,1000,1000,1417.897,1428.6,1429.573,1438.33,1350.313,1452.438,1350.776,1351.21,1351.271,1000,1000,1213.084,1193.381,1182.192,1181.462,1183.408,1188.273,1193.381,1000,1000,1000,1000,1000,1000,1000,1000,1000,1000,1000,1000,1212.111,1214.057,1219.408,1220.381,1220.381,1228.165,1000,1000,1000,1152.485,1152.052,1237.895,1209.678,1206.759,1000,1000,1000,1000,1000,1000,1000,1000,1000,1000,1000,1000,1161.516,1157.016,1154.948,1156.286,1157.38,1000,1000,1000,1000,1000,1000,1000,1000,1000,1000,1000,1000,1486.979,1000,1000,1000,1000,1000,1000,1000,1000,1000,1000,1000,1000,1000,1000,1000,1000,1000,1000,1000,1000,1000,1000,1000,1000,1000,1000,1000,1000,1000,1000,1000,1000,1000,1000,1000,1000,1000,1000,1000,1000,1000,1000,1000,1000,1000,1000,1000,1000,1000,1000,1000,1000,1000,1000,1000,1000,1000,1000,1000,1000,1000,1000,1000,1000,1000,1000,1000,1000,1000,1000,1000,1460.534,1461.043,1461.56,1462.928,1463.992,1464.874,1466.851,1472.263,1472.263,1477.614,1482.236,1487.952,1000,1000,1000,1603.737,1600.089,1597.383,1596.014,1000,1000,1000,1000,1000,1000,1000,1000,1000,1000,1000,1000,1000,1000,1000,1000,1000,1000,1000,1000,1000,1000,1000,1000,1000,1000,1000,1000,1000,1000,1000,1000,1000,1000,1000,1000,1000,1000,1000,1688.874,1673.792,1649.954,1648.008,1627.089,1612.494,1598.629,1589.021,1576.494,1571.933,1567.342,1565.951,1564.833,1656.765,1629.035,1614.927,1598.386,1586.467,1577.953,1574.061,1564.453,1553.994,1546.818,1543.899,1540.357,1538.228,1537.354,1620.278,1595.467,1576.494,1568.224,1557.277,1554.845,1540.493,1534.047,1525.412,1520.912,1516.23,1514.132,1510.909,1611.035,1587.197,1576.494,1559.467,1545.358,1530.277,1521.277,1513.371,1507.047,1502.06,1498.959,1494.094,1490.035,1488.591,1487.192,1580.872,1564.818,1546.331,1532.223,1516.898,1504.979,1497.196,1491.844,1485.641,1479.803,1477.979,1473.844,1468.736,1463.384,1460.534,1560.44,1527.845,1514.223,1506.925,1499.141,1484.06,1481.628,1000,1000,1457.668,1453.898,1448.06,1445.384,1441.006,1438.315,1436.445,1529.304,1506.439,1489.898,1467.276,1457.06,1448.06,1440.519,1439.546,1434.316,1430.06,1426.958,1423.249,1000,1000,1000,1000,1000,1000,1000,1000,1000,1000,1000,1000,1000,1000,1000,1000,1000,1000,1000,1000,1000,1000,1000,1000,1000,1000,1000,1000,1000,1000,1000,1000,1000
1000,1000,1000,1000,1000,1000,1000,1000,1000,1000,1000,1000,1000,1000,1000,1000,1000,1000,1000,1000,1204.084,1206.881,1208.705,1216.489,1221.597,1227.679,1233.76,1240.814,1243.246,1245.679,1249.571,1252.003,1252.49,1261.247,1270.976,1274.868,1286.544,1296.76,1303.571,1192.651,1192.917,1193.153,1193.464,1193.525,1194.354,1195.068,1195.783,1197.242,1198.641,1199.462,1200.496,1201.895,1203.172,1205.117,1206.577,1210.286,1212.476,1216.003,1218.678,1220.868,1223.3,1226.219,1227.435,1231.084,1235.219,1238.868,1244.706,1252.976,1254.436,1250.301,1248.841,1252.976,1256.868,1260.76,1266.111,1271.949,1276.328,1281.679,1287.517,1295.301,1304.058,1310.382,1317.193,1208.485,1208.721,1208.971,1209.215,1209.587,1210.119,1210.743,1211.229,1212.506,1214.026,1215.212,1216.489,1218.739,1220.928,1223.422,1225.854,1228.773,1232.422,1233.76,1234.611,1237.895,1239.354,1240.327,1246.165,1250.301,1253.949,1258.328,1262.949,1268.544,1272.436,1278.76,1284.112,1293.842,1299.193,1308.923,1313.788,1322.058,1321.085,1324.004,1329.842,1224.015,1224.205,1224.661,1225.231,1225.991,1226.432,1227.466,1228.378,1229.412,1231.388,1233.76,1235.645,1238.625,1240.692,1243.246,1246.409,1249.328,1250.179,1252.49,1253.463,1255.409,1259.544,1265.868,1273.166,1277.787,1282.166,1285.085,1287.031,1285.571,1000,1000,1000,1000,1000,1000,1000,1000,1000,1000,1000,1000,1000,1300.652,1295.423,1293.355,1292.625,1290.801,1000,1000,1000,1000,1000,1000,1000,1000,1000,1000,1000,1000,1000,1000,1000,1000,1000,1267.571,1267.206,1267.571,1269.517,1271.463,1274.139,1279.004,1283.625,1290.193,1292.625,1302.112,1305.031,1312.815,1314.761,1324.004,1328.383,1336.167,1345.896,1357.086,1254.96,1255.302,1255.469,1255.986,1256.29,1256.914,1257.568,1258.464,1259.513,1261.733,1262.524,1265.199,1267.936,1269.517,1271.828,1274.747,1277.544,1279.977,1282.774,1286.058,1289.22,1292.869,1298.22,1305.031,1309.653,1314.761,1319.139,1325.464,1330.815,1337.139,1342.977,1351.734,1000,1000,1000,1000,1144.002,1145.461,1147.407,1144.975,1144.002,1140.596,1136.704,1127.948,1120.164,1111.65,1109.218,1104.109,1101.677,1098.515,1098.028,1096.326,1095.353,1093.65,1093.65,1091.947,1090.974,1090.974,1090.001,1088.542,1088.055,1087.569,1087.082,1086.596,1087.082,1088.542,1089.515,1091.461,1093.163,1094.136,1094.623,1096.326,1096.326,1098.515,1100.461,1102.163,1102.65,1105.326,1105.326,1107.758,1109.704,1114.569,1122.596,1132.813,1139.623,1143.029,1149.353,1147.407,1151.299,1154.218,1160.056,1158.11,1160.056,1162.975,1163.948,1163.948,1000,1000,1000,1000,1412.546,1420.816,1423.735,1437.357,1453.411,1000,1350.617,1350.921,1351.088,1350.275,1000,1215.516,1192.165,1183.894,1181.462,1183.894,1188.759,1000,1000,1000,1000,1000,1000,1000,1000,1000,1000,1000,1000,1000,1209.678,1212.111,1214.057,1216.489,1216.489,1225.246,1000,1000,1000,1152.052,1263.679,1225.733,1205.786,1202.867,1000,1000,1000,1000,1000,1000,1000,1000,1000,1000,1000,1000,1162.732,1159.934,1156.651,1158.475,1159.934,1000,1000,1000,1000,1000,1000,1000,1000,1445.141,1455.357,1453.898,1458.276,1461.682,1485.033,1000,1414.53,1000,1000,1000,1000,1000,1000,1000,1000,1000,1000,1000,1000,1000,1000,1000,1000,1000,1000,1000,1000,1000,1000,1000,1000,1000,1000,1000,1000,1000,1000,1000,1000,1000,1000,1000,1000,1000,1000,1000,1000,1000,1000,1000,1000,1000,1000,1000,1000,1000,1000,1000,1000,1000,1000,1000,1000,1000,1000,1000,1000,1000,1000,1000,1000,1000,1000,1000,1559.467,1558.494,1459.667,1460.777,1461.894,1463.992,1464.874,1468.006,1472.567,1473.175,1478.709,1000,1000,1000,1000,1000,1607.386,1599.42,1596.683,1594.707,1000,1000,1000,1000,1000,1000,1000,1000,1000,1000,1000,1000,1000,1000,1000,1000,1000,1000,1000,1000,1000,1000,1000,1000,1000,1000,1000,1000,1000,1000,1000,1000,1000,1000,1000,1000,1000,1000,1684.009,1675.738,1663.09,1641.197,1642.657,1621.981,1607.629,1595.467,1587.318,1576.494,1571.751,1567.342,1565.7,1564.712,1652.873,1629.035,1613.954,1605.197,1592.548,1582.089,1575.034,1567.25,1551.683,1545.602,1542.896,1539.976,1538.084,1537.316,1623.684,1596.44,1576.494,1567.494,1558.494,1551.196,1540.007,1532.831,1523.77,1519.574,1516.047,1513.387,1510.909,1509.958,1584.278,1573.575,1559.953,1546.331,1533.439,1526.142,1516.169,1508.628,1502.669,1499.81,1495.736,1491.236,1489.138,1487.633,1486.531,1566.764,1546.331,1530.277,1511.304,1500.115,1494.033,1487.466,1480.655,1476.52,1475.425,1471.107,1466.851,1463.08,1460.868,1459.363,1531.737,1520.547,1513.736,1502.547,1485.276,1480.898,1465.087,1000,1454.992,1452.073,1446.418,1445.141,1440.033,1437.889,1436.445,1537.088,1513.25,1494.763,1470.682,1460.709,1450.249,1440.884,1439.181,1435.046,1429.087,1425.012,1000,1000,1000,1000,1000,1000,1000,1000,1000,1000,1000,1000,1000,1000,1000,1000,1000,1000,1000,1000,1000,1000,1000,1000,1000,1000,1000,1000,1000,1000,1000,1000,1000,1000
1000,1000,1000,1000,1000,1000,1000,1000,1000,1000,1000,1000,1000,1000,1000,1000,1000,1000,1000,1000,1000,1205.908,1209.192,1215.273,1219.165,1224.76,1229.868,1236.679,1238.868,1241.787,1247.138,1252.49,1252.49,1264.652,1274.868,1280.706,1289.463,1297.734,1302.599,1303.571,1192.727,1192.993,1193.35,1193.647,1194.27,1194.962,1195.54,1197.09,1197.911,1198.276,1199.644,1200.922,1202.381,1204.813,1208.219,1211.746,1214.786,1216.489,1218.678,1221.354,1223.3,1226.219,1230.111,1234.733,1237.652,1241.3,1243.976,1248.841,1249.571,1247.382,1247.382,1252.976,1257.355,1259.787,1265.625,1270.976,1273.895,1279.247,1281.679,1290.436,1301.139,1310.382,1314.274,1208.447,1208.675,1208.812,1208.918,1209.283,1209.747,1210.53,1211.351,1212.81,1214.786,1216.064,1216.733,1218.983,1221.537,1223.787,1226.219,1229.138,1232.422,1232.908,1234.611,1236.922,1239.354,1240.327,1245.192,1249.571,1253.219,1257.598,1262.949,1267.084,1270.003,1275.355,1281.193,1287.517,1293.842,1303.085,1307.95,1314.761,1316.707,1323.031,1329.842,1223.901,1224.129,1224.6,1225.071,1225.581,1226.554,1227.329,1228.226,1229.229,1230.962,1232.3,1233.76,1235.949,1237.104,1239.598,1242.881,1246.409,1247.625,1251.152,1252.976,1255.409,1258.571,1265.868,1272.436,1277.058,1281.436,1287.031,1288.004,1288.004,1000,1000,1000,1000,1000,1000,1283.139,1000,1260.76,1252.672,1000,1000,1000,1305.517,1297.49,1294.206,1292.625,1290.071,1000,1000,1000,1000,1000,1000,1000,1000,1000,1000,1000,1000,1000,1000,1000,1000,1000,1265.747,1265.747,1266.72,1270.003,1271.949,1274.139,1281.436,1285.571,1290.193,1296.274,1301.139,1309.896,1311.355,1319.626,1323.031,1328.383,1333.248,1341.031,1354.167,1361.951,1255.226,1255.424,1255.796,1256.366,1257.02,1257.689,1258.601,1259.848,1260.73,1263.01,1265.99,1267.389,1269.517,1271.098,1273.652,1276.328,1278.274,1282.287,1283.139,1288.49,1291.896,1299.193,1303.085,1308.193,1313.788,1317.68,1323.518,1330.328,1336.167,1342.004,1351.734,1000,1000,1000,1000,1144.002,1145.461,1146.434,1144.975,1143.029,1139.623,1135.245,1126.975,1118.704,1111.164,1104.596,1101.677,1099.245,1096.326,1095.839,1094.623,1093.163,1091.947,1091.947,1090.974,1090.001,1090.001,1089.515,1088.542,1087.569,1086.596,1085.744,1085.744,1086.231,1087.082,1088.055,1090.488,1091.947,1093.163,1094.623,1095.839,1095.839,1097.542,1098.515,1099.731,1100.947,1103.38,1104.109,1106.542,1109.704,1114.569,1122.596,1131.839,1140.596,1145.461,1155.191,1154.218,1155.191,1154.218,1155.191,1154.218,1155.191,1158.11,1162.002,1165.894,1000,1000,1000,1000,1412.546,1422.762,1430.546,1441.735,1350.541,1350.465,1350.921,1351.339,1351.339,1000,1000,1000,1192.894,1181.462,1179.273,1182.192,1188.759,1198.975,1000,1000,1000,1000,1000,1000,1000,1000,1000,1000,1000,1000,1207.732,1208.705,1209.678,1210.651,1212.111,1219.408,1000,1000,1000,1152.721,1152.09,1232.057,1203.354,1197.03,1000,1000,1000,1000,1000,1000,1000,1000,1000,1000,1000,1164.313,1161.029,1158.11,1155.678,1157.016,1158.11,1000,1000,1000,1000,1000,1000,1000,1438.087,1445.871,1459.736,1458.276,1463.141,1464.601,1000,1504.979,1515.682,1414.994,1415.776,1000,1000,1000,1000,1000,1000,1000,1000,1000,1000,1000,1000,1000,1000,1000,1000,1000,1000,1000,1000,1000,1000,1000,1000,1000,1000,1000,1000,1000,1000,1000,1000,1000,1000,1000,1000,1000,1000,1000,1000,1000,1000,1000,1000,1000,1000,1000,1000,1000,1000,1000,1508.385,1000,1000,1000,1000,1000,1000,1000,1000,1000,1000,1000,1000,1000,1542.439,1548.764,1459.477,1460.313,1461.241,1463.384,1465.057,1467.337,1471.411,1474.452,1477.249,1483.939,1000,1000,1000,1000,1000,1598.386,1596.014,1593.992,1000,1000,1000,1000,1000,1000,1000,1000,1000,1000,1000,1000,1000,1000,1000,1000,1000,1000,1000,1000,1000,1000,1000,1000,1000,1000,1000,1000,1000,1000,1000,1000,1000,1000,1000,1000,1000,1000,1673.792,1667.954,1649.954,1632.927,1632.441,1619.792,1604.467,1594.494,1586.953,1576.798,1570.717,1566.536,1565.031,1661.63,1639.738,1621.738,1614.927,1608.116,1598.873,1586.467,1577.953,1568.224,1553.994,1546.331,1544.264,1539.733,1538.152,1537.278,1620.278,1591.089,1580.386,1568.224,1558.007,1548.277,1000,1000,1000,1519.088,1516.838,1512.976,1511.372,1510.224,1589.143,1574.548,1564.818,1547.791,1538.547,1529.791,1519.574,1510.331,1503.398,1500.723,1497.804,1492.3,1490.035,1487.937,1486.569,1563.845,1543.899,1529.791,1511.304,1501.331,1491.844,1487.101,1479.803,1476.52,1474.087,1470.013,1465.817,1462.381,1460.777,1459.363,1537.574,1522.493,1514.223,1500.115,1484.547,1479.682,1000,1000,1000,1000,1443.985,1443.742,1439.44,1437.517,1436.202,1536.115,1514.223,1492.817,1474.33,1469.222,1455.357,1443.681,1440.519,1434.681,1427.201,1422.762,1421.059,1000,1000,1000,1000,1000,1000,1000,1000,1000,1000,1000,1000,1000,1000,1000,1000,1000,1000,1000,1000,1000,1000,1000,1000,1000,1000,1000,1000,1000,1000,1000,1000,1000
1000,1000,1000,1000,1000,1000,1000,1000,1000,1000,1000,1000,1000,1000,1000,1000,1000,1000,1000,1000,1000,1203.719,1206.881,1212.597,1214.786,1218.192,1227.679,1234.49,1238.868,1243.246,1247.625,1249.571,1249.571,1255.895,1265.625,1273.895,1283.625,1292.869,1297.734,1302.599,1192.765,1192.955,1193.107,1193.404,1193.715,1193.936,1194.27,1196.33,1197.242,1197.577,1199.462,1200.739,1201.895,1204.266,1207.489,1210.286,1214.057,1215.273,1216.854,1220.016,1222.327,1224.76,1228.895,1234.003,1237.652,1243.49,1242.76,1245.436,1245.436,1243.976,1243.976,1250.301,1254.436,1258.328,1263.679,1268.544,1271.949,1279.247,1283.625,1293.355,1301.139,1310.382,1314.274,1208.295,1208.447,1208.721,1208.918,1209.154,1209.747,1210.53,1210.986,1212.658,1214.786,1216.307,1216.976,1218.983,1221.233,1223.422,1225.125,1228.043,1230.354,1231.206,1232.422,1235.098,1238.381,1240.327,1243.49,1248.354,1251.517,1255.652,1261.003,1266.598,1270.003,1275.355,1279.247,1284.112,1291.896,1300.166,1308.923,1316.707,1321.085,1326.923,1331.788,1223.939,1224.129,1224.661,1225.071,1225.778,1226.432,1227.466,1228.074,1229.229,1230.78,1232.543,1233.76,1236.253,1237.104,1240.327,1243.246,1245.922,1246.409,1250.665,1251.638,1255.409,1260.03,1267.084,1273.895,1277.058,1279.977,1285.085,1285.085,1000,1000,1000,1000,1000,1000,1000,1000,1000,1262.706,1253.28,1000,1000,1000,1000,1300.288,1294.571,1290.801,1000,1000,1000,1000,1000,1000,1000,1000,1000,1000,1000,1000,1000,1000,1000,1000,1000,1000,1264.409,1264.409,1266.72,1269.031,1270.976,1274.625,1280.22,1283.625,1292.139,1296.274,1305.031,1312.328,1314.761,1317.68,1324.004,1328.383,1334.22,1343.95,1352.221,1361.951,1255.074,1255.226,1255.515,1256.062,1256.716,1257.568,1258.601,1260.03,1261.49,1263.193,1265.199,1267.389,1268.544,1270.125,1272.922,1275.841,1277.544,1281.314,1285.085,1286.544,1291.896,1297.49,1303.085,1306.977,1314.761,1318.166,1323.518,1330.815,1336.167,1343.95,1356.599,1000,1000,1000,1000,1140.596,1144.002,1145.461,1144.002,1140.596,1138.65,1133.786,1126.488,1120.164,1111.164,1105.812,1100.947,1098.028,1094.623,1094.136,1093.163,1091.947,1091.461,1090.974,1090.488,1090.001,1090.001,1089.515,1088.542,1087.082,1085.258,1083.92,1083.433,1083.92,1085.258,1086.596,1089.515,1090.974,1092.677,1093.65,1094.623,1095.353,1095.839,1096.812,1098.028,1099.731,1101.677,1103.38,1105.812,1108.488,1114.569,1121.137,1130.38,1144.002,1147.407,1154.218,1154.218,1156.164,1156.164,1157.137,1159.083,1158.11,1162.002,1164.921,1000,1000,1000,1000,1000,1422.762,1429.573,1432.492,1445.627,1350.579,1000,1350.579,1350.974,1350.465,1000,1000,1000,1190.219,1181.462,1181.462,1183.408,1190.219,1198.489,1000,1000,1000,1000,1000,1000,1000,1000,1000,1000,1000,1000,1209.678,1207.732,1209.678,1210.651,1212.111,1221.354,1000,1000,1000,1152.781,1152.242,1242.76,1208.705,1198.975,1000,1000,1000,1000,1000,1000,1000,1000,1000,1000,1000,1164.313,1161.88,1158.84,1157.38,1158.11,1161.029,1000,1000,1000,1000,1000,1000,1000,1000,1445.871,1462.168,1464.601,1471.411,1477.736,1510.817,1515.682,1414.834,1415.244,1000,1000,1000,1000,1000,1000,1000,1000,1000,1000,1000,1000,1000,1000,1000,1000,1000,1000,1000,1000,1000,1000,1000,1000,1000,1000,1000,1000,1000,1000,1000,1000,1000,1000,1000,1000,1000,1000,1000,1000,1000,1000,1000,1000,1000,1000,1000,1465.33,1469.952,1477.736,1495.736,1512.277,1524.926,1435.897,1436.399,1437.106,1438.421,1442.283,1447.756,1000,1000,1000,1000,1496.223,1504.006,1510.331,1523.953,1529.791,1557.521,1459.796,1460.458,1462.791,1465.452,1468.979,1473.175,1476.52,1479.803,1485.641,1487.952,1000,1000,1000,1000,1599.177,1596.318,1594.099,1000,1000,1000,1000,1000,1000,1000,1000,1000,1000,1000,1000,1000,1000,1000,1000,1000,1000,1000,1000,1000,1000,1000,1000,1000,1000,1000,1000,1000,1000,1000,1000,1000,1000,1000,1000,1000,1000,1669.901,1661.144,1643.63,1635.359,1630.008,1619.062,1606.413,1596.927,1585.251,1577.345,1571.325,1567.099,1565.031,1564.332,1641.684,1625.143,1616.386,1610.548,1595.954,1585.737,1575.034,1563.48,1549.798,1544.933,1542.348,1539.186,1537.901,1537.316,1619.305,1591.089,1580.872,1570.169,1556.791,1549.007,1000,1000,1519.088,1517.689,1515.469,1512.368,1511.053,1510.186,1590.116,1573.575,1565.791,1548.277,1537.818,1529.791,1518.601,1506.682,1500.115,1497.56,1494.763,1490.628,1489.26,1488.021,1486.645,1570.656,1548.277,1528.818,1505.466,1497.196,1486.614,1482.236,1476.52,1473.479,1469.222,1466.668,1463.992,1461.666,1460.389,1459.325,1538.547,1521.52,1511.79,1498.655,1485.276,1477.249,1460.587,1000,1448.911,1446.418,1441.887,1441.705,1438.908,1437.266,1436.088,1435.974,1522.007,1495.736,1476.276,1466.547,1452.438,1441.857,1439.181,1435.046,1426.958,1422.336,1419.235,1000,1000,1000,1000,1000,1000,1000,1000,1000,1000,1000,1000,1000,1000,1000,1000,1000,1000,1000,1000,1000,1000,1000,1000,1000,1000,1000,1000,1000,1000,1000,1000,1000
1000,1000,1000,1000,1000,1000,1000,1000,1000,1000,1000,1000,1000,1000,1000,1000,1000,1000,1000,1000,1000,1000,1209.678,1214.786,1212.111,1216.003,1224.76,1229.868,1234.49,1243.733,1247.625,1251.03,1250.057,1257.355,1261.733,1270.003,1275.841,1285.571,1288.49,1297.734,1301.625,1192.841,1192.917,1193.297,1193.525,1194.095,1194.552,1196.938,1196.938,1197.394,1199.036,1200.496,1201.165,1204.509,1207.854,1209.922,1214.057,1215.273,1216.489,1220.503,1222.814,1225.246,1228.408,1235.219,1238.381,1244.706,1242.76,1252.976,1000,1248.111,1242.76,1252.976,1253.949,1259.787,1262.22,1269.517,1270.49,1277.301,1279.247,1289.463,1295.301,1303.085,1309.409,1317.193,1208.295,1208.599,1208.766,1209.032,1209.504,1210.423,1210.986,1212.962,1214.604,1216.489,1216.489,1218.192,1219.53,1221.537,1223.787,1226.949,1229.625,1231.571,1232.908,1234.611,1237.408,1238.381,1241.3,1246.652,1250.301,1255.165,1259.544,1264.409,1266.598,1272.922,1276.814,1283.625,1289.463,1298.22,1306.004,1314.761,1321.085,1327.896,1331.788,1223.901,1224.091,1224.38,1224.927,1225.687,1226.554,1227.466,1228.378,1229.047,1230.78,1232.057,1232.787,1235.098,1235.645,1238.017,1241.057,1243.976,1245.192,1249.814,1250.665,1252.976,1257.355,1262.22,1264.652,1270.733,1273.166,1278.517,1276.571,1000,1000,1000,1000,1000,1000,1000,1000,1000,1263.193,1254.557,1000,1000,1000,1000,1302.112,1295.423,1289.342,1287.639,1000,1000,1000,1000,1000,1000,1000,1000,1000,1000,1000,1519.088,1000,1000,1000,1000,1000,1262.706,1264.895,1267.206,1268.544,1269.517,1274.625,1278.517,1285.571,1291.409,1297.004,1302.112,1310.382,1315.247,1321.572,1320.599,1329.356,1328.383,1342.977,1348.815,1360.978,1255.036,1255.264,1255.568,1256.29,1256.716,1257.811,1258.905,1260.365,1261.125,1263.01,1264.652,1266.537,1267.632,1268.544,1271.463,1275.476,1276.328,1280.463,1284.598,1288.004,1292.382,1298.22,1303.085,1308.193,1314.761,1318.166,1323.031,1327.896,1333.248,1338.599,1351.734,1000,1000,1000,1000,1140.596,1144.975,1146.434,1144.002,1141.083,1138.65,1135.245,1126.975,1119.677,1110.434,1104.596,1100.461,1096.812,1094.136,1093.163,1091.947,1090.974,1090.488,1090.488,1089.515,1089.028,1089.028,1088.542,1087.569,1086.231,1084.406,1083.069,1083.069,1083.069,1083.92,1085.744,1088.055,1090.488,1091.947,1093.163,1093.65,1093.65,1094.623,1095.839,1097.542,1098.515,1099.731,1102.163,1104.109,1106.542,1111.164,1122.596,1135.245,1144.975,1149.353,1155.191,1154.218,1156.164,1156.164,1156.164,1159.083,1158.11,1162.002,1000,1000,1000,1000,1000,1000,1000,1426.654,1427.627,1431.519,1350.351,1000,1350.313,1350.822,1000,1000,1000,1000,1189.489,1185.11,1185.11,1187.056,1191.435,1204.327,1000,1000,1000,1000,1000,1000,1000,1000,1000,1000,1000,1000,1214.057,1212.111,1209.678,1210.651,1207.732,1216.489,1000,1000,1000,1152.926,1152.538,1244.706,1205.786,1193.381,1000,1000,1000,1000,1000,1000,1000,1000,1000,1000,1162.732,1158.84,1158.11,1157.016,1157.016,1158.11,1161.88,1000,1000,1000,1000,1000,1000,1000,1000,1000,1000,1457.79,1470.438,1000,1000,1499.628,1513.736,1000,1000,1000,1000,1000,1000,1000,1000,1000,1000,1000,1000,1000,1000,1000,1000,1000,1000,1000,1000,1000,1000,1000,1000,1000,1000,1000,1000,1000,1000,1000,1000,1000,1000,1000,1000,1000,1000,1000,1423.735,1425.803,1426.35,1427.201,1428.114,1430.06,1439.181,1446.6,1457.06,1465.817,1472.871,1480.168,1494.763,1511.304,1528.331,1435.974,1436.597,1437.691,1439.166,1443.073,1449.215,1453.168,1461.438,1000,1000,1484.06,1492.817,1500.601,1518.115,1522.493,1544.385,1459.325,1459.895,1462.138,1466.425,1469.526,1473.175,1475.425,1476.52,1480.168,1481.385,1000,1000,1000,1000,1597.778,1594.342,1592.571,1000,1000,1000,1000,1000,1000,1000,1000,1000,1000,1000,1000,1000,1000,1000,1000,1000,1000,1000,1000,1000,1000,1000,1000,1000,1000,1000,1000,1000,1000,1000,1000,1000,1000,1000,1000,1000,1000,1667.954,1660.171,1642.657,1635.359,1624.657,1617.116,1601.792,1593.521,1000,1000,1000,1568.315,1565.616,1564.636,1645.576,1625.143,1614.927,1605.683,1593.278,1580.872,1574.548,1562.629,1000,1000,1543.473,1538.532,1000,1629.522,1611.521,1585.251,1581.845,1571.142,1556.791,1544.142,1000,1528.209,1519.088,1517.263,1516.838,1512.368,1510.84,1510.148,1583.305,1563.359,1557.521,1544.142,1534.656,1527.358,1518.115,1507.047,1500.723,1497.56,1495.006,1490.476,1488.91,1487.633,1486.493,1566.764,1546.331,1529.791,1509.358,1500.115,1488.439,1482.236,1475.425,1472.263,1467.094,1464.692,1463.08,1461.453,1460.389,1459.439,1548.764,1526.872,1513.736,1497.196,1487.222,1476.033,1463.263,1457.668,1453.168,1449.215,1443.742,1442.465,1439.577,1437.182,1435.897,1531.25,1515.196,1488.925,1477.249,1472.141,1458.763,1444.654,1439.181,1433.222,1424.465,1421.059,1418.627,1000,1000,1000,1000,1000,1000,1000,1000,1000,1000,1000,1000,1000,1000,1000,1000,1000,1000,1000,1000,1000,1000,1000,1000,1000,1000,1000,1000,1000,1000,1000,1000,1000
1000,1000,1000,1000,1000,1000,1000,1000,1000,1000,1000,1000,1000,1000,1000,1000,1000,1000,1000,1000,1000,1000,1000,1215.273,1211.138,1215.273,1222.814,1229.138,1232.3,1245.679,1247.138,1254.436,1251.03,1260.274,1261.247,1270.003,1269.031,1278.76,1280.706,1294.815,1294.815,1192.651,1192.651,1192.955,1193.069,1193.647,1193.936,1195.92,1196.193,1196.193,1197.577,1199.219,1199.827,1202.138,1205.117,1206.273,1209.922,1212.111,1213.205,1216.489,1220.016,1221.354,1224.76,1231.814,1234.733,1241.3,1000,1000,1000,1244.706,1238.868,1251.517,1252.49,1259.301,1261.247,1269.517,1270.49,1276.328,1279.247,1287.517,1292.382,1299.193,1306.49,1314.274,1208.257,1208.561,1208.766,1209.032,1209.504,1210.317,1211.107,1212.962,1214.786,1216.489,1216.489,1217.949,1219.287,1220.685,1222.814,1226.584,1228.043,1229.989,1232.057,1233.76,1236.922,1239.841,1243.49,1247.868,1251.517,1254.436,1261.003,1264.409,1268.057,1272.922,1277.787,1281.193,1287.517,1293.842,1303.085,1309.896,1317.68,1324.004,1329.842,1331.788,1223.939,1224.205,1224.782,1225.489,1226.31,1227.466,1228.378,1229.047,1230.354,1232.3,1233.03,1234.55,1235.098,1236.8,1239.963,1242.152,1243.976,1248.476,1251.152,1252.49,1257.355,1262.22,1265.139,1269.517,1271.22,1275.841,1275.841,1000,1000,1000,1000,1000,1000,1000,1000,1000,1265.382,1257.355,1000,1000,1000,1000,1000,1295.423,1288.977,1287.031,1000,1000,1000,1000,1000,1000,1000,1000,1000,1000,1000,1000,1000,1000,1000,1000,1000,1261.49,1263.193,1265.382,1268.057,1270.003,1272.922,1278.517,1283.625,1287.517,1294.085,1299.68,1311.355,1312.328,1321.572,1322.058,1330.328,1333.248,1344.923,1349.788,1357.086,1363.896,1255.074,1255.302,1255.986,1256.366,1257.689,1258.753,1259.848,1260.73,1261.916,1263.436,1265.199,1266.233,1267.632,1271.098,1274.382,1277.058,1279.612,1284.112,1286.544,1291.896,1295.058,1303.085,1308.193,1313.788,1319.626,1323.518,1326.923,1333.248,1337.626,1351.734,1000,1000,1000,1000,1138.65,1140.596,1144.002,1143.029,1142.056,1138.65,1136.218,1127.948,1120.164,1109.218,1103.38,1099.245,1096.326,1093.65,1092.677,1091.947,1091.461,1090.974,1090.488,1089.515,1089.028,1089.028,1088.542,1087.569,1086.596,1083.92,1082.582,1082.582,1083.069,1083.92,1086.231,1089.028,1090.488,1091.461,1091.947,1092.677,1093.163,1094.136,1095.839,1096.812,1098.515,1099.731,1101.677,1103.38,1105.812,1111.164,1123.083,1138.65,1150.326,1155.191,1159.083,1157.137,1158.11,1154.218,1153.245,1155.191,1156.164,1154.218,1153.245,1000,1000,1000,1000,1000,1413.519,1420.816,1421.789,1430.546,1350.275,1446.6,1452.438,1350.731,1350.313,1000,1000,1000,1187.543,1183.894,1184.381,1187.543,1192.165,1203.354,1000,1000,1000,1000,1000,1000,1000,1000,1000,1000,1000,1238.868,1216.489,1209.678,1206.273,1206.273,1205.3,1215.516,1000,1000,1152.994,1152.781,1152.485,1247.625,1201.408,1000,1000,1000,1000,1000,1000,1000,1000,1000,1159.57,1161.029,1161.88,1158.475,1158.11,1156.651,1156.286,1157.016,1161.88,1000,1000,1000,1000,1000,1000,1000,1000,1000,1000,1000,1000,1000,1000,1000,1000,1000,1000,1000,1000,1000,1000,1000,1000,1000,1000,1000,1000,1000,1000,1000,1000,1000,1000,1000,1000,1000,1000,1000,1000,1000,1000,1000,1000,1000,1000,1000,1000,1505.952,1000,1000,1000,1415.085,1416.803,1417.897,1419.934,1424.465,1425.012,1426.107,1427.81,1432.492,1439.181,1447.087,1455.844,1463.141,1471.411,1480.168,1492.817,1510.331,1524.926,1435.897,1436.597,1438.786,1440.489,1445.384,1452.073,1455.722,1461.925,1467.52,1476.033,1482.114,1489.168,1497.196,1511.304,1516.169,1534.656,1552.656,1459.667,1461.043,1464.692,1466.668,1471.107,1474.452,1478.709,1480.168,1483.452,1000,1000,1000,1000,1597.778,1593.78,1592.221,1000,1000,1000,1000,1000,1000,1000,1000,1000,1000,1000,1000,1000,1000,1000,1000,1000,1000,1000,1000,1000,1000,1000,1000,1000,1000,1000,1000,1000,1000,1000,1000,1000,1000,1000,1000,1000,1000,1655.306,1644.603,1635.359,1630.981,1619.792,1615.17,1601.792,1589.386,1579.899,1577.041,1571.325,1569.44,1566.977,1565.031,1652.873,1632.927,1615.413,1603.737,1591.818,1579.656,1570.169,1560.075,1551.926,1546.331,1542.348,1000,1537.278,1620.278,1604.71,1588.17,1587.683,1576.98,1561.899,1547.791,1541.466,1530.399,1520.121,1517.689,1516.412,1511.745,1510.544,1611.035,1582.332,1559.953,1553.629,1539.764,1534.656,1523.953,1515.196,1504.858,1499.81,1494.094,1492.695,1489.381,1487.633,1486.759,1569.683,1553.142,1538.547,1527.845,1510.088,1502.547,1490.385,1483.939,1476.52,1472.871,1466.851,1463.992,1462.381,1460.868,1459.895,1459.287,1548.764,1521.52,1506.925,1492.817,1482.844,1473.357,1460.952,1456.452,1452.073,1446.965,1441.705,1441.006,1438.543,1436.772,1538.061,1527.358,1511.304,1487.466,1476.276,1467.763,1458.276,1441.37,1432.492,1427.81,1419.934,1417.76,1000,1000,1000,1000,1000,1000,1000,1000,1000,1000,1000,1000,1000,1000,1000,1000,1000,1000,1000,1000,1000,1000,1000,1000,1000,1000,1000,1000,1000,1000,1000,1000,1000,1000
1000,1000,1000,1000,1000,1000,1000,1000,1000,1000,1000,1000,1000,1000,1000,1000,1000,1000,1000,1000,1000,1000,1000,1000,1207.246,1213.814,1221.111,1229.868,1233.76,1246.165,1243.733,1252.003,1248.598,1254.922,1258.328,1264.652,1261.247,1267.084,1270.003,1281.679,1282.652,1294.815,1297.734,1192.727,1192.993,1193.715,1194.019,1195.783,1196.193,1195.92,1197.09,1197.911,1197.759,1198.641,1000,1000,1000,1000,1000,1000,1000,1000,1000,1000,1000,1000,1000,1000,1000,1000,1000,1246.652,1251.517,1258.328,1263.193,1270.49,1273.895,1278.274,1279.247,1286.544,1292.382,1297.247,1306.49,1315.247,1208.219,1208.447,1208.721,1208.971,1209.504,1210.636,1211.624,1213.327,1215.212,1216.064,1215.638,1216.733,1217.949,1219.287,1221.537,1225.854,1226.949,1229.625,1231.571,1233.273,1236.435,1238.868,1243.003,1247.382,1250.301,1252.49,1261.003,1264.409,1269.517,1276.328,1281.193,1281.679,1287.517,1292.869,1300.166,1306.977,1316.707,1323.031,1329.842,1332.761,1224.015,1224.167,1224.782,1225.315,1226.098,1227.192,1228.53,1229.229,1230.78,1233.03,1233.273,1234.55,1235.402,1236.8,1238.99,1240.692,1243.611,1247.99,1251.638,1254.922,1259.544,1262.949,1265.868,1267.084,1269.517,1272.436,1273.166,1000,1000,1000,1273.804,1273.082,1000,1000,1000,1000,1000,1260.76,1254.922,1000,1000,1000,1000,1302.112,1291.531,1288.247,1000,1000,1000,1000,1000,1000,1000,1000,1000,1000,1000,1000,1000,1000,1000,1000,1000,1256.26,1259.179,1262.706,1265.747,1268.057,1271.463,1277.787,1282.652,1287.517,1292.139,1298.22,1307.95,1308.923,1322.058,1324.004,1328.383,1332.275,1341.031,1344.923,1353.194,1360.978,1362.924,1255.226,1255.796,1256.131,1257.127,1258.191,1259.666,1260.03,1261.49,1262.524,1263.922,1265.443,1267.084,1270.49,1272.557,1275.841,1279.612,1283.625,1285.571,1289.706,1294.085,1300.652,1306.247,1315.247,1319.139,1322.058,1324.491,1330.815,1334.22,1346.869,1000,1000,1000,1000,1000,1142.056,1144.975,1143.029,1142.056,1138.65,1135.245,1127.948,1116.758,1108.488,1102.163,1098.028,1095.353,1093.163,1091.461,1090.974,1090.488,1090.488,1090.001,1089.515,1089.515,1089.028,1088.542,1087.569,1086.596,1084.406,1083.069,1083.069,1083.433,1083.92,1086.231,1089.028,1090.974,1091.461,1091.947,1091.947,1092.677,1093.163,1094.623,1095.839,1097.542,1098.515,1100.461,1102.163,1104.596,1111.164,1126.488,1136.218,1152.272,1156.164,1161.029,1157.137,1159.083,1152.272,1149.353,1149.353,1150.326,1147.407,1146.434,1000,1000,1000,1000,1000,1417.897,1424.708,1430.546,1432.492,1350.313,1453.411,1451.465,1350.617,1350.427,1000,1000,1000,1185.84,1181.462,1182.192,1182.678,1189.489,1198.489,1000,1000,1000,1000,1000,1000,1000,1000,1000,1000,1140.11,1251.03,1222.327,1213.084,1211.138,1210.651,1209.678,1000,1000,1000,1152.994,1152.721,1152.721,1258.814,1000,1000,1000,1000,1000,1000,1000,1182.86,1000,1000,1000,1160.664,1161.029,1156.651,1156.651,1154.705,1155.313,1154.948,1159.205,1000,1000,1000,1000,1000,1000,1000,1000,1000,1000,1000,1000,1000,1000,1000,1000,1000,1000,1000,1000,1000,1000,1000,1000,1000,1000,1000,1000,1000,1000,1000,1000,1000,1000,1000,1000,1000,1000,1000,1000,1000,1000,1000,1000,1000,1000,1455.357,1000,1487.952,1489.898,1507.898,1414.644,1414.834,1415.556,1416.286,1418.171,1421.303,1423.005,1426.35,1430.668,1433.587,1442.708,1451.465,1461.438,1465.33,1477.736,1486.493,1496.709,1510.331,1528.331,1538.061,1436.772,1438.786,1439.729,1443.317,1450.127,1453.168,1456.087,1462.29,1468.006,1476.033,1000,1497.682,1513.736,1522.98,1538.547,1552.656,1459.751,1460.458,1464.357,1465.634,1469.526,1473.479,1477.249,1477.249,1481.385,1000,1000,1000,1000,1595.558,1592.449,1591.765,1000,1000,1000,1000,1000,1000,1000,1000,1000,1000,1000,1000,1000,1000,1000,1000,1000,1000,1000,1000,1000,1000,1000,1000,1000,1000,1000,1000,1000,1000,1000,1000,1000,1000,1000,1000,1000,1000,1662.117,1648.008,1641.197,1631.468,1618.332,1612.494,1603.981,1592.183,1584.521,1579.899,1574.305,1570.322,1567.463,1565.084,1652.873,1633.9,1615.413,1600.332,1588.413,1576.251,1563.48,1555.088,1549.25,1545.176,1542.014,1000,1537.316,1620.278,1597.9,1587.683,1585.251,1574.548,1559.953,1549.98,1542.439,1528.574,1520.365,1517.446,1514.132,1510.779,1509.92,1592.062,1574.548,1559.467,1552.169,1541.953,1532.709,1520.061,1000,1504.493,1498.959,1493.912,1491.418,1488.804,1487.245,1582.818,1562.872,1549.25,1536.115,1000,1507.412,1499.385,1488.925,1482.601,1477.614,1474.452,1468.492,1464.874,1463.08,1460.952,1459.948,1555.575,1542.439,1514.223,1500.601,1486.736,1479.682,1470.195,1460.1,1455.357,1451.465,1445.141,1441.158,1439.44,1437.517,1436.049,1528.331,1515.196,1501.088,1480.168,1472.871,1462.655,1455.844,1441.37,1431.762,1000,1419.6,1417.38,1416.392,1000,1000,1000,1000,1000,1000,1000,1000,1000,1000,1000,1000,1000,1000,1000,1000,1000,1000,1000,1000,1000,1000,1000,1000,1000,1000,1000,1000,1000,1000,1000,1000,1000
1000,1000,1000,1000,1000,1000,1000,1000,1000,1000,1000,1000,1000,1000,1000,1000,1000,1000,1000,1000,1000,1000,1000,1000,1000,1000,1000,1000,1000,1000,1000,1249.571,1244.706,1246.165,1000,1254.922,1000,1256.868,1261.733,1271.949,1272.922,1285.571,1287.517,1291.896,1000,1193.35,1193.586,1194.749,1000,1000,1000,1000,1000,1000,1000,1000,1000,1000,1000,1000,1000,1000,1000,1000,1000,1000,1000,1000,1000,1000,1000,1242.03,1247.382,1255.895,1263.193,1269.517,1274.868,1279.247,1281.679,1285.571,1291.409,1295.301,1305.517,1312.328,1208.219,1208.409,1208.766,1208.971,1209.504,1210.423,1211.351,1212.354,1214.209,1215.212,1215.395,1216.976,1217.705,1219.53,1221.537,1225.125,1226.219,1230.354,1231.206,1233.273,1236.922,1239.354,1243.003,1247.868,1250.787,1252.49,1259.544,1263.679,1268.057,1273.895,1280.22,1282.652,1287.517,1295.301,1304.058,1306.977,1314.761,1319.626,1323.031,1324.977,1223.863,1224.053,1224.722,1225.406,1226.098,1227.466,1229.594,1230.354,1232.3,1234.55,1235.098,1235.645,1235.949,1236.8,1238.99,1239.963,1242.881,1247.138,1250.665,1254.436,1259.544,1263.922,1266.355,1269.517,1270.003,1273.166,1274.625,1000,1000,1000,1274.23,1273.88,1000,1000,1000,1000,1000,1264.044,1258.449,1000,1000,1000,1000,1000,1291.531,1285.45,1000,1000,1000,1000,1000,1000,1000,1000,1000,1000,1000,1000,1000,1000,1000,1000,1000,1259.179,1260.76,1263.557,1264.044,1267.206,1270.003,1273.652,1278.517,1285.085,1290.193,1294.085,1303.571,1307.95,1315.247,1323.031,1328.383,1334.22,1339.085,1347.842,1347.842,1356.113,1358.059,1255.036,1255.469,1256.062,1257.02,1257.932,1259.057,1259.513,1260.547,1261.916,1263.436,1265.443,1267.084,1270.733,1272.557,1276.328,1278.76,1283.139,1285.085,1290.193,1294.085,1300.652,1306.977,1313.788,1316.707,1320.599,1327.896,1331.788,1335.193,1345.896,1000,1000,1000,1000,1000,1141.083,1143.029,1142.056,1143.029,1140.596,1137.677,1129.407,1118.218,1107.758,1101.677,1096.812,1094.136,1092.677,1090.974,1090.488,1090.001,1090.001,1089.515,1089.028,1088.542,1088.542,1087.569,1087.082,1086.231,1084.771,1083.92,1083.433,1083.92,1084.771,1087.082,1089.028,1090.001,1090.488,1091.461,1091.461,1092.677,1093.65,1094.623,1095.839,1097.542,1098.515,1099.731,1101.677,1103.38,1109.218,1124.056,1140.596,1153.245,1158.11,1162.002,1161.029,1157.137,1154.218,1154.218,1154.218,1154.218,1153.245,1151.299,1144.975,1000,1000,1000,1000,1410.113,1415.465,1427.627,1424.708,1446.6,1439.303,1439.303,1443.681,1441.735,1000,1000,1000,1182.678,1179.759,1179.759,1182.192,1189.489,1198.975,1000,1000,1000,1000,1000,1000,1000,1000,1000,1000,1140.3,1252.003,1224.273,1214.057,1213.084,1211.138,1210.651,1230.111,1000,1000,1152.85,1152.66,1152.721,1258.814,1000,1000,1000,1000,1000,1000,1000,1000,1000,1000,1000,1158.475,1158.11,1155.678,1155.313,1154.036,1154.34,1154.036,1158.11,1000,1000,1000,1000,1000,1000,1000,1000,1000,1000,1000,1000,1000,1000,1000,1000,1000,1000,1000,1000,1000,1000,1000,1000,1000,1000,1000,1000,1000,1000,1000,1000,1000,1393.785,1395.427,1396.066,1000,1395.427,1396.765,1401.904,1405.066,1409.87,1421.303,1424.708,1436.87,1444.411,1452.925,1464.601,1482.114,1485.033,1502.547,1414.644,1414.796,1415.366,1415.86,1418.171,1420.482,1423.735,1427.505,1432.492,1435.411,1445.141,1451.952,1459.492,1463.141,1474.817,1480.168,1493.79,1508.385,1527.358,1538.061,1436.962,1439.729,1439.881,1443.073,1449.823,1453.168,1454.263,1459.736,1464.601,1472.141,1000,1492.087,1510.331,1521.52,1539.52,1559.467,1460.123,1460.868,1464.357,1465.452,1468.249,1473.175,1478.709,1479.439,1485.276,1000,1000,1000,1000,1594.464,1592.221,1000,1000,1000,1000,1000,1000,1000,1000,1000,1000,1000,1000,1000,1000,1000,1000,1000,1000,1000,1000,1000,1000,1000,1000,1000,1000,1000,1000,1000,1000,1000,1000,1000,1000,1000,1000,1000,1000,1000,1672.819,1655.306,1640.224,1627.576,1613.711,1602.764,1597.413,1589.021,1579.899,1576.798,1572.602,1567.737,1566.034,1564.924,1651.9,1631.954,1612.494,1594.008,1578.44,1568.224,1558.007,1552.899,1547.852,1544.507,1541.071,1538.023,1634.386,1614.44,1592.062,1585.251,1581.845,1571.629,1560.683,1551.196,1542.439,1529.669,1522.554,1517.02,1512.976,1510.544,1608.116,1581.359,1569.196,1555.088,1546.331,1539.764,1528.574,1517.142,1000,1504.128,1497.56,1493.304,1490.628,1488.697,1487.245,1486.493,1566.764,1550.223,1532.709,1000,1503.52,1494.033,1487.101,1480.655,1476.52,1473.844,1468.492,1464.509,1463.232,1460.617,1459.591,1549.737,1536.601,1512.763,1496.223,1484.06,1476.033,1468.006,1460.1,1455.722,1450.492,1444.898,1440.823,1438.664,1437.106,1436.049,1527.358,1510.331,1496.709,1480.168,1468.492,1460.222,1454.141,1438.695,1429.33,1000,1419.235,1417.502,1000,1000,1000,1000,1000,1000,1000,1000,1000,1000,1000,1000,1000,1000,1000,1000,1000,1000,1000,1000,1000,1000,1000,1000,1000,1000,1000,1000,1000,1000,1000,1000,1000,1000
1000,1000,1000,1000,1000,1000,1000,1000,1000,1000,1000,1000,1000,1000,1000,1000,1000,1000,1000,1000,1000,1000,1000,1000,1000,1000,1000,1000,1000,1000,1000,1000,1000,1000,1000,1000,1000,1000,1000,1000,1000,1000,1000,1000,1000,1000,1000,1000,1000,1000,1000,1000,1000,1000,1000,1000,1000,1000,1000,1000,1000,1000,1000,1000,1000,1000,1000,1000,1000,1000,1000,1240.814,1248.841,1256.868,1263.679,1270.49,1275.355,1278.274,1279.247,1279.733,1289.463,1292.382,1302.112,1314.274,1208.295,1208.295,1208.637,1208.812,1209.283,1210.21,1211.624,1212.202,1214.209,1214.604,1215.638,1216.489,1217.462,1219.834,1221.537,1224.03,1226.219,1229.989,1231.206,1235.098,1238.381,1239.841,1243.49,1247.382,1250.301,1252.49,1259.544,1264.409,1268.057,1275.355,1281.193,1283.625,1286.058,1294.815,1298.22,1303.085,1309.896,1317.68,1323.031,1329.842,1224.091,1224.129,1224.722,1225.231,1225.991,1226.675,1228.895,1229.777,1230.962,1232.787,1234.55,1234.854,1236.253,1236.8,1238.381,1239.354,1242.152,1245.192,1248.841,1252.003,1255.409,1259.057,1261.247,1265.868,1269.517,1273.166,1275.112,1000,1000,1000,1273.964,1273.804,1273.432,1000,1000,1000,1000,1270.49,1265.747,1000,1000,1000,1000,1000,1000,1285.754,1278.821,1275.446,1000,1000,1000,1000,1000,1000,1000,1000,1000,1000,1000,1000,1000,1000,1000,1259.179,1260.76,1262.341,1263.557,1266.72,1269.031,1272.436,1277.301,1281.922,1285.571,1291.409,1297.734,1304.058,1312.328,1319.626,1324.004,1331.302,1338.112,1343.95,1345.896,1355.14,1357.086,1254.96,1255.378,1255.735,1256.541,1257.811,1258.328,1259.057,1260.182,1261.307,1263.01,1265.686,1266.537,1270.125,1272.193,1275.476,1276.693,1279.977,1283.625,1287.517,1291.896,1299.193,1305.761,1310.382,1316.22,1320.599,1323.031,1329.356,1335.193,1344.923,1000,1000,1000,1000,1000,1139.623,1143.029,1143.029,1143.029,1140.596,1136.218,1128.921,1116.758,1105.812,1099.245,1096.326,1093.65,1091.461,1090.488,1090.001,1089.028,1089.028,1088.542,1088.055,1087.569,1088.055,1086.596,1086.596,1085.744,1084.771,1083.92,1083.92,1084.406,1085.258,1087.082,1088.542,1090.001,1090.001,1090.974,1090.974,1091.947,1093.163,1094.623,1095.839,1096.812,1098.028,1099.245,1100.947,1102.163,1108.488,1121.137,1139.623,1153.245,1158.11,1162.975,1160.056,1161.029,1155.191,1151.299,1150.326,1153.245,1153.245,1150.326,1148.38,1000,1000,1000,1402.329,1407.194,1411.086,1422.762,1421.789,1442.708,1436.384,1437.357,1447.573,1446.6,1000,1000,1000,1185.11,1178.056,1178.543,1182.192,1189.489,1000,1000,1000,1000,1000,1387.735,1000,1000,1000,1000,1000,1000,1140.3,1223.3,1215.03,1212.111,1209.678,1210.651,1234.976,1000,1000,1152.485,1152.432,1152.485,1261.733,1000,1000,1000,1000,1000,1000,1000,1000,1000,1000,1000,1156.651,1156.286,1154.34,1154.34,1153.124,1153.124,1152.272,1154.705,1000,1000,1000,1000,1000,1000,1000,1000,1000,1000,1000,1000,1000,1000,1000,1000,1000,1000,1000,1000,1000,1000,1000,1000,1000,1000,1421.059,1440.276,1445.627,1460.709,1479.195,1391.596,1391.786,1392.508,1393.907,1394.682,1395.123,1395.731,1398.316,1401.661,1404.458,1408.411,1416.681,1420.33,1428.6,1439.789,1450.006,1457.79,1468.979,1474.817,1486.979,1504.006,1414.53,1415.039,1415.86,1418.034,1419.6,1421.911,1425.803,1431.762,1435.897,1445.141,1450.249,1455.357,1458.276,1467.763,1475.79,1488.925,1504.493,1529.304,1436.125,1437.798,1441.523,1441.705,1444.654,1448.911,1452.073,1452.803,1458.519,1464.601,1472.141,1000,1000,1517.142,1527.845,1547.304,1459.515,1460.313,1460.952,1463.84,1464.175,1000,1473.175,1476.52,1478.344,1483.087,1000,1000,1000,1000,1594.464,1592.274,1000,1000,1000,1000,1000,1000,1000,1000,1000,1000,1000,1000,1000,1000,1000,1000,1000,1000,1000,1000,1000,1000,1000,1000,1000,1000,1000,1000,1000,1000,1000,1000,1000,1000,1000,1000,1000,1000,1000,1673.792,1655.306,1640.224,1625.63,1611.278,1600.575,1594.008,1586.467,1577.953,1575.399,1570.139,1566.536,1565.396,1564.636,1645.576,1629.035,1610.548,1587.926,1574.548,1563.967,1554.358,1551.926,1547.061,1543.656,1540.357,1538.152,1631.468,1616.386,1593.521,1589.143,1581.845,1568.224,1558.007,1546.088,1537.21,1526.385,1521.155,1515.469,1512.611,1510.49,1509.882,1583.305,1575.521,1557.034,1544.872,1535.872,1527.358,1000,1000,1502.304,1495.979,1491.236,1489.625,1487.937,1486.835,1575.034,1562.872,1544.872,1528.818,1519.574,1505.466,1494.52,1488.439,1482.236,1476.885,1473.175,1468.006,1463.688,1462.138,1460.063,1558.494,1539.52,1524.926,1505.466,1490.628,1480.168,1473.357,1466.06,1459.736,1456.452,1451.1,1445.384,1441.705,1439.166,1437.106,1436.164,1531.25,1513.25,1496.709,1481.141,1470.682,1460.709,1452.925,1438.695,1430.668,1000,1000,1000,1000,1000,1000,1000,1000,1000,1000,1000,1000,1000,1000,1000,1000,1000,1000,1000,1000,1000,1000,1000,1000,1000,1000,1000,1000,1000,1000,1000,1000,1000,1000,1000,1000,1000
1000,1000,1000,1000,1000,1000,1000,1000,1000,1000,1000,1000,1000,1000,1000,1000,1000,1000,1000,1000,1000,1000,1000,1000,1000,1000,1000,1000,1000,1000,1000,1000,1000,1000,1000,1000,1000,1000,1000,1000,1000,1000,1000,1000,1000,1000,1000,1000,1000,1000,1000,1000,1000,1227.618,1228.226,1228.895,1229.047,1230.354,1000,1000,1000,1000,1242.881,1242.881,1241.787,1241.787,1000,1000,1000,1000,1000,1235.949,1246.652,1253.949,1261.247,1266.111,1272.922,1276.328,1278.274,1281.679,1291.409,1296.274,1303.085,1315.247,1208.257,1208.333,1208.599,1208.918,1209.587,1210.636,1211.761,1212.506,1214.026,1214.422,1214.786,1216.307,1217.462,1219.53,1221.537,1223.787,1225.125,1228.773,1231.571,1236.071,1240.814,1243.003,1245.679,1247.868,1249.571,1252.003,1260.274,1265.868,1269.517,1277.787,1282.652,1284.112,1283.625,1293.842,1296.274,1299.193,1307.95,1316.707,1321.085,1329.842,1224.167,1224.243,1224.722,1224.995,1225.687,1226.204,1228.074,1229.229,1230.962,1232.543,1234.307,1234.55,1235.949,1236.8,1238.017,1238.625,1241.422,1244.341,1247.99,1252.003,1255.409,1259.057,1262.22,1266.355,1267.084,1271.949,1275.841,1000,1000,1000,1273.721,1273.5,1273.371,1273.804,1000,1000,1000,1000,1268.057,1263.557,1257.719,1000,1000,1000,1000,1000,1000,1274.747,1000,1000,1000,1000,1000,1000,1000,1000,1000,1000,1000,1000,1000,1000,1000,1000,1259.909,1261.49,1262.706,1264.895,1267.206,1270.003,1275.112,1279.004,1285.085,1292.625,1297.734,1302.112,1306.004,1313.788,1317.68,1326.437,1335.193,1336.167,1341.031,1347.842,1352.221,1363.896,1255.226,1255.675,1256.45,1257.446,1258.328,1259.361,1260.365,1261.916,1263.193,1265.99,1267.936,1270.125,1271.828,1274.382,1275.476,1278.274,1282.774,1288.49,1291.896,1299.193,1307.707,1308.923,1316.707,1322.058,1326.923,1332.761,1337.626,1347.842,1000,1000,1000,1000,1000,1136.704,1138.65,1141.083,1141.083,1138.65,1135.245,1126.975,1116.758,1104.109,1098.515,1095.353,1092.677,1090.974,1090.488,1089.515,1088.542,1089.028,1088.542,1088.055,1087.569,1087.569,1086.596,1086.231,1085.258,1084.771,1083.92,1083.92,1084.771,1085.258,1086.231,1088.055,1089.028,1089.028,1090.488,1090.974,1091.461,1092.677,1093.65,1094.136,1095.839,1096.812,1099.245,1100.947,1103.38,1109.218,1120.164,1137.677,1151.299,1158.11,1162.002,1162.002,1162.975,1157.137,1153.245,1151.299,1153.245,1152.272,1152.272,1150.326,1000,1000,1000,1402.329,1405.735,1404.275,1419.843,1420.816,1431.519,1425.681,1441.735,1446.6,1444.654,1430.546,1000,1000,1180.246,1172.705,1172.705,1174.894,1187.056,1000,1000,1000,1000,1382.87,1389.924,1000,1000,1000,1000,1000,1140.414,1241.3,1217.462,1214.057,1212.111,1205.3,1210.651,1000,1000,1000,1151.976,1151.938,1152.052,1256.868,1000,1000,1000,1000,1000,1000,1000,1000,1000,1000,1000,1000,1158.11,1154.705,1154.705,1153.124,1152.82,1152.272,1155.313,1000,1000,1000,1000,1000,1000,1000,1000,1000,1000,1000,1000,1000,1000,1000,1000,1000,1000,1392.721,1395.275,1397.586,1404.519,1404.032,1417.897,1420.573,1417.897,1418.384,1428.114,1431.033,1445.141,1465.573,1486.493,1391.52,1392.28,1393.664,1394.15,1395.427,1395.427,1397.951,1400.627,1403.607,1405.37,1412.911,1416.194,1425.438,1437.357,1450.979,1455.844,1465.573,1468.006,1480.168,1494.763,1512.763,1415.039,1416.02,1418.475,1420.877,1423.249,1426.35,1431.762,1437.114,1443.681,1446.6,1452.438,1454.627,1463.871,1472.871,1490.385,1507.412,1533.196,1436.202,1438.102,1441.34,1441.705,1443.985,1448.06,1451.708,1000,1000,1000,1000,1000,1499.141,1513.736,1523.953,1540.493,1459.401,1460.063,1460.458,1462.138,1000,1000,1000,1479.074,1479.439,1000,1000,1000,1000,1000,1593.886,1592.571,1000,1000,1000,1000,1000,1000,1000,1000,1000,1000,1000,1000,1000,1000,1000,1000,1000,1000,1000,1000,1000,1000,1000,1000,1000,1000,1000,1000,1000,1000,1000,1000,1000,1000,1000,1000,1000,1000,1000,1674.765,1654.333,1641.197,1622.711,1609.332,1598.629,1591.21,1583.062,1576.798,1573.818,1569.592,1566.034,1565.084,1564.522,1642.657,1623.684,1604.224,1582.089,1568.224,1562.629,1552.899,1550.71,1545.602,1542.531,1539.292,1538.023,1633.413,1623.684,1600.818,1593.521,1580.386,1566.764,1556.061,1545.602,1536.723,1525.047,1520.365,1514.588,1511.289,1510.224,1610.062,1584.278,1578.44,1561.899,1549.25,1532.223,1523.466,1511.547,1503.033,1497.804,1494.337,1490.324,1489.381,1488.195,1486.911,1578.926,1563.845,1000,1529.791,1000,1503.52,1491.358,1486.128,1480.168,1475.425,1471.959,1468.492,1463.384,1461.347,1459.667,1551.683,1528.818,1518.115,1500.601,1486.736,1475.06,1468.492,1460.952,1454.263,1451.465,1447.208,1442.1,1440.033,1438.315,1436.711,1436.125,1533.196,1515.196,1492.331,1479.195,1465.33,1453.654,1445.627,1000,1000,1000,1422.336,1000,1000,1000,1000,1000,1000,1000,1000,1000,1000,1000,1000,1000,1000,1000,1000,1000,1000,1000,1000,1000,1000,1000,1000,1000,1000,1000,1000,1000,1000,1000,1000,1000,1000,1000
1000,1000,1000,1000,1000,1000,1000,1000,1000,1000,1000,1000,1000,1000,1000,1000,1000,1000,1000,1000,1000,1000,1000,1000,1000,1000,1000,1000,1000,1000,1000,1000,1000,1000,1254.436,1253.219,1249.571,1255.165,1255.652,1266.598,1265.139,1276.814,1285.085,1288.49,1290.923,1305.031,1314.761,1313.788,1329.842,1223.787,1224.129,1224.38,1224.782,1224.927,1225.489,1225.991,1226.204,1227.055,1229.047,1230.78,1232.787,1235.645,1238.99,1239.354,1239.354,1239.354,1238.381,1235.949,1000,1000,1000,1232.3,1248.111,1255.409,1263.193,1265.625,1271.949,1275.355,1280.706,1284.598,1295.301,1300.166,1305.517,1314.274,1317.193,1208.257,1208.447,1208.766,1209.215,1210.119,1210.986,1211.898,1213.145,1214.026,1214.786,1216.064,1216.976,1219.53,1220.928,1223.422,1225.854,1229.625,1231.206,1235.584,1240.327,1242.517,1243.49,1248.354,1249.571,1253.219,1259.544,1267.084,1269.517,1277.787,1280.22,1281.679,1282.652,1294.815,1295.301,1301.139,1309.896,1318.653,1321.085,1331.788,1224.205,1224.38,1224.722,1225.071,1225.687,1225.991,1227.466,1228.895,1230.78,1232.3,1233.76,1234.55,1235.645,1236.8,1237.713,1238.99,1241.057,1244.341,1247.138,1251.638,1253.949,1257.355,1261.733,1267.084,1268.057,1273.895,1278.517,1000,1000,1000,1273.432,1273.371,1273.576,1274.139,1000,1000,1000,1000,1262.706,1261.49,1259.179,1000,1000,1000,1000,1000,1000,1275.705,1000,1000,1000,1000,1000,1000,1000,1000,1000,1000,1000,1000,1000,1000,1000,1261.125,1260.76,1262.706,1264.895,1266.72,1268.057,1270.976,1275.112,1278.517,1284.355,1290.193,1295.544,1299.68,1303.571,1309.896,1317.193,1323.031,1328.383,1336.167,1342.004,1346.869,1354.167,1362.924,1255.112,1255.675,1256.29,1257.233,1258.191,1259.513,1260.547,1262.524,1263.436,1265.443,1267.632,1269.517,1269.76,1272.922,1275.112,1276.693,1280.95,1287.517,1291.896,1297.004,1304.301,1308.193,1311.112,1320.599,1325.95,1331.788,1339.572,1349.788,1357.572,1000,1000,1000,1000,1137.677,1137.677,1139.623,1139.623,1137.677,1133.786,1125.029,1113.839,1104.109,1097.542,1095.353,1092.677,1090.974,1089.515,1088.542,1087.569,1087.569,1087.569,1087.082,1087.082,1087.082,1086.231,1085.744,1084.771,1083.92,1083.069,1083.069,1083.433,1083.92,1085.744,1087.082,1088.542,1089.028,1090.488,1090.974,1091.461,1091.947,1092.677,1094.136,1094.623,1096.326,1098.028,1100.461,1103.38,1109.704,1121.137,1134.272,1148.38,1153.245,1159.083,1159.083,1160.056,1155.191,1153.245,1151.299,1155.191,1158.11,1162.002,1162.002,1000,1000,1000,1000,1408.167,1408.167,1425.681,1428.6,1438.33,1443.681,1453.411,1453.411,1000,1000,1000,1000,1180.246,1172.218,1171.245,1174.408,1182.678,1000,1000,1000,1000,1374.964,1383.843,1000,1000,1000,1000,1000,1000,1245.192,1217.462,1215.516,1212.111,1201.895,1206.759,1000,1000,1000,1152.052,1152.128,1152.287,1152.014,1000,1000,1000,1000,1000,1000,1000,1000,1000,1000,1000,1000,1000,1152.82,1152.82,1151.968,1151.968,1151.421,1153.124,1000,1000,1000,1000,1000,1000,1000,1000,1000,1000,1000,1370.039,1370.548,1371.262,1372.045,1375.937,1378.248,1385.91,1389.559,1395.275,1397.1,1400.87,1401.356,1408.897,1411.816,1410.6,1416.681,1425.924,1432.492,1444.168,1460.709,1480.168,1391.368,1391.839,1393.041,1394.029,1395.731,1395.731,1399.228,1402.755,1405.37,1406.951,1414.127,1417.167,1423.249,1434.438,1452.438,1455.357,1464.601,1463.141,1474.817,1487.952,1505.952,1414.72,1415.936,1418.627,1420.482,1424.222,1428.114,1432.492,1435.046,1440.033,1442.708,1448.06,1450.735,1460.222,1472.871,1487.466,1506.439,1529.304,1436.278,1437.517,1439.881,1439.729,1441.705,1442.708,1445.871,1445.384,1453.168,1000,1000,1000,1506.439,1516.169,1521.52,1539.52,1560.44,1459.705,1460.313,1461.894,1463.536,1467.52,1473.844,1476.155,1479.439,1000,1000,1000,1000,1000,1000,1000,1592.274,1000,1000,1000,1000,1000,1000,1000,1000,1000,1000,1000,1000,1000,1000,1000,1000,1000,1000,1000,1000,1000,1000,1000,1000,1000,1000,1000,1000,1000,1000,1000,1000,1000,1000,1000,1000,1000,1000,1680.117,1662.117,1643.63,1621.251,1607.629,1594.981,1587.683,1581.602,1576.798,1572.602,1568.467,1565.327,1564.712,1661.63,1638.765,1623.684,1611.521,1584.035,1000,1563.967,1555.088,1549.798,1544.933,1542.196,1539.079,1537.84,1537.316,1632.441,1605.683,1592.548,1580.872,1562.629,1550.71,1541.466,1533.196,1522.007,1517.932,1513.676,1511.289,1510.224,1610.062,1586.224,1574.548,1562.386,1549.737,1535.142,1523.953,1514.709,1505.588,1500.115,1495.25,1491.236,1490.324,1489.016,1487.367,1486.569,1573.088,1000,1528.818,1516.898,1501.817,1485.641,1481.385,1476.52,1471.107,1467.763,1465.239,1461.56,1460.389,1459.401,1548.764,1527.845,1517.142,1506.439,1490.628,1480.898,1472.141,1464.114,1454.627,1450.492,1444.411,1441.34,1439.44,1000,1436.445,1436.164,1529.304,1512.277,1490.385,1480.168,1461.925,1452.438,1442.708,1000,1000,1000,1423.492,1000,1000,1000,1000,1000,1000,1000,1000,1000,1000,1000,1000,1000,1000,1000,1000,1000,1000,1000,1000,1000,1000,1000,1000,1000,1000,1000,1000,1000,1000,1000,1000,1000,1000,1000
1000,1000,1000,1000,1000,1000,1000,1000,1000,1000,1000,1000,1000,1000,1000,1000,1000,1000,1000,1000,1000,1000,1000,1000,1000,1000,1000,1000,1000,1000,1000,1000,1000,1000,1245.679,1244.463,1242.517,1247.382,1249.571,1259.544,1259.544,1268.057,1275.355,1276.814,1279.247,1292.869,1304.058,1305.031,1317.68,1324.004,1330.815,1223.901,1224.167,1224.38,1224.782,1225.231,1225.581,1226.432,1227.466,1228.895,1230.354,1232.543,1235.098,1236.496,1236.8,1237.408,1237.104,1235.949,1000,1000,1000,1227.922,1243.49,1252.49,1258.328,1262.22,1268.544,1273.895,1279.247,1281.679,1292.382,1298.22,1301.139,1309.409,1315.247,1317.193,1208.485,1208.865,1209.504,1210.636,1211.624,1212.506,1213.479,1214.209,1215.03,1216.489,1217.949,1221.537,1222.449,1223.787,1225.854,1229.138,1229.625,1233.273,1237.895,1240.814,1243.003,1247.382,1250.787,1254.436,1260.274,1267.084,1268.544,1274.868,1277.787,1279.247,1281.193,1291.896,1294.815,1301.139,1309.896,1316.707,1319.626,1331.788,1224.167,1224.334,1224.722,1225.155,1225.581,1225.687,1226.797,1227.922,1229.777,1230.78,1232.787,1233.273,1234.55,1235.949,1238.017,1239.354,1242.152,1245.192,1248.841,1253.463,1257.355,1262.22,1267.084,1272.436,1272.436,1276.571,1278.517,1000,1000,1000,1273.5,1273.371,1273.432,1274.139,1000,1000,1000,1000,1000,1260.274,1259.179,1000,1000,1000,1000,1000,1277.544,1276.267,1273.371,1000,1000,1000,1000,1000,1000,1000,1000,1000,1000,1000,1000,1000,1000,1261.976,1262.706,1265.382,1265.747,1266.72,1267.571,1270.003,1274.625,1278.517,1284.355,1289.463,1294.085,1298.22,1301.139,1306.49,1310.382,1318.653,1328.383,1334.22,1340.058,1345.896,1358.059,1254.96,1255.34,1255.735,1256.29,1257.233,1257.932,1259.361,1260.912,1262.524,1263.679,1265.443,1267.632,1268.848,1270.733,1272.557,1275.112,1275.841,1281.801,1286.544,1292.382,1298.707,1303.571,1308.193,1312.572,1319.139,1323.518,1333.248,1342.977,1350.761,1360.491,1000,1000,1000,1000,1132.813,1136.218,1139.623,1140.596,1137.677,1133.786,1123.083,1113.839,1102.163,1096.812,1094.136,1091.947,1090.001,1088.542,1088.055,1086.596,1086.596,1087.569,1087.082,1087.082,1087.082,1085.744,1084.771,1084.406,1083.433,1082.582,1082.582,1082.582,1083.069,1084.406,1085.744,1087.569,1089.028,1090.488,1090.974,1091.947,1091.947,1092.677,1093.65,1094.623,1096.326,1098.028,1100.461,1102.65,1107.758,1118.704,1131.839,1144.002,1151.299,1156.164,1159.083,1160.056,1160.056,1156.164,1154.218,1157.137,1161.029,1163.948,1000,1000,1000,1000,1404.762,1404.275,1403.302,1415.465,1419.843,1429.573,1437.357,1453.411,1350.351,1000,1000,1000,1206.759,1179.759,1172.218,1171.245,1171.732,1180.246,1000,1000,1000,1000,1371.68,1000,1000,1000,1000,1000,1000,1000,1239.841,1216.489,1215.03,1211.138,1202.867,1208.705,1000,1000,1000,1152.052,1152.128,1152.128,1151.824,1000,1000,1000,1000,1000,1000,1000,1000,1000,1000,1000,1000,1000,1153.732,1152.272,1151.178,1151.178,1151.178,1152.272,1000,1000,1000,1000,1000,1000,1000,1450.006,1454.871,1457.79,1459.736,1370,1370.487,1371.528,1372.623,1375.724,1377.336,1383.052,1387.37,1393.573,1396.127,1398.438,1399.897,1405.492,1407.681,1409.87,1419.843,1428.114,1437.843,1449.033,1465.573,1479.195,1391.33,1391.596,1392.584,1393.238,1395.731,1395.579,1399.411,1402.451,1404.154,1405.066,1409.87,1414.127,1420.33,1433.708,1450.979,1459.249,1469.465,1471.411,1483.087,1492.817,1504.979,1414.796,1416.02,1418.475,1421.303,1425.255,1427.81,1431.397,1435.411,1437.843,1439.546,1442.708,1445.627,1453.654,1468.492,1486.493,1505.466,1522.98,1436.202,1437.038,1438.786,1439.44,1441.158,1441.006,1444.411,1446.175,1000,1000,1481.628,1489.898,1506.439,1510.331,1517.142,1533.682,1551.683,1459.477,1460.184,1461.56,1463.232,1467.763,1473.844,1475.425,1478.709,1000,1000,1000,1000,1000,1000,1000,1592.077,1000,1000,1000,1000,1000,1000,1000,1000,1000,1000,1000,1000,1000,1000,1000,1000,1000,1000,1000,1000,1000,1000,1000,1000,1000,1000,1000,1000,1000,1000,1000,1000,1000,1000,1000,1000,1000,1000,1677.198,1658.225,1637.792,1618.332,1602.278,1000,1000,1578.926,1573.332,1571.142,1566.855,1564.978,1564.522,1653.846,1630.008,1619.305,1606.656,1584.521,1000,1563.48,1556.183,1549.25,1544.081,1542.531,1539.079,1537.544,1537.126,1627.576,1603.737,1590.116,1583.305,1561.169,1549.98,1538.061,1532.466,1522.007,1517.689,1513.523,1511.942,1510.346,1509.92,1000,1000,1559.467,1547.791,1530.277,1522.736,1514.344,1505.952,1500.419,1496.223,1491.601,1490.476,1489.016,1487.139,1578.926,1570.656,1547.304,1525.899,1518.115,1504.25,1488.925,1482.601,1478.344,1471.959,1467.763,1463.992,1460.617,1459.553,1550.71,1535.628,1525.899,1519.574,1511.79,1490.628,1480.168,1468.492,1460.952,1451.465,1448.607,1442.891,1441.34,1439.44,1439.029,1437.342,1436.711,1539.034,1516.169,1488.925,1475.79,1458.276,1446.6,1438.695,1432.127,1427.201,1000,1423.249,1419.6,1416.909,1000,1000,1000,1000,1000,1000,1000,1000,1000,1000,1000,1000,1000,1000,1000,1000,1000,1000,1000,1000,1000,1000,1000,1000,1000,1000,1000,1000,1000,1000,1000,1000,1000
1000,1000,1000,1000,1000,1000,1000,1000,1000,1000,1000,1000,1000,1000,1000,1000,1000,1000,1000,1000,1000,1000,1000,1000,1000,1000,1000,1000,1000,1000,1000,1000,1000,1240.814,1240.327,1240.327,1239.841,1245.192,1246.652,1254.436,1257.598,1265.139,1270.976,1276.328,1278.76,1286.058,1293.842,1296.274,1306.977,1313.788,1318.653,1325.95,1223.825,1224.091,1224.38,1224.927,1225.406,1226.204,1226.797,1227.922,1229.229,1231.206,1233.516,1235.098,1235.402,1235.645,1235.098,1233.76,1000,1000,1000,1225.246,1242.03,1251.03,1256.868,1261.247,1267.084,1271.949,1279.247,1282.652,1292.382,1298.22,1299.193,1306.49,1311.355,1315.247,1208.485,1208.918,1209.663,1210.864,1212.05,1212.81,1213.844,1213.844,1214.786,1216.733,1217.462,1220.077,1222.449,1224.03,1225.489,1227.679,1229.989,1232.422,1236.071,1238.381,1242.517,1245.679,1249.084,1253.219,1260.274,1266.598,1272.436,1280.22,1282.652,1286.058,1288.49,1294.815,1296.274,1306.977,1313.788,1322.058,1326.923,1223.901,1224.205,1224.38,1224.661,1224.995,1225.315,1225.315,1226.098,1226.918,1228.53,1229.594,1232.3,1233.273,1234.55,1236.253,1238.381,1239.598,1242.881,1246.409,1249.328,1253.949,1256.868,1260.03,1265.139,1268.787,1270.733,1273.895,1277.058,1000,1000,1000,1273.188,1273.029,1273.576,1273.88,1274.853,1000,1000,1000,1000,1000,1000,1000,1000,1000,1000,1000,1279.612,1276.875,1000,1000,1000,1000,1000,1000,1000,1000,1000,1000,1000,1000,1000,1000,1000,1261.125,1259.909,1264.044,1265.382,1267.206,1269.031,1271.463,1275.598,1279.004,1283.625,1288.733,1294.085,1297.734,1300.652,1306.004,1310.382,1317.68,1325.95,1333.248,1342.004,1349.788,1357.086,1254.96,1255.378,1255.621,1256.131,1256.716,1257.02,1258.601,1260.182,1262.098,1263.01,1264.652,1266.233,1267.084,1269.152,1271.828,1274.017,1275.841,1279.977,1285.085,1290.679,1297.004,1302.355,1305.761,1308.923,1315.247,1320.599,1328.383,1337.139,1345.896,1355.626,1000,1000,1000,1000,1000,1136.704,1138.65,1137.677,1136.218,1131.839,1123.083,1107.758,1100.461,1095.839,1093.65,1091.461,1089.515,1088.542,1087.082,1086.596,1087.082,1088.055,1087.569,1088.055,1087.569,1085.258,1084.406,1083.433,1082.582,1081.731,1081.731,1082.217,1082.582,1083.433,1085.258,1087.569,1089.028,1090.488,1091.461,1091.947,1092.677,1091.947,1093.163,1094.136,1095.839,1096.812,1099.731,1101.677,1108.488,1118.218,1130.38,1143.029,1150.326,1155.191,1157.137,1159.083,1155.191,1153.245,1153.245,1155.191,1157.137,1161.029,1000,1000,1000,1000,1404.762,1401.843,1403.302,1411.086,1417.897,1426.654,1439.303,1452.438,1000,1000,1000,1000,1212.111,1183.894,1173.678,1173.191,1171.732,1175.381,1000,1000,1000,1000,1000,1000,1000,1000,1000,1000,1000,1000,1000,1216.489,1215.03,1211.138,1202.867,1208.705,1000,1000,1000,1151.938,1152.052,1152.014,1151.862,1000,1000,1000,1000,1000,1000,1000,1000,1000,1000,1000,1000,1000,1000,1154.34,1151.968,1151.725,1150.874,1150.874,1000,1000,1407.924,1412.059,1414.978,1422.276,1433.952,1445.141,1449.033,1448.06,1456.817,1369.734,1370.077,1370.669,1371.726,1374.022,1375.724,1379.708,1384.329,1389.924,1391.87,1395.762,1397.1,1401.356,1405.492,1407.681,1415.951,1425.195,1435.411,1447.573,1462.655,1474.33,1492.331,1391.254,1391.893,1392.508,1394.682,1394.971,1398.742,1401.417,1403.302,1404.762,1409.14,1413.276,1418.505,1429.573,1446.6,1453.898,1464.601,1470.438,1485.033,1486.006,1496.709,1414.568,1415.632,1417.38,1420.695,1423.978,1423.978,1427.81,1431.397,1433.587,1437.479,1445.627,1448.79,1455.357,1469.222,1484.06,1000,1000,1436.399,1437.889,1439.577,1440.337,1441.34,1440.489,1443.742,1445.384,1000,1468.492,1484.547,1492.817,1510.331,1509.358,1518.601,1531.737,1545.358,1560.44,1459.842,1460.868,1462.381,1466.668,1471.715,1472.567,1474.087,1000,1000,1000,1000,1000,1593.019,1592.571,1591.879,1000,1000,1000,1000,1000,1000,1000,1000,1000,1000,1000,1000,1000,1000,1000,1000,1000,1000,1000,1000,1000,1000,1000,1000,1000,1000,1000,1000,1000,1000,1000,1000,1000,1000,1000,1000,1000,1591.575,1667.954,1650.927,1637.792,1618.332,1601.792,1593.035,1000,1577.649,1573.332,1570.717,1566.749,1565.472,1564.56,1648.495,1629.035,1620.765,1605.197,1589.143,1569.196,1565.791,1555.453,1547.061,1541.679,1540.767,1538.152,1537.354,1634.386,1632.441,1610.548,1594.494,1584.278,1563.115,1545.602,1535.872,1530.034,1520.608,1516.047,1512.611,1511.129,1510.072,1606.17,1000,1000,1000,1546.331,1531.493,1523.466,1512.885,1505.588,1499.202,1495.736,1490.932,1490.476,1489.26,1487.367,1575.034,1567.737,1543.899,1524.926,1518.115,1506.682,1490.871,1482.236,1476.885,1471.715,1466.851,1462.791,1460.245,1459.287,1542.439,1527.845,1522.98,1516.169,1510.331,1487.952,1477.979,1465.573,1458.884,1449.823,1446.965,1443.073,1441.006,1438.664,1000,1436.893,1000,1527.358,1510.331,1482.601,1467.763,1455.357,1000,1437.114,1432.492,1000,1000,1000,1000,1000,1000,1000,1000,1000,1000,1000,1000,1000,1000,1000,1000,1000,1000,1000,1000,1000,1000,1000,1000,1000,1000,1000,1000,1000,1000,1000,1000,1000,1000,1000,1000,1000,1000
1000,1000,1000,1000,1000,1000,1000,1000,1000,1000,1000,1000,1000,1000,1000,1000,1000,1000,1000,1000,1000,1000,1000,1000,1000,1000,1000,1000,1000,1000,1000,1000,1234.246,1238.868,1240.814,1240.814,1240.814,1245.192,1246.652,1252.003,1256.382,1264.409,1271.463,1275.355,1277.787,1284.112,1289.463,1292.869,1302.112,1310.869,1316.707,1323.031,1330.815,1223.977,1224.243,1224.661,1225.071,1225.991,1226.31,1227.466,1228.895,1230.78,1233.03,1235.098,1235.402,1235.645,1235.402,1233.516,1000,1000,1000,1225.733,1240.814,1250.301,1255.895,1259.787,1266.111,1271.949,1279.247,1286.544,1294.328,1300.166,1301.139,1307.463,1311.355,1208.295,1208.523,1209.154,1209.922,1210.864,1211.351,1212.506,1213.145,1213.479,1214.209,1216.976,1218.192,1220.381,1223.422,1225.125,1226.219,1227.314,1229.138,1231.206,1234.611,1238.381,1243.49,1246.652,1249.571,1253.219,1256.868,1263.679,1268.544,1276.328,1280.22,1285.085,1288.49,1295.301,1300.166,1310.869,1316.707,1322.058,1326.923,1223.863,1224.091,1224.334,1224.6,1225.071,1225.406,1225.778,1226.554,1227.77,1229.412,1230.172,1232.057,1233.516,1234.307,1236.253,1238.625,1241.057,1245.557,1250.179,1254.436,1260.76,1265.139,1267.084,1271.949,1272.436,1271.949,1273.895,1275.841,1000,1000,1000,1273.31,1273.135,1273.5,1273.88,1274.534,1000,1000,1000,1000,1000,1000,1000,1000,1000,1000,1000,1279.004,1277.362,1274.534,1000,1000,1000,1000,1000,1000,1000,1000,1000,1000,1000,1000,1000,1000,1261.49,1259.544,1262.341,1263.557,1265.382,1266.233,1270.49,1275.112,1279.004,1284.355,1291.409,1294.085,1299.193,1303.571,1307.463,1309.896,1317.68,1322.058,1328.383,1339.085,1347.842,1357.086,1254.998,1255.515,1255.735,1255.986,1256.45,1256.914,1257.689,1259.361,1261.125,1262.341,1263.922,1265.99,1268.24,1270.125,1272.557,1275.841,1277.058,1281.314,1287.031,1290.679,1296.274,1301.139,1305.761,1308.193,1314.761,1322.058,1329.356,1337.626,1344.923,1356.599,1000,1000,1000,1000,1000,1133.786,1136.218,1136.218,1134.272,1129.407,1118.704,1107.758,1099.245,1094.623,1092.677,1090.488,1088.542,1088.055,1086.596,1086.231,1087.082,1088.055,1088.055,1088.055,1087.569,1085.258,1083.92,1083.433,1082.582,1082.217,1082.217,1081.731,1082.217,1083.069,1084.406,1086.231,1088.542,1090.001,1090.974,1091.461,1091.947,1091.947,1092.677,1093.65,1095.353,1095.839,1098.028,1100.461,1105.812,1111.65,1126.975,1137.677,1147.407,1152.272,1155.191,1156.164,1156.164,1153.245,1155.191,1154.218,1156.164,1000,1000,1000,1000,1000,1403.302,1399.897,1407.194,1415.951,1422.762,1420.816,1000,1000,1000,1000,1000,1000,1000,1180.246,1175.381,1173.678,1172.218,1177.57,1000,1000,1000,1000,1000,1000,1000,1000,1000,1000,1000,1000,1000,1216.489,1209.678,1205.3,1199.462,1205.3,1000,1000,1000,1263.679,1151.938,1151.938,1151.9,1000,1000,1000,1000,1000,1000,1000,1000,1000,1000,1000,1000,1000,1000,1153.428,1151.178,1150.874,1149.84,1150.387,1000,1000,1403.059,1407.924,1411.573,1419.843,1426.168,1437.357,1443.195,1447.087,1459.736,1369.886,1370.327,1370.73,1371.528,1373.277,1375.177,1377.822,1381.897,1386.64,1389.924,1393.086,1396.127,1400.87,1405.492,1407.681,1417.897,1426.654,1436.384,1448.06,1462.655,1474.33,1494.277,1391.406,1392.075,1392.668,1394.409,1394.682,1397.708,1400.14,1402.208,1404.762,1410.6,1415.83,1422.276,1429.573,1443.195,1451.465,1457.79,1466.547,1484.06,1488.925,1497.682,1414.758,1415.632,1416.909,1420.695,1424.222,1424.465,1428.114,1431.397,1432.857,1436.627,1442.708,1448.06,1456.573,1467.276,1482.601,1499.141,1000,1435.897,1436.772,1437.691,1438.315,1439.881,1440.033,1444.168,1447.208,1460.1,1470.195,1489.898,1494.763,1510.331,1509.358,1000,1524.926,1539.52,1552.656,1459.515,1460.389,1462.259,1465.239,1469.77,1472.871,1475.79,1474.817,1000,1000,1000,1000,1592.51,1592.449,1591.841,1000,1000,1000,1000,1000,1000,1000,1000,1000,1000,1000,1000,1000,1000,1000,1000,1000,1000,1000,1000,1000,1000,1000,1000,1000,1000,1000,1000,1000,1000,1000,1000,1000,1000,1000,1000,1000,1684.009,1662.117,1647.035,1632.927,1617.603,1601.305,1590.724,1000,1576.494,1572.176,1569.774,1566.855,1565.776,1564.56,1647.522,1624.17,1613.954,1601.305,1587.926,1570.656,1566.277,1555.088,1546.088,1541.223,1539.733,1537.734,1634.386,1629.522,1620.278,1599.845,1584.278,1571.629,1555.575,1540.98,1532.466,1528.574,1520.121,1516.412,1512.49,1510.909,1510.11,1602.278,1576.494,1568.71,1554.602,1543.412,1530.764,1521.763,1513.858,1505.952,1500.419,1496.223,1491.935,1490.628,1489.898,1487.367,1572.115,1558.007,1534.656,1519.088,1512.52,1503.52,1491.358,1482.601,1476.52,1471.411,1466.668,1463.688,1460.693,1459.401,1548.764,1534.656,1528.818,1523.953,1518.115,1491.358,1479.195,1464.114,1456.817,1448.364,1444.168,1441.34,1439.729,1437.691,1437.266,1436.65,1536.115,1514.223,1501.088,1474.817,1461.925,1452.438,1442.344,1437.114,1432.857,1427.201,1424.222,1422.093,1000,1000,1000,1000,1000,1000,1000,1000,1000,1000,1000,1000,1000,1000,1000,1000,1000,1000,1000,1000,1000,1000,1000,1000,1000,1000,1000,1000,1000,1000,1000,1000,1000,1000,1000
1000,1000,1000,1000,1000,1000,1000,1000,1000,1000,1000,1000,1000,1000,1000,1000,1000,1000,1000,1000,1000,1000,1000,1000,1000,1000,1000,1000,1220.077,1000,1000,1000,1233.273,1235.584,1238.868,1238.381,1239.354,1243.976,1245.192,1248.354,1254.436,1262.22,1269.517,1275.355,1279.247,1285.085,1287.517,1290.923,1298.22,1306.004,1309.896,1317.68,1324.977,1332.761,1223.977,1224.38,1224.851,1225.581,1226.098,1227.329,1228.53,1230.172,1232.057,1233.273,1233.273,1233.76,1232.787,1231.875,1000,1000,1000,1223.3,1240.814,1252.49,1259.787,1263.193,1271.949,1275.355,1284.598,1288.49,1297.247,1299.193,1302.112,1305.517,1311.355,1208.257,1208.561,1209.032,1209.838,1210.53,1211.351,1212.202,1213.327,1213.479,1215.03,1217.705,1218.983,1220.928,1224.395,1225.489,1226.584,1227.679,1229.138,1230.841,1234.611,1238.868,1243.976,1246.652,1250.301,1253.219,1255.652,1259.544,1268.057,1275.355,1281.193,1287.517,1293.842,1299.193,1303.085,1312.815,1319.626,1324.977,1330.815,1223.977,1224.167,1224.288,1224.486,1224.995,1225.489,1225.991,1226.918,1228.074,1229.594,1230.598,1232.787,1234.854,1236.496,1238.99,1241.787,1244.341,1249.328,1253.949,1257.355,1263.436,1268.057,1269.517,1275.112,1277.058,1277.787,1279.977,1281.436,1000,1000,1000,1273.082,1273.135,1273.371,1273.804,1274.336,1275.324,1000,1000,1000,1000,1000,1000,1000,1000,1000,1000,1000,1000,1000,1000,1000,1000,1000,1000,1000,1000,1000,1000,1000,1000,1000,1000,1000,1263.557,1259.544,1261.49,1263.193,1264.895,1265.747,1270.003,1273.652,1277.787,1281.922,1288.004,1293.355,1299.193,1304.058,1308.923,1314.761,1318.653,1325.95,1333.248,1337.139,1347.842,1354.167,1254.922,1255.226,1255.515,1255.796,1256.29,1256.541,1257.233,1259.361,1260.912,1262.098,1264.166,1265.686,1267.084,1267.936,1270.733,1273.652,1277.058,1279.977,1286.058,1288.004,1293.355,1298.707,1303.085,1306.247,1311.112,1319.139,1327.896,1335.193,1343.95,1358.545,1371.68,1000,1000,1000,1000,1131.839,1135.245,1134.272,1130.38,1126.488,1116.029,1105.812,1098.028,1093.65,1091.461,1090.001,1088.055,1087.082,1086.231,1085.258,1086.596,1087.082,1087.082,1087.082,1086.596,1084.771,1083.92,1083.433,1082.582,1081.731,1081.731,1081.366,1082.217,1083.069,1083.92,1085.744,1088.055,1089.515,1090.001,1090.488,1090.488,1090.488,1090.974,1091.947,1093.65,1094.136,1096.326,1099.245,1103.38,1111.164,1125.029,1135.245,1145.461,1149.353,1152.272,1152.272,1152.272,1152.272,1154.218,1155.191,1157.137,1000,1000,1000,1000,1000,1000,1394.546,1000,1000,1000,1000,1000,1000,1000,1000,1000,1000,1000,1177.57,1173.191,1173.191,1172.218,1178.543,1000,1000,1000,1000,1000,1000,1000,1000,1000,1000,1000,1000,1000,1227.192,1208.705,1204.327,1200.435,1205.3,1000,1000,1000,1151.938,1152.287,1152.128,1152.166,1263.679,1000,1000,1000,1000,1000,1000,1350.541,1351.027,1351.149,1000,1000,1000,1000,1152.82,1151.968,1151.725,1150.63,1149.84,1000,1000,1399.654,1403.546,1410.113,1415.951,1421.303,1432.492,1436.87,1444.168,1455.844,1369.772,1370.039,1370.434,1371.179,1372.623,1374.478,1377.336,1380.012,1384.329,1387.735,1393.573,1396.613,1401.843,1407.194,1413.032,1419.114,1430.06,1440.762,1453.411,1466.547,1475.303,1491.358,1391.33,1391.893,1392.349,1394.029,1394.682,1398.316,1401.417,1403.607,1407.681,1413.762,1418.992,1423.249,1430.789,1440.519,1448.06,1453.898,1464.114,1483.087,1492.817,1504.006,1414.796,1415.86,1416.909,1419.417,1423.005,1423.978,1426.654,1430.06,1434.681,1438.33,1444.168,1451.465,1458.276,1464.601,1477.249,1000,1000,1435.897,1436.445,1437.425,1438.208,1439.729,1440.337,1445.141,1449.519,1461.438,1471.655,1486.006,1489.168,1506.925,1516.169,1532.709,1537.574,1549.737,1459.401,1459.796,1460.693,1462.259,1465.239,1000,1471.107,1476.885,1000,1000,1000,1000,1000,1000,1592.274,1000,1000,1000,1000,1000,1000,1000,1000,1000,1000,1000,1000,1000,1000,1000,1000,1000,1000,1000,1000,1000,1000,1000,1000,1000,1000,1000,1000,1000,1000,1000,1000,1000,1000,1000,1000,1000,1000,1673.792,1654.333,1644.603,1631.468,1619.792,1603.494,1594.494,1582.332,1576.494,1571.751,1568.467,1565.396,1564.833,1656.765,1635.846,1621.738,1000,1604.224,1591.089,1574.548,1564.453,1553.629,1544.933,1540.919,1539.855,1537.681,1627.576,1620.278,1612.494,1587.683,1569.683,1559.223,1545.602,1533.682,1526.385,1525.412,1520.121,1516.412,1513.113,1511.372,1510.148,1594.981,1569.196,1563.359,1550.71,1541.953,1534.656,1524.439,1513.858,1505.223,1499.81,1494.094,1490.78,1489.503,1488.91,1486.797,1563.845,1550.223,1531.25,1513.25,1511.304,1503.033,1493.547,1483.087,1477.979,1471.411,1465.817,1462.655,1460.952,1459.439,1552.656,1543.412,1531.737,1521.52,1514.223,1491.358,1479.195,1467.033,1460.1,1449.823,1444.898,1441.887,1439.577,1437.425,1436.893,1436.354,1531.25,1511.304,1496.709,1474.33,1458.276,1449.762,1441.37,1434.681,1430.06,1000,1000,1419.417,1000,1000,1000,1000,1000,1000,1000,1000,1000,1000,1000,1000,1000,1000,1000,1000,1000,1000,1000,1000,1000,1000,1000,1000,1000,1000,1000,1000,1000,1000,1000,1000,1000,1000,1000
1000,1000,1000,1000,1000,1000,1000,1000,1000,1000,1000,1000,1000,1000,1000,1000,1000,1000,1000,1000,1000,1000,1000,1000,1000,1000,1000,1000,1000,1000,1000,1229.138,1232.422,1235.098,1237.408,1238.868,1240.327,1245.192,1246.165,1249.084,1255.165,1261.49,1268.057,1272.436,1275.355,1281.193,1284.112,1288.49,1294.815,1304.058,1306.977,1314.761,1322.058,1332.761,1223.977,1224.38,1224.782,1225.315,1225.778,1226.797,1227.922,1229.229,1230.598,1231.875,1231.875,1232.057,1231.875,1230.962,1234.55,1000,1000,1000,1240.084,1252.49,1259.787,1263.679,1269.517,1272.922,1279.247,1281.679,1290.436,1293.355,1300.166,1303.085,1310.382,1317.193,1208.523,1209.032,1209.838,1210.636,1211.351,1212.05,1212.962,1213.145,1214.604,1217.705,1220.381,1222.145,1225.854,1226.584,1225.489,1225.854,1228.043,1229.625,1234.246,1238.868,1244.463,1246.165,1249.571,1251.517,1253.949,1258.328,1266.598,1274.868,1284.112,1290.436,1296.274,1303.085,1306.977,1311.842,1317.68,1324.004,1326.923,1223.901,1224.129,1224.334,1224.661,1225.231,1225.687,1226.432,1227.329,1228.226,1229.777,1230.78,1232.787,1235.645,1237.408,1241.057,1244.341,1246.773,1250.665,1254.436,1258.084,1263.436,1270.733,1273.166,1277.787,1280.706,1282.166,1281.436,1281.436,1000,1000,1000,1272.983,1272.938,1273.082,1273.5,1273.804,1274.427,1275.568,1277.179,1000,1000,1000,1000,1000,1000,1000,1000,1000,1000,1000,1000,1000,1000,1000,1000,1000,1000,1000,1000,1506.196,1000,1000,1000,1000,1259.179,1257.355,1258.449,1259.544,1261.976,1263.557,1267.571,1270.976,1276.328,1280.22,1286.787,1292.625,1299.193,1302.599,1308.923,1312.815,1315.247,1321.572,1328.383,1337.139,1344.923,1354.167,1361.951,1255.074,1255.302,1255.735,1256.366,1256.541,1257.233,1258.601,1259.848,1260.912,1262.767,1265.199,1266.537,1268.24,1271.463,1275.112,1277.544,1280.95,1286.058,1289.22,1293.355,1297.49,1303.085,1305.761,1311.112,1317.68,1325.95,1332.761,1341.518,1352.707,1363.41,1000,1000,1000,1000,1131.353,1132.813,1131.353,1126.488,1120.164,1112.38,1104.109,1098.028,1093.65,1090.488,1088.542,1087.082,1085.744,1084.771,1084.406,1085.258,1085.258,1086.231,1086.231,1086.231,1084.406,1083.433,1083.069,1082.217,1081.731,1081.731,1081.731,1081.731,1082.582,1083.433,1084.771,1086.231,1088.055,1088.542,1089.515,1089.028,1088.542,1089.028,1090.488,1091.461,1093.163,1095.839,1098.028,1101.677,1107.758,1116.758,1130.38,1140.596,1144.975,1150.326,1150.326,1149.353,1149.353,1152.272,1148.38,1150.326,1000,1000,1000,1000,1000,1000,1000,1000,1000,1000,1000,1000,1000,1000,1000,1000,1000,1000,1173.191,1172.705,1173.191,1172.218,1177.083,1000,1000,1000,1000,1000,1000,1000,1000,1000,1329.059,1000,1000,1000,1000,1210.651,1203.84,1201.408,1206.759,1000,1000,1000,1152.166,1152.432,1152.09,1151.9,1254.922,1000,1000,1000,1000,1000,1443.681,1451.465,1350.617,1350.974,1351.483,1000,1000,1000,1151.725,1150.874,1150.387,1150.387,1149.597,1000,1000,1402.329,1405.735,1410.113,1413.519,1419.843,1429.573,1438.33,1446.114,1460.709,1369.963,1370.191,1370.434,1371.262,1372.38,1373.87,1376.302,1379.221,1382.444,1385.302,1391.87,1397.1,1404.519,1409.87,1415.951,1421.789,1430.06,1437.843,1452.438,1462.655,1470.438,1484.547,1391.33,1391.786,1392.136,1393.451,1394.682,1397.525,1399.411,1402.755,1406.951,1412.059,1418.992,1425.438,1431.276,1437.357,1445.141,1448.06,1459.249,1480.168,1492.817,1504.979,1414.91,1416.111,1416.909,1419.083,1421.668,1421.668,1424.769,1430.06,1435.897,1440.884,1449.276,1457.79,1463.871,1468.492,1487.466,1496.709,1000,1000,1000,1438.208,1439.881,1441.523,1443.317,1447.756,1454.992,1467.52,1472.871,1484.547,1488.682,1504.006,1515.196,1538.547,1536.601,1554.602,1459.553,1460.002,1460.693,1462.381,1464.692,1467.52,1469.77,1473.844,1000,1000,1000,1000,1000,1591.689,1000,1000,1000,1000,1000,1000,1000,1000,1000,1000,1000,1000,1000,1000,1000,1000,1000,1000,1000,1000,1000,1000,1000,1000,1000,1000,1000,1000,1000,1000,1000,1000,1000,1000,1000,1000,1000,1000,1000,1000,1647.035,1638.765,1629.035,1615.656,1599.602,1590.724,1579.899,1576.494,1572.419,1569.592,1566.034,1565.396,1656.765,1630.981,1613.954,1601.792,1590.359,1582.818,1569.683,1560.075,1550.71,1544.507,1539.976,1539.612,1537.544,1626.603,1611.521,1609.575,1585.251,1566.764,1554.845,1545.115,1531.615,1525.047,1524.074,1519.574,1515.834,1512.733,1510.84,1509.958,1587.197,1563.359,1556.061,1545.358,1537.818,1530.277,1519.574,1511.547,1504.493,1498.351,1493.486,1490.324,1488.484,1487.489,1576.98,1555.088,1537.574,1520.547,1507.412,1503.52,1496.709,1491.844,1483.939,1477.249,1470.864,1465.057,1462.016,1460.534,1459.401,1553.629,1544.385,1529.791,1515.196,1505.466,1487.222,1474.33,1462.776,1455.722,1448.06,1442.465,1441.006,1438.208,1437.038,1436.399,1436.164,1521.034,1508.385,1492.331,1474.33,1457.06,1449.276,1441.37,1434.316,1428.418,1425.012,1000,1000,1000,1000,1000,1000,1000,1000,1000,1000,1000,1000,1000,1000,1000,1000,1000,1000,1000,1000,1000,1000,1000,1000,1000,1000,1000,1000,1000,1000,1000,1000,1000,1000,1000,1000,1000
1000,1000,1000,1000,1000,1000,1000,1000,1000,1000,1000,1000,1000,1000,1000,1000,1000,1000,1000,1000,1000,1000,1000,1000,1000,1000,1000,1000,1000,1220.381,1223.787,1226.949,1230.841,1231.571,1235.098,1236.435,1239.841,1243.49,1243.976,1246.165,1252.49,1257.598,1264.409,1270.976,1274.868,1277.787,1282.652,1286.058,1293.842,1301.139,1306.977,1313.788,1321.085,1326.923,1223.863,1224.167,1224.6,1224.927,1225.581,1226.554,1227.618,1228.895,1229.989,1230.78,1230.78,1230.598,1231.206,1230.598,1000,1000,1000,1000,1243.49,1258.328,1263.193,1265.625,1270.49,1273.895,1276.328,1283.625,1291.409,1295.301,1302.112,1306.49,1310.382,1208.295,1208.561,1209.154,1209.663,1210.317,1210.743,1211.488,1212.202,1212.81,1213.661,1216.976,1219.287,1220.928,1224.395,1228.043,1226.949,1227.679,1231.206,1232.908,1235.584,1239.841,1244.463,1246.165,1248.354,1250.787,1254.436,1260.274,1268.057,1279.247,1287.517,1293.842,1297.247,1305.031,1305.031,1310.869,1315.734,1324.004,1330.815,1223.977,1224.167,1224.433,1224.661,1225.315,1226.098,1227.329,1228.226,1229.412,1230.354,1231.631,1233.516,1237.104,1239.354,1243.611,1245.557,1247.625,1250.665,1254.436,1255.895,1262.22,1268.057,1270.003,1275.112,1279.977,1281.436,1284.112,1282.652,1000,1000,1273.135,1272.778,1272.588,1272.854,1273.249,1273.432,1273.964,1274.64,1275.568,1277.027,1279.855,1000,1000,1000,1000,1122.383,1121.349,1120.589,1000,1000,1118.856,1118.856,1119.404,1000,1000,1000,1000,1000,1000,1000,1000,1000,1000,1000,1259.544,1257.719,1256.99,1259.544,1261.976,1263.557,1268.057,1271.949,1275.598,1278.517,1284.355,1290.679,1294.815,1301.139,1304.058,1310.382,1315.247,1321.572,1328.383,1334.22,1343.95,1348.815,1357.086,1254.922,1255.226,1255.621,1256.131,1256.716,1257.339,1258.328,1259.057,1260.547,1262.524,1264.166,1265.686,1266.78,1269.76,1271.828,1276.328,1279.612,1285.085,1288.004,1291.166,1296.274,1300.652,1305.031,1309.653,1316.22,1323.518,1331.788,1340.545,1350.761,1361.464,1000,1000,1000,1000,1127.948,1127.948,1126.488,1121.137,1115.299,1108.488,1101.677,1096.812,1093.163,1090.488,1088.542,1087.569,1086.231,1085.258,1083.92,1084.406,1083.92,1084.406,1084.406,1084.406,1083.433,1083.069,1082.217,1081.731,1081.366,1081.001,1081.001,1081.366,1081.731,1082.217,1083.433,1084.771,1086.231,1086.596,1087.569,1087.082,1087.569,1087.569,1088.542,1090.001,1091.461,1093.65,1096.812,1100.947,1105.812,1113.839,1126.488,1136.704,1143.029,1145.461,1146.434,1145.461,1146.434,1148.38,1147.407,1000,1000,1000,1000,1000,1000,1000,1000,1000,1000,1000,1000,1000,1000,1000,1000,1000,1000,1000,1172.218,1174.408,1175.867,1178.543,1182.192,1000,1000,1000,1000,1000,1000,1000,1329.211,1000,1329.325,1329.173,1329.059,1000,1000,1211.138,1197.03,1197.03,1199.462,1000,1000,1000,1152.166,1152.432,1152.052,1151.9,1256.868,1234.003,1234.003,1000,1000,1000,1440.276,1447.573,1453.411,1350.389,1350.776,1000,1000,1000,1152.576,1151.968,1150.874,1150.387,1148.624,1000,1000,1399.654,1404.275,1405.735,1410.6,1416.924,1424.708,1435.897,1444.168,1458.763,1472.871,1369.924,1370,1370.73,1371.437,1372.745,1374.478,1377.579,1379.221,1381.897,1389.194,1394.789,1401.356,1408.897,1413.519,1417.167,1424.465,1432.492,1443.195,1453.411,1463.628,1478.222,1391.254,1392.136,1392.759,1393.907,1395.427,1397.708,1398.742,1401.904,1406.708,1411.694,1419.357,1424.222,1429.087,1432.492,1440.519,1442.465,1452.925,1473.357,1489.898,1501.574,1414.72,1415.7,1416.392,1418.034,1420.299,1421.303,1424.465,1430.06,1436.262,1441.857,1446.114,1455.844,1463.871,1468.492,1487.952,1506.439,1000,1436.354,1437.6,1438.786,1441.523,1442.891,1445.871,1447.208,1452.803,1457.668,1467.033,1475.547,1485.276,1497.196,1511.79,1529.791,1533.682,1551.683,1459.591,1459.948,1460.534,1462.016,1000,1000,1470.317,1472.871,1000,1000,1000,1000,1000,1000,1000,1000,1000,1000,1000,1000,1000,1000,1000,1000,1000,1000,1000,1000,1000,1000,1000,1000,1000,1000,1000,1000,1000,1000,1000,1000,1000,1000,1000,1000,1000,1000,1000,1000,1000,1000,1000,1000,1000,1000,1000,1635.359,1626.116,1000,1000,1000,1577.649,1574.061,1570.534,1568.619,1565.951,1565.206,1653.846,1634.873,1613.954,1596.927,1585.251,1575.521,1565.305,1558.494,1551.318,1545.358,1541.679,1540.098,1537.506,1628.549,1609.575,1598.873,1579.413,1561.169,1000,1000,1530.399,1524.439,1523.466,1519.331,1515.834,1512.049,1510.3,1603.251,1578.44,1559.467,1552.169,1544.872,1537.331,1531.493,1519.088,1509.844,1501.331,1495.493,1491.236,1488.697,1487.557,1486.911,1572.115,1553.142,1535.142,1518.115,1509.358,1503.52,1496.709,1491.358,1483.939,1475.06,1468.492,1462.928,1460.777,1460.245,1459.363,1560.44,1546.331,1533.682,1516.169,1506.925,1487.952,1476.033,1464.114,1455.722,1448.06,1442.465,1440.823,1437.798,1436.49,1435.897,1531.25,1509.358,1495.736,1000,1474.33,1000,1000,1000,1000,1426.958,1000,1000,1000,1000,1000,1000,1000,1000,1000,1000,1000,1000,1000,1000,1000,1000,1000,1000,1000,1000,1000,1000,1000,1000,1000,1000,1000,1000,1000,1000,1000,1000,1000,1000,1000,1000,1000,1000
1000,1000,1000,1000,1000,1000,1000,1000,1000,1000,1000,1000,1000,1000,1000,1000,1000,1000,1000,1000,1000,1000,1000,1000,1000,1000,1000,1000,1000,1220.381,1222.449,1225.489,1229.989,1230.841,1233.76,1235.098,1238.381,1241.3,1243.003,1245.679,1252.003,1257.598,1262.949,1268.057,1270.976,1275.355,1278.76,1282.652,1290.923,1300.166,1307.95,1314.761,1324.004,1330.815,1223.939,1224.167,1224.722,1225.071,1225.778,1226.918,1228.074,1228.895,1229.777,1230.598,1230.962,1231.388,1231.875,1232.3,1236.496,1000,1000,1000,1245.922,1261.247,1265.625,1268.057,1274.868,1275.355,1277.301,1285.571,1292.382,1295.301,1304.058,1312.328,1314.274,1208.333,1208.485,1209.032,1209.359,1209.838,1210.53,1211.229,1211.898,1213.145,1214.604,1217.949,1221.537,1222.814,1225.854,1229.138,1228.773,1229.138,1232.057,1233.76,1236.435,1240.814,1244.463,1247.382,1250.301,1252.003,1255.652,1261.003,1265.868,1275.355,1281.679,1285.085,1290.436,1302.112,1303.085,1311.842,1318.653,1324.004,1326.923,1223.977,1224.167,1224.486,1224.661,1225.489,1226.432,1227.77,1228.712,1229.777,1230.962,1232.787,1234.064,1237.104,1240.327,1243.611,1245.557,1247.99,1252.003,1254.436,1258.084,1263.922,1271.949,1273.166,1278.517,1282.652,1284.112,1285.085,1282.652,1000,1000,1273.135,1272.74,1272.588,1272.854,1273.135,1273.371,1273.88,1274.336,1274.534,1275.203,1276.875,1000,1000,1000,1120.437,1120.027,1119.89,1119.647,1119.647,1119.282,1119.069,1118.963,1119.768,1120.893,1000,1000,1000,1000,1000,1000,1000,1000,1000,1000,1256.26,1256.625,1255.165,1258.449,1260.274,1262.341,1267.206,1270.49,1274.625,1277.787,1283.139,1287.517,1292.625,1297.734,1304.058,1307.95,1314.761,1320.599,1327.41,1334.22,1340.058,1345.896,1350.761,1362.924,1255.15,1255.515,1256.131,1256.914,1257.127,1258.191,1258.753,1260.365,1262.098,1263.679,1265.686,1267.084,1269.517,1272.557,1275.841,1279.125,1283.139,1287.031,1290.679,1295.788,1301.869,1305.761,1309.653,1318.166,1323.518,1331.788,1338.599,1348.815,1355.626,1368.761,1000,1000,1000,1121.623,1125.029,1121.623,1116.758,1111.65,1106.542,1100.947,1095.839,1091.947,1090.001,1088.055,1086.596,1085.744,1084.771,1083.069,1082.582,1082.217,1082.217,1082.582,1083.069,1082.582,1082.217,1081.731,1081.366,1081.001,1080.515,1081.001,1081.001,1081.001,1081.366,1082.582,1083.069,1083.92,1084.406,1085.744,1085.744,1086.231,1086.596,1088.055,1088.542,1090.001,1091.947,1095.839,1098.515,1104.109,1109.218,1117.245,1125.515,1134.272,1140.596,1142.056,1143.029,1144.975,1147.407,1147.407,1000,1000,1000,1000,1000,1000,1000,1000,1000,1000,1000,1000,1000,1000,1000,1000,1000,1000,1000,1166.137,1169.786,1169.786,1172.705,1175.381,1185.11,1000,1000,1000,1000,1000,1328.907,1328.869,1329.462,1329.371,1329.325,1329.135,1000,1000,1213.084,1197.03,1195.57,1198.003,1000,1000,1259.787,1152.128,1152.333,1151.976,1151.862,1254.922,1224.76,1224.76,1000,1000,1000,1424.708,1435.411,1444.654,1350.275,1350.579,1000,1000,1153.428,1151.725,1151.421,1150.387,1150.387,1148.867,1000,1000,1398.924,1404.275,1403.546,1413.032,1416.924,1422.276,1434.924,1445.141,1456.817,1369.734,1370.115,1370.381,1371.437,1372.258,1373.277,1375.177,1378.005,1380.802,1383.66,1391.14,1397.1,1402.816,1409.384,1414.735,1417.897,1425.195,1432.492,1442.708,1450.006,1463.628,1479.195,1391.406,1392.508,1393.557,1394.546,1396.248,1397.951,1399.411,1403.85,1408.046,1410.965,1417.167,1422.276,1427.384,1429.573,1438.573,1443.925,1454.384,1473.357,1497.682,1510.817,1414.948,1416.194,1416.803,1418.323,1420.117,1422.58,1425.255,1431.397,1436.627,1443.681,1444.168,1455.357,1465.33,1474.33,1492.817,1504.493,1000,1435.897,1436.65,1437.517,1440.337,1441.887,1444.654,1445.871,1452.438,1455.722,1465.087,1473.357,1486.006,1498.655,1518.601,1531.737,1535.628,1553.629,1459.705,1459.948,1460.389,1461.773,1463.536,1000,1469.222,1474.817,1000,1000,1000,1000,1000,1000,1000,1000,1000,1000,1000,1000,1000,1000,1000,1000,1000,1000,1000,1000,1000,1000,1000,1000,1000,1000,1000,1000,1000,1000,1000,1000,1000,1000,1000,1000,1000,1000,1000,1000,1000,1000,1000,1000,1000,1000,1000,1000,1000,1000,1000,1000,1578.561,1574.305,1570.899,1000,1565.396,1564.788,1642.657,1623.684,1603.737,1587.926,1577.953,1568.224,1562.142,1554.723,1549.25,1545.176,1542.196,1540.098,1537.59,1627.576,1609.575,1596.44,1576.98,1000,1000,1538.061,1530.034,1522.858,1522.858,1519.331,1515.834,1512.368,1510.544,1609.089,1578.44,1560.926,1549.737,1539.764,1530.764,1525.655,1515.196,1506.317,1498.655,1493.912,1490.035,1488.195,1487.139,1486.569,1561.899,1545.845,1526.385,1514.709,1507.898,1501.331,1493.547,1489.412,1482.601,1474.087,1467.337,1462.518,1460.534,1460.184,1459.325,1000,1000,1536.601,1515.196,1506.439,1488.682,1477.979,1464.114,1455.357,1447.756,1442.283,1440.337,1438.208,1436.772,1435.974,1537.088,1522.007,1507.412,1495.736,1481.141,1461.925,1000,1000,1431.033,1424.769,1421.303,1000,1000,1000,1000,1000,1000,1000,1000,1000,1000,1000,1000,1000,1000,1000,1000,1000,1000,1000,1000,1000,1000,1000,1000,1000,1000,1000,1000,1000,1000,1000,1000,1000,1000,1000,1000,1000
1000,1000,1000,1000,1000,1000,1000,1000,1000,1000,1000,1000,1000,1000,1000,1000,1000,1000,1000,1000,1000,1000,1000,1000,1000,1000,1000,1000,1000,1000,1219.53,1223.422,1227.679,1228.773,1229.989,1231.206,1233.76,1236.435,1237.895,1242.517,1248.354,1253.949,1258.328,1264.409,1268.057,1272.436,1276.814,1281.679,1290.923,1301.139,1307.95,1315.734,1324.977,1327.896,1223.825,1224.167,1224.6,1224.782,1225.489,1226.675,1227.192,1228.074,1228.895,1229.777,1230.354,1231.388,1231.631,1232.787,1236.8,1000,1000,1000,1243.49,1259.301,1263.679,1264.652,1269.517,1271.949,1274.868,1282.652,1290.436,1295.301,1304.058,1312.328,1315.247,1208.371,1208.637,1209.283,1209.838,1210.317,1211.624,1212.05,1212.81,1214.026,1215.82,1217.949,1222.449,1222.814,1224.76,1228.408,1228.043,1228.408,1232.908,1234.611,1236.922,1240.814,1243.976,1246.165,1250.301,1251.517,1257.598,1261.003,1266.598,1274.868,1282.652,1284.112,1291.896,1303.085,1304.058,1309.896,1321.085,1327.896,1331.788,1224.053,1224.243,1224.6,1224.927,1225.778,1226.797,1227.77,1228.895,1229.594,1230.78,1232.787,1234.307,1236.496,1239.598,1242.517,1245.192,1247.625,1250.179,1252.49,1256.382,1260.76,1268.787,1272.436,1277.787,1284.112,1288.49,1288.49,1286.544,1000,1000,1272.854,1272.512,1379.464,1272.55,1272.816,1272.983,1273.371,1273.576,1274.055,1274.23,1000,1000,1000,1119.647,1119.176,1118.75,1118.75,1118.461,1118.377,1118.552,1118.552,1118.659,1119.404,1120.589,1122.201,1000,1000,1000,1000,1000,1000,1000,1000,1000,1000,1256.625,1255.53,1258.449,1261.125,1263.557,1266.72,1270.003,1273.652,1275.598,1279.49,1284.355,1290.193,1295.544,1303.571,1307.463,1313.788,1321.572,1329.356,1333.248,1341.031,1344.923,1350.761,1357.086,1254.998,1255.469,1256.131,1256.914,1257.568,1258.464,1259.209,1260.365,1262.098,1263.679,1265.686,1266.537,1268.24,1270.49,1273.652,1277.058,1280.95,1285.571,1288.49,1294.571,1299.923,1306.247,1308.193,1314.761,1320.599,1329.356,1336.167,1344.923,1350.761,1361.464,1000,1000,1000,1118.704,1121.623,1118.704,1113.839,1108.488,1102.65,1099.245,1093.65,1090.974,1089.028,1088.055,1086.596,1085.258,1084.406,1082.582,1081.731,1081.366,1081.366,1081.366,1081.731,1081.366,1081.366,1081.001,1080.515,1080.15,1079.785,1080.15,1080.15,1080.15,1081.001,1082.217,1082.217,1082.582,1083.069,1083.92,1083.92,1084.771,1085.258,1086.596,1087.082,1088.542,1090.974,1094.136,1095.839,1100.947,1104.596,1111.65,1121.137,1129.407,1134.272,1140.596,1139.623,1143.029,1146.434,1148.38,1000,1000,1000,1000,1000,1000,1000,1000,1000,1000,1000,1000,1000,1000,1000,1000,1000,1000,1000,1159.205,1164.799,1167.475,1169.786,1171.245,1174.408,1000,1000,1000,1000,1000,1432.979,1431.033,1329.249,1329.287,1329.371,1329.287,1000,1000,1000,1198.975,1196.543,1200.435,1000,1000,1000,1152.242,1152.66,1152.204,1151.976,1151.824,1236.922,1234.003,1000,1000,1000,1428.6,1442.708,1447.573,1452.438,1350.389,1000,1000,1152.82,1151.178,1150.874,1150.387,1150.387,1148.624,1000,1000,1401.113,1405.005,1405.005,1412.059,1417.411,1422.276,1433.952,1443.195,1450.979,1469.952,1369.849,1370.153,1371.262,1372.38,1373.277,1374.995,1377.822,1380.498,1383.052,1390.654,1397.586,1404.032,1409.87,1415.951,1418.384,1423.735,1431.519,1444.168,1451.952,1459.736,1477.249,1391.14,1392.349,1393.132,1394.546,1396.248,1398.133,1399.654,1405.37,1409.14,1412.911,1418.019,1422.762,1428.6,1431.276,1439.303,1450.006,1460.709,1479.195,1504.979,1515.682,1414.948,1416.194,1417.502,1418.323,1420.117,1422.336,1423.978,1428.722,1437.114,1446.6,1448.79,1456.573,1465.33,1469.952,1485.52,1499.141,1000,1538.061,1436.711,1000,1441.006,1442.708,1445.384,1446.175,1451.465,1454.263,1462.776,1470.195,1481.628,1492.087,1509.358,1524.926,1530.764,1548.764,1459.553,1460.123,1460.245,1461.347,1463.688,1464.874,1468.979,1472.871,1000,1000,1000,1000,1000,1000,1000,1000,1000,1000,1000,1000,1000,1000,1000,1000,1000,1000,1000,1000,1000,1000,1000,1000,1000,1000,1000,1000,1000,1000,1000,1000,1000,1000,1000,1000,1000,1000,1000,1000,1000,1000,1000,1000,1000,1000,1000,1000,1000,1000,1000,1000,1577.041,1573.575,1570.899,1000,1565.616,1564.879,1646.549,1627.089,1609.089,1592.548,1577.953,1566.277,1560.075,1553.629,1549.798,1545.845,1543.078,1541.223,1538.152,1633.413,1609.575,1593.521,1578.44,1558.494,1549.494,1545.115,1000,1526.75,1524.439,1521.155,1515.105,1512.368,1510.3,1606.17,1572.115,1562.386,1548.277,1538.547,1529.791,1524.439,1511.182,1504.493,1496.77,1492.483,1489.138,1487.633,1486.797,1581.845,1560.926,1545.845,1527.845,1517.628,1507.412,1499.385,1489.898,1485.276,1478.344,1472.567,1466.06,1462.016,1459.895,1459.796,1552.656,1555.575,1546.331,1531.737,1511.79,1504.006,1487.222,1478.466,1465.573,1454.627,1447.208,1442.708,1439.881,1437.798,1436.445,1536.115,1525.899,1515.196,1505.466,1492.331,1481.141,1000,1449.762,1442.708,1432.492,1000,1000,1000,1000,1000,1000,1000,1000,1000,1000,1000,1000,1000,1000,1000,1000,1000,1000,1000,1000,1000,1000,1000,1000,1000,1000,1000,1000,1000,1000,1000,1000,1000,1000,1000,1000,1000,1000,1000
1000,1000,1000,1000,1000,1000,1000,1000,1000,1000,1000,1000,1000,1000,1000,1000,1000,1000,1000,1000,1000,1000,1000,1000,1000,1000,1000,1000,1000,1000,1219.53,1223.057,1227.314,1228.043,1229.138,1229.989,1232.422,1235.098,1237.408,1242.517,1248.354,1252.49,1257.598,1263.679,1265.868,1269.517,1276.328,1281.679,1290.923,1300.166,1310.869,1316.707,1325.95,1329.842,1223.901,1224.091,1224.433,1224.6,1225.231,1225.991,1226.675,1227.618,1228.895,1229.989,1231.388,1232.787,1234.064,1235.645,1241.057,1000,1000,1000,1000,1257.355,1262.22,1263.679,1267.084,1270.49,1270.49,1280.706,1288.49,1296.274,1304.058,1316.22,1317.193,1208.409,1208.721,1209.587,1209.922,1210.317,1211.107,1211.229,1211.624,1213.145,1214.786,1217.462,1222.145,1222.814,1223.787,1227.314,1227.314,1227.314,1231.206,1233.76,1236.435,1239.841,1242.517,1246.165,1250.787,1253.219,1260.274,1266.598,1269.517,1276.328,1281.193,1281.679,1288.49,1302.112,1302.112,1312.815,1318.653,1326.923,1330.815,1224.015,1224.167,1224.6,1224.995,1225.991,1226.797,1228.226,1229.412,1230.172,1230.78,1233.273,1234.064,1236.253,1238.99,1241.787,1243.976,1247.625,1249.814,1252.003,1258.571,1262.949,1268.787,1273.895,1279.247,1282.652,1287.031,1288.49,1285.085,1000,1000,1272.664,1379.464,1376.545,1272.512,1272.626,1272.854,1272.983,1273.188,1273.31,1000,1000,1000,1118.75,1118.203,1117.967,1117.693,1117.632,1117.572,1117.754,1117.898,1118.286,1118.856,1119.647,1120.589,1122.748,1000,1000,1000,1000,1000,1000,1000,1000,1000,1000,1257.355,1256.26,1259.179,1261.976,1263.557,1267.206,1271.463,1274.625,1276.328,1280.22,1283.625,1290.679,1294.815,1305.031,1307.463,1314.761,1317.68,1326.437,1329.356,1338.112,1344.923,1349.788,1358.059,1255.074,1255.469,1255.857,1256.541,1257.02,1257.811,1258.464,1259.666,1262.098,1263.679,1265.199,1267.936,1269.152,1270.49,1274.017,1276.693,1281.314,1286.544,1291.166,1295.058,1299.193,1305.761,1306.977,1313.301,1317.68,1323.518,1331.788,1339.572,1342.977,1354.653,1000,1000,1000,1116.029,1119.677,1116.758,1112.38,1105.812,1100.947,1097.542,1093.65,1090.488,1088.055,1087.569,1086.231,1084.771,1083.92,1082.217,1081.001,1081.001,1081.001,1081.001,1081.366,1080.515,1080.15,1079.785,1079.785,1079.785,1079.298,1079.298,1079.785,1079.785,1079.785,1081.001,1081.366,1081.366,1082.582,1083.069,1083.92,1084.771,1085.744,1086.231,1086.596,1087.569,1089.028,1091.947,1094.623,1098.515,1100.947,1107.758,1114.569,1123.083,1130.38,1136.218,1136.218,1140.596,1144.002,1148.38,1000,1000,1000,1000,1310.109,1310.618,1311.933,1313.545,1313.545,1314.335,1316.403,1318.166,1318.896,1321.268,1323.031,1325.585,1000,1339.572,1000,1000,1166.989,1167.962,1170.759,1167.475,1167.962,1000,1000,1000,1000,1000,1000,1426.168,1000,1329.211,1329.416,1328.907,1000,1000,1000,1198.975,1195.57,1200.435,1000,1000,1000,1152.128,1152.538,1151.976,1257.841,1250.544,1000,1000,1000,1000,1399.411,1419.843,1436.384,1441.735,1441.735,1000,1000,1000,1154.036,1151.421,1151.178,1150.083,1150.387,1148.38,1000,1000,1393.573,1398.924,1397.221,1407.194,1413.519,1419.843,1432.492,1441.249,1448.06,1466.06,1369.849,1370.282,1371.262,1372.38,1373.14,1374.66,1377.822,1381.349,1383.356,1389.559,1396.613,1403.302,1407.681,1413.519,1417.897,1423.005,1431.519,1441.735,1450.006,1458.763,1476.276,1494.277,1392.584,1393.345,1394.272,1395.731,1397.13,1397.708,1402.998,1406.343,1409.14,1416.194,1420.33,1426.411,1429.573,1441.979,1450.006,1464.601,1479.195,1501.574,1510.817,1414.994,1415.936,1417.38,1418.034,1419.6,1421.303,1423.978,1428.722,1436.262,1446.114,1452.438,1460.222,1469.222,1477.736,1491.358,1501.088,1515.196,1532.223,1436.316,1437.038,1439.577,1441.34,1443.317,1444.654,1449.215,1451.465,1457.303,1465.573,1477.249,1487.952,1504.006,1512.763,1520.547,1535.628,1552.656,1459.363,1459.948,1460.534,1462.381,1462.928,1467.337,1470.317,1000,1000,1000,1000,1000,1000,1000,1000,1000,1000,1000,1000,1000,1000,1000,1000,1000,1000,1000,1000,1000,1000,1000,1000,1000,1000,1000,1000,1000,1000,1000,1000,1000,1000,1000,1000,1000,1000,1000,1000,1000,1000,1000,1000,1000,1000,1000,1000,1000,1000,1000,1000,1573.818,1571.751,1570.139,1568.923,1566.642,1565.396,1653.846,1627.089,1601.305,1583.305,1569.683,1560.926,1556.183,1551.926,1548.156,1544.689,1542.196,1539.976,1537.787,1633.413,1612.494,1592.548,1585.251,1000,1554.845,1000,1000,1526.75,1522.007,1519.818,1513.979,1511.745,1510.034,1602.278,1566.764,1558.494,1543.412,1535.142,1523.466,1519.088,1507.898,1502.06,1494.581,1491.753,1488.804,1487.489,1486.835,1583.791,1562.872,1544.872,1526.385,1513.25,1504.25,1496.223,1488.925,1483.939,1477.979,1471.959,1466.668,1462.655,1000,1459.948,1558.494,1554.602,1000,1531.737,1000,1503.033,1488.682,1479.195,1462.29,1451.708,1444.654,1440.823,1438.786,1437.342,1436.202,1534.169,1523.953,1513.25,1504.493,1492.331,1481.141,1000,1449.276,1000,1431.397,1000,1422.093,1000,1000,1000,1000,1000,1000,1000,1000,1000,1000,1000,1000,1000,1000,1000,1000,1000,1000,1000,1000,1000,1000,1000,1000,1000,1000,1000,1000,1000,1000,1000,1000,1000,1000,1000,1000,1000
1000,1000,1000,1000,1000,1000,1000,1000,1000,1000,1000,1000,1000,1000,1000,1000,1000,1000,1000,1000,1000,1000,1000,1000,1000,1000,1000,1000,1000,1000,1000,1222.145,1225.125,1225.854,1227.314,1227.679,1229.138,1232.422,1234.611,1239.841,1244.463,1250.301,1255.165,1262.22,1266.598,1270.003,1274.868,1281.193,1289.463,1297.247,1306.977,1312.815,1322.058,1325.95,1332.761,1224.015,1224.334,1224.6,1225.071,1225.885,1226.554,1227.329,1228.378,1229.412,1231.206,1232.543,1234.064,1235.949,1241.422,1000,1000,1000,1000,1256.868,1261.247,1264.652,1270.49,1274.868,1274.868,1282.652,1291.409,1297.247,1301.139,1315.247,1208.295,1208.561,1208.971,1209.838,1210.317,1210.636,1211.351,1211.761,1212.658,1214.422,1216.064,1218.192,1222.449,1222.814,1223.787,1227.679,1229.625,1229.625,1234.246,1236.922,1238.868,1240.814,1243.49,1246.652,1253.219,1255.165,1262.22,1268.544,1272.436,1278.76,1281.679,1282.652,1288.49,1299.193,1300.166,1312.815,1319.626,1329.842,1332.761,1224.015,1224.334,1224.782,1225.231,1226.098,1227.329,1228.378,1229.989,1230.78,1231.388,1233.516,1235.098,1236.8,1239.963,1242.517,1243.976,1247.625,1249.328,1251.638,1257.355,1263.436,1267.084,1271.949,1277.058,1281.436,1283.625,1287.031,1285.085,1000,1000,1272.74,1378.491,1374.599,1377.518,1378.491,1378.491,1272.512,1272.55,1000,1000,1000,1117.693,1117.632,1117.572,1117.176,1117.176,1117.1,1117.062,1117.306,1117.572,1117.898,1118.461,1119.282,1120.027,1121.866,1127.826,1000,1000,1000,1000,1000,1000,1000,1000,1000,1256.26,1257.355,1259.544,1262.341,1264.895,1267.571,1271.463,1272.922,1273.652,1280.706,1282.652,1294.085,1294.815,1304.058,1308.923,1315.247,1317.68,1327.41,1329.356,1339.085,1343.95,1350.761,1360.978,1255.112,1255.34,1255.857,1256.541,1257.233,1257.932,1258.905,1260.547,1262.767,1264.409,1266.233,1268.24,1269.152,1271.463,1274.017,1276.693,1279.612,1284.598,1289.22,1293.355,1297.004,1302.355,1304.301,1310.382,1314.761,1321.572,1327.896,1336.167,1340.545,1351.734,1373.626,1000,1000,1000,1112.38,1111.164,1107.758,1101.677,1097.542,1094.136,1091.947,1089.515,1088.542,1087.082,1085.744,1084.771,1083.433,1081.731,1081.001,1081.001,1080.515,1080.515,1080.515,1080.15,1079.298,1079.298,1078.933,1078.933,1078.569,1078.933,1079.298,1079.298,1079.785,1080.515,1080.515,1080.15,1081.366,1082.217,1083.069,1083.92,1085.258,1085.258,1086.231,1086.596,1088.055,1090.488,1094.136,1097.542,1100.461,1108.488,1114.569,1123.083,1129.407,1134.272,1134.272,1138.65,1144.002,1000,1000,1000,1000,1395.519,1409.627,1415.465,1309.911,1310.55,1311.401,1312.055,1313.545,1315.977,1317.68,1319.687,1321.572,1324.247,1329.599,1335.802,1000,1154.948,1164.313,1168.326,1171.245,1166.989,1000,1000,1000,1000,1000,1000,1432.005,1428.114,1329.021,1328.945,1000,1000,1000,1000,1000,1198.975,1193.138,1197.03,1000,1000,1000,1259.787,1152.09,1259.787,1251.517,1253.949,1236.922,1229.138,1000,1000,1394.546,1415.465,1432.492,1433.465,1431.519,1000,1000,1000,1156.651,1153.732,1151.968,1151.178,1151.178,1000,1000,1000,1394.059,1396.005,1396.492,1404.275,1410.6,1414.978,1427.141,1438.33,1444.168,1456.817,1471.898,1370.115,1370.875,1371.939,1373.277,1374.843,1377.153,1380.255,1383.052,1388.464,1393.938,1401.356,1406.708,1413.032,1415.951,1422.519,1431.033,1440.276,1454.384,1467.52,1483.574,1494.277,1392.425,1392.759,1394.029,1394.546,1396.066,1397.343,1401.904,1403.607,1407.681,1413.762,1418.019,1424.708,1431.276,1443.195,1454.384,1469.465,1484.06,1504.979,1514.709,1415.191,1415.936,1417.016,1418.034,1420.482,1422.093,1425.559,1429.087,1436.627,1000,1000,1459.492,1470.682,1477.736,1486.493,1497.196,1510.331,1525.899,1436.088,1436.711,1439.303,1440.823,1443.499,1444.168,1448.06,1451.1,1458.033,1467.52,1478.466,1490.628,1506.925,1518.115,1528.818,1541.466,1557.521,1560.44,1459.796,1460.458,1462.016,1462.259,1467.52,1000,1000,1000,1000,1000,1000,1000,1000,1000,1000,1000,1000,1000,1000,1000,1000,1000,1000,1000,1000,1000,1000,1000,1000,1000,1000,1000,1000,1000,1000,1000,1000,1000,1000,1000,1000,1000,1000,1000,1000,1000,1000,1000,1000,1000,1000,1000,1000,1000,1000,1000,1000,1000,1571.933,1569.075,1567.737,1000,1565.266,1564.636,1647.522,1625.143,1605.197,1590.359,1571.386,1562.142,1555.453,1550.102,1546.088,1543.899,1541.375,1539.399,1537.787,1537.126,1612.494,1591.089,1579.413,1562.629,1547.791,1538.061,1000,1524.074,1519.818,1518.115,1514.284,1512.262,1510.186,1602.278,1567.737,1557.034,1543.412,1535.142,1522.736,1519.574,1507.898,1500.115,1493.912,1491.601,1488.697,1487.367,1486.721,1577.953,1560.926,1542.926,1523.953,1512.52,1503.033,1492.817,1484.79,1479.803,1474.817,1469.526,1466.851,1463.688,1460.777,1460.184,1459.401,1554.602,1000,1529.791,1511.304,1504.006,1489.168,1477.979,1463.749,1453.898,1445.871,1442.1,1439.44,1437.6,1436.088,1534.169,1520.061,1516.169,1504.493,1492.331,1477.736,1000,1448.79,1439.546,1432.127,1425.255,1000,1000,1000,1000,1000,1000,1000,1000,1000,1000,1000,1000,1000,1000,1000,1000,1000,1000,1000,1000,1000,1000,1000,1000,1000,1000,1000,1000,1000,1000,1000,1000,1000,1000,1000,1000,1000,1000
1000,1000,1000,1000,1000,1000,1000,1000,1000,1000,1000,1000,1000,1000,1000,1000,1000,1000,1000,1000,1000,1000,1000,1000,1000,1000,1000,1000,1000,1000,1000,1220.685,1224.03,1224.395,1225.125,1226.949,1227.314,1230.354,1234.246,1238.868,1243.49,1249.084,1253.219,1257.598,1261.49,1266.598,1270.976,1277.787,1285.085,1293.842,1301.139,1309.896,1318.653,1325.95,1331.788,1224.015,1224.243,1224.539,1224.851,1225.489,1226.204,1227.055,1227.922,1229.229,1231.206,1232.787,1234.064,1235.949,1242.152,1253.463,1000,1000,1244.706,1259.301,1266.111,1269.517,1273.895,1276.328,1279.247,1283.625,1292.382,1298.22,1303.085,1312.328,1208.295,1208.561,1208.971,1209.663,1210.423,1210.53,1211.351,1211.761,1213.145,1214.786,1217.462,1218.983,1222.814,1222.449,1223.057,1224.76,1228.043,1227.679,1232.057,1235.584,1238.381,1239.841,1243.49,1246.652,1253.219,1255.165,1262.22,1268.544,1272.436,1276.328,1281.193,1282.652,1289.463,1299.193,1304.058,1314.761,1323.031,1331.788,1223.863,1224.053,1224.38,1224.661,1225.071,1226.31,1227.618,1228.53,1230.172,1230.962,1231.388,1234.064,1235.402,1237.104,1239.598,1241.422,1244.341,1248.841,1250.179,1252.976,1259.544,1262.949,1266.355,1270.733,1275.841,1279.247,1282.652,1285.571,1285.571,1000,1000,1272.938,1272.436,1374.599,1372.653,1368.761,1365.356,1000,1000,1000,1116.948,1116.91,1116.948,1117.024,1116.91,1116.834,1116.872,1116.872,1116.796,1117.062,1117.351,1117.693,1118.286,1119.176,1120.589,1122.383,1128.069,1136.948,1000,1000,1000,1000,1000,1000,1000,1000,1253.949,1257.719,1259.179,1262.706,1263.557,1266.72,1266.72,1272.922,1273.652,1278.517,1283.625,1292.625,1294.085,1302.599,1306.49,1312.328,1313.788,1322.058,1326.437,1337.139,1342.004,1348.815,1358.059,1255.074,1255.378,1256.062,1256.541,1256.914,1257.811,1258.905,1260.182,1262.524,1264.166,1265.686,1268.24,1270.49,1271.098,1274.747,1276.693,1280.463,1285.085,1290.193,1294.571,1298.22,1301.869,1303.571,1308.193,1313.301,1319.626,1325.464,1333.248,1339.572,1348.815,1366.329,1000,1000,1000,1107.758,1106.542,1000,1098.028,1096.326,1093.65,1090.974,1089.028,1086.596,1084.771,1083.069,1082.217,1081.731,1081.001,1081.001,1081.001,1081.001,1080.15,1079.785,1078.933,1078.569,1078.204,1077.839,1078.204,1078.204,1078.569,1078.933,1078.933,1079.785,1080.15,1080.15,1080.15,1081.001,1081.366,1082.582,1083.433,1084.771,1084.771,1085.258,1085.744,1087.569,1089.028,1091.947,1094.136,1096.812,1103.38,1110.434,1119.677,1128.921,1136.704,1136.218,1139.623,1144.002,1000,1000,1000,1000,1386.762,1396.492,1402.329,1309.409,1310.002,1310.618,1311.827,1313.24,1315.612,1316.585,1319.687,1321.024,1323.031,1325.95,1333.248,1000,1149.11,1159.57,1163.462,1165.651,1163.097,1000,1401.356,1000,1399.411,1405.248,1000,1000,1428.114,1000,1000,1000,1000,1000,1000,1000,1207.732,1198.975,1201.895,1000,1000,1000,1262.706,1152.052,1257.841,1245.679,1000,1241.787,1000,1000,1000,1385.789,1408.167,1426.654,1430.546,1428.6,1000,1000,1000,1155.678,1153.732,1151.178,1151.178,1150.63,1000,1000,1397.221,1394.546,1395.275,1396.492,1403.546,1410.6,1414.978,1430.546,1445.141,1450.006,1464.114,1369.849,1370.327,1371.019,1372.258,1374.022,1375.359,1377.822,1381.045,1384.573,1388.464,1394.424,1401.356,1407.194,1415.465,1417.897,1422.519,1431.519,1442.708,1454.384,1467.52,1484.547,1489.412,1391.733,1392.075,1392.934,1393.451,1395.275,1396.583,1399.897,1401.904,1405.735,1411.33,1416.194,1424.708,1432.492,1443.925,1454.384,1468.006,1481.141,1496.709,1509.844,1415.039,1415.86,1416.803,1418.034,1419.752,1420.877,1424.465,1431.033,1440.033,1449.276,1461.438,1467.763,1471.411,1477.249,1485.033,1494.763,1000,1522.007,1537.088,1436.316,1437.798,1439.166,1442.283,1444.168,1448.607,1000,1456.452,1465.573,1473.357,1487.222,1502.547,1519.574,1534.656,1546.331,1559.467,1459.515,1460.063,1460.952,1462.518,1462.016,1466.242,1000,1474.087,1000,1000,1000,1000,1000,1000,1000,1000,1000,1000,1000,1000,1000,1000,1000,1000,1000,1000,1000,1000,1000,1000,1000,1000,1000,1000,1000,1000,1000,1000,1000,1000,1000,1000,1000,1000,1000,1000,1000,1000,1000,1000,1000,1000,1000,1000,1000,1000,1000,1000,1000,1000,1000,1000,1000,1564.879,1564.408,1648.495,1627.089,1610.548,1597.413,1576.251,1563.48,1556.548,1549.25,1544.507,1543.078,1540.767,1539.186,1538.023,1537.354,1614.44,1596.44,1582.818,1561.899,1545.602,1537.696,1526.385,1524.439,1519.088,1517.689,1513.113,1511.836,1611.035,1596.927,1564.332,1553.142,1536.601,1529.061,1516.655,1513.371,1505.223,1499.202,1494.094,1492.118,1488.484,1487.306,1486.759,1575.034,1556.061,1541.953,1524.926,1512.52,1503.033,1494.033,1483.939,1479.439,1474.817,1469.222,1466.851,1463.84,1460.777,1460.123,1459.515,1553.629,1540.493,1524.926,1508.871,1497.196,1487.222,1477.249,1464.114,1455.357,1446.661,1441.887,1438.786,1437.038,1436.011,1530.277,1517.142,1512.277,1503.52,1489.898,1474.33,1459.492,1447.087,1437.114,1431.033,1000,1000,1000,1000,1000,1000,1000,1000,1000,1000,1000,1000,1000,1000,1000,1000,1000,1000,1000,1000,1000,1000,1000,1000,1000,1000,1000,1000,1000,1000,1000,1000,1000,1000,1000,1000,1000,1000,1000
1000,1000,1000,1000,1000,1000,1000,1000,1000,1000,1000,1000,1000,1000,1000,1000,1000,1000,1000,1000,1000,1000,1000,1000,1000,1000,1000,1000,1000,1000,1000,1000,1221.537,1223.057,1224.76,1226.219,1226.949,1229.989,1232.422,1236.922,1241.787,1245.679,1250.787,1256.382,1261.003,1265.868,1274.868,1280.22,1289.463,1295.301,1302.112,1306.977,1312.815,1319.626,1324.004,1223.787,1223.977,1224.129,1224.539,1225.071,1225.581,1226.554,1227.77,1228.53,1230.598,1231.875,1233.516,1234.854,1241.057,1251.152,1000,1000,1241.3,1255.409,1258.328,1263.679,1267.084,1270.976,1274.868,1280.706,1289.463,1297.247,1302.112,1309.409,1208.257,1208.599,1209.032,1209.747,1210.636,1211.107,1211.624,1212.354,1213.844,1215.212,1216.733,1217.949,1220.685,1220.928,1221.841,1224.03,1227.679,1228.043,1229.989,1235.584,1238.381,1239.841,1242.517,1248.354,1251.517,1253.219,1259.544,1268.544,1271.463,1275.355,1281.193,1283.625,1287.517,1298.22,1303.085,1312.815,1319.626,1327.896,1223.787,1224.015,1224.38,1224.6,1225.315,1226.432,1227.922,1228.895,1230.78,1232.3,1232.543,1234.55,1235.645,1237.713,1239.354,1242.881,1245.922,1250.665,1249.814,1252.976,1255.895,1259.057,1261.733,1268.787,1272.436,1279.977,1282.652,1286.544,1288.49,1000,1000,1000,1373.626,1365.356,1358.545,1352.707,1000,1000,1000,1213.57,1221.841,1222.814,1229.625,1230.598,1226.706,1223.787,1220.868,1223.787,1226.706,1116.834,1117.138,1117.351,1117.967,1119.176,1120.164,1122.566,1126.488,1132.569,1000,1000,1000,1000,1000,1000,1000,1246.348,1253.28,1256.99,1259.544,1262.341,1264.044,1265.747,1266.72,1271.463,1272.436,1276.328,1281.922,1292.625,1296.274,1302.112,1306.49,1310.382,1312.815,1321.572,1327.41,1337.139,1342.004,1348.815,1356.113,1254.922,1255.15,1255.918,1256.366,1256.823,1258.054,1259.057,1259.848,1261.733,1263.436,1264.409,1266.78,1269.76,1271.828,1274.747,1277.544,1280.95,1284.598,1289.706,1292.382,1295.788,1299.923,1303.085,1307.707,1313.788,1319.626,1326.923,1332.761,1337.626,1342.977,1357.572,1000,1000,1000,1000,1104.109,1102.163,1095.839,1093.65,1091.947,1090.001,1088.055,1086.231,1084.406,1082.582,1081.731,1081.001,1080.515,1080.15,1080.15,1079.785,1079.298,1078.933,1078.204,1077.839,1077.474,1077.109,1077.109,1077.474,1077.839,1078.204,1078.204,1078.933,1079.298,1079.785,1079.785,1080.515,1081.001,1082.217,1083.069,1083.92,1084.406,1085.258,1085.744,1087.082,1088.055,1090.488,1091.947,1094.136,1100.461,1109.218,1118.704,1130.38,1137.677,1136.218,1138.65,1143.029,1000,1000,1000,1000,1392.6,1398.438,1404.762,1414.492,1309.751,1310.223,1311.507,1312.815,1314.852,1316.22,1319.382,1320.173,1322.423,1325.22,1330.815,1000,1000,1162.245,1166.502,1170.759,1000,1415.951,1393.086,1390.654,1393.086,1401.356,1000,1000,1329.211,1329.568,1000,1000,1000,1000,1000,1000,1206.273,1199.462,1201.895,1000,1000,1000,1264.652,1152.052,1255.895,1245.679,1000,1253.949,1000,1000,1000,1000,1404.275,1422.762,1427.627,1000,1000,1000,1000,1157.745,1153.428,1151.178,1150.63,1151.178,1000,1000,1397.221,1393.573,1393.573,1395.275,1401.113,1408.654,1414.492,1427.141,1443.195,1446.114,1456.817,1469.952,1369.963,1370.487,1371.726,1374.174,1375.542,1378.735,1380.802,1384.329,1386.64,1392.356,1400.384,1405.005,1408.167,1413.519,1419.114,1428.114,1439.303,1458.763,1467.52,1483.574,1493.304,1391.687,1391.893,1392.843,1393.238,1394.819,1396.765,1399.228,1401.904,1406.343,1414.492,1418.019,1430.303,1436.87,1446.6,1453.898,1470.438,1480.168,1493.79,1506.925,1414.872,1415.305,1416.111,1417.137,1419.417,1420.117,1423.492,1431.033,1439.181,1446.114,1459.492,1465.33,1465.817,1000,1481.141,1493.79,1000,1521.034,1528.331,1539.034,1436.893,1438.786,1442.708,1447.208,1453.168,1459.736,1461.438,1466.06,1471.655,1480.168,1489.168,1502.547,1518.601,1529.791,1546.331,1558.494,1460.184,1461.347,1462.928,1463.232,1467.337,1469.526,1475.06,1000,1000,1000,1000,1000,1000,1000,1000,1000,1000,1000,1000,1000,1000,1000,1000,1000,1000,1000,1000,1000,1000,1000,1000,1000,1000,1000,1000,1000,1000,1000,1000,1000,1000,1000,1000,1000,1000,1000,1000,1000,1000,1000,1000,1000,1000,1000,1000,1000,1000,1000,1571.142,1568.011,1566.642,1565.266,1564.788,1658.711,1643.63,1620.765,1609.089,1596.927,1576.251,1565.305,1556.548,1550.71,1546.818,1544.689,1541.527,1539.976,1538.084,1537.24,1612.494,1591.089,1574.548,1557.277,1542.439,1533.196,1526.02,1522.311,1518.358,1517.446,1512.733,1511.129,1605.197,1587.197,1557.521,1546.818,1533.926,1528.574,1515.682,1511.547,1504.493,1498.959,1495.006,1492.695,1000,1487.557,1486.911,1574.061,1556.061,1543.899,1523.953,1507.898,1497.682,1489.412,1481.385,1477.979,1474.817,1470.864,1468.736,1466.06,1461.241,1460.002,1459.477,1548.764,1535.628,1523.953,1507.898,1495.736,1486.736,1472.871,1463.263,1456.087,1446.175,1441.34,1438.908,1436.772,1539.034,1528.331,1512.277,1506.439,1492.331,1480.168,1465.817,1452.925,1440.884,1434.316,1429.087,1426.654,1000,1000,1000,1000,1000,1000,1000,1000,1000,1000,1000,1000,1000,1000,1000,1000,1000,1000,1000,1000,1000,1000,1000,1000,1000,1000,1000,1000,1000,1000,1000,1000,1000,1000,1000,1000,1000,1000
1000,1000,1000,1000,1000,1000,1000,1000,1000,1000,1000,1000,1000,1000,1000,1000,1000,1000,1000,1000,1000,1000,1000,1000,1000,1000,1000,1000,1000,1000,1000,1000,1000,1222.145,1225.489,1227.314,1228.773,1232.422,1236.071,1239.841,1242.517,1245.679,1249.571,1254.436,1257.598,1263.679,1271.463,1279.247,1286.058,1290.923,1297.247,1302.112,1307.95,1314.761,1321.085,1326.923,1223.863,1223.939,1224.334,1224.6,1225.315,1226.098,1227.329,1228.074,1229.989,1230.598,1231.388,1232.787,1238.99,1251.638,1000,1000,1240.814,1253.949,1256.868,1263.679,1270.49,1276.328,1280.706,1286.544,1293.355,1301.139,1304.058,1312.328,1208.333,1208.675,1209.154,1209.747,1210.317,1210.864,1211.229,1211.898,1213.479,1215.212,1216.976,1218.739,1220.928,1222.145,1223.057,1225.489,1228.773,1229.625,1229.989,1233.76,1235.584,1238.381,1240.327,1246.652,1251.517,1255.165,1259.544,1270.003,1273.895,1278.76,1283.625,1288.49,1289.463,1299.193,1305.031,1314.761,1321.085,1330.815,1223.825,1224.053,1224.334,1224.661,1225.071,1226.098,1227.77,1229.229,1231.388,1232.543,1233.03,1235.402,1236.253,1238.017,1239.963,1243.611,1245.192,1249.328,1249.814,1252.976,1254.436,1258.084,1263.436,1269.517,1274.625,1281.436,1282.166,1282.652,1286.544,1000,1000,1000,1369.734,1355.626,1343.95,1000,1000,1000,1200.922,1202.867,1204.813,1207.732,1209.678,1211.624,1209.678,1209.678,1212.597,1217.462,1221.841,1231.571,1117.062,1117.351,1118.043,1119.404,1120.893,1122.566,1126.002,1133.299,1000,1000,1000,1000,1000,1000,1000,1000,1252.064,1256.26,1258.814,1261.125,1262.341,1264.409,1265.747,1269.031,1272.436,1278.517,1281.922,1288.733,1293.355,1298.22,1303.571,1307.463,1312.328,1319.626,1328.383,1336.167,1342.004,1347.842,1357.086,1363.896,1255.15,1255.621,1256.062,1256.45,1257.446,1258.328,1259.513,1260.912,1262.341,1263.922,1265.99,1269.152,1271.828,1275.112,1278.274,1282.287,1285.571,1290.193,1291.896,1294.571,1298.22,1301.139,1305.761,1313.301,1318.166,1325.95,1333.248,1340.545,1344.923,1359.518,1272.588,1000,1000,1000,1099.731,1097.542,1093.65,1090.974,1090.488,1089.515,1087.082,1084.771,1083.069,1081.731,1081.001,1080.15,1079.785,1080.15,1079.785,1079.298,1078.933,1078.933,1078.204,1077.474,1077.109,1076.744,1076.744,1077.109,1077.474,1077.839,1077.839,1078.569,1079.298,1079.298,1079.785,1081.001,1081.366,1082.217,1082.582,1084.406,1084.771,1085.258,1085.744,1087.082,1087.082,1089.028,1000,1000,1098.028,1106.542,1116.029,1126.975,1133.786,1134.272,1136.218,1139.623,1000,1000,1000,1000,1392.6,1400.384,1405.735,1413.519,1309.751,1310.405,1311.614,1313.24,1315.217,1316.585,1318.653,1319.93,1321.572,1324.004,1329.599,1000,1000,1163.097,1167.475,1171.245,1000,1414.005,1390.654,1389.681,1387.735,1392.113,1000,1000,1000,1000,1000,1000,1000,1000,1251.03,1215.03,1209.678,1204.327,1205.3,1000,1000,1000,1151.824,1151.862,1251.517,1241.787,1000,1000,1000,1000,1000,1000,1383.599,1398.438,1000,1000,1000,1000,1000,1000,1000,1152.82,1151.178,1151.968,1000,1000,1388.708,1390.41,1392.843,1394.546,1400.384,1409.14,1416.924,1430.546,1446.114,1450.006,1457.79,1471.898,1369.924,1370.236,1371.354,1373.414,1374.66,1378.005,1380.012,1382.748,1385.302,1390.654,1396.613,1401.843,1405.005,1408.897,1415.951,1427.384,1437.843,1455.357,1469.465,1481.141,1492.331,1391.482,1391.733,1392.508,1393.451,1394.819,1397.13,1398.985,1401.113,1403.607,1410.6,1414.492,1425.438,1430.789,1443.195,1448.79,1464.114,1473.844,1485.033,1495.736,1414.606,1415.085,1415.556,1416.696,1418.931,1420.299,1423.249,1431.762,1440.033,1446.114,1458.276,1467.276,1466.547,1000,1000,1502.547,1000,1528.331,1529.304,1435.935,1437.106,1438.664,1442.283,1445.871,1453.533,1459.249,1462.776,1464.601,1471.655,1479.195,1494.277,1500.115,1524.926,1533.682,1543.412,1552.656,1460.184,1461.241,1463.232,1463.84,1467.094,1469.222,1471.715,1000,1000,1000,1000,1000,1000,1000,1000,1000,1000,1000,1000,1000,1000,1000,1000,1000,1000,1000,1000,1000,1000,1000,1000,1000,1000,1000,1000,1000,1000,1000,1000,1000,1000,1000,1000,1000,1000,1000,1000,1000,1000,1000,1000,1000,1000,1000,1000,1000,1000,1000,1000,1000,1000,1565.084,1564.674,1653.846,1635.846,1617.359,1607.629,1594.008,1576.737,1568.71,1558.494,1552.291,1547.365,1544.689,1540.919,1539.505,1537.787,1537.126,1611.521,1596.44,1575.521,1555.575,1541.953,1530.399,1525.412,1521.155,1517.446,1516.047,1000,1510.437,1596.927,1000,1000,1000,1000,1521.763,1513.371,1512.52,1507.898,1499.81,1496.223,1492.878,1000,1000,1486.721,1565.791,1552.169,1539.52,1520.547,1506.682,1500.115,1490.385,1483.452,1479.074,1475.425,1470.56,1468.492,1465.452,1461.773,1460.313,1459.591,1000,1529.791,1517.142,1498.655,1487.222,1481.628,1468.006,1460.587,1454.263,1444.411,1440.489,1438.421,1436.49,1537.088,1529.304,1511.304,1502.547,1487.952,1475.79,1461.438,1448.79,1438.33,1431.762,1426.107,1000,1000,1000,1000,1000,1000,1000,1000,1000,1000,1000,1000,1000,1000,1000,1000,1000,1000,1000,1000,1000,1000,1000,1000,1000,1000,1000,1000,1000,1000,1000,1000,1000,1000,1000,1000,1000,1000,1000
1000,1000,1000,1000,1000,1000,1000,1000,1000,1000,1000,1000,1000,1000,1000,1000,1000,1000,1000,1000,1000,1000,1000,1000,1000,1000,1000,1000,1000,1000,1000,1000,1000,1224.03,1000,1228.043,1226.949,1229.989,1232.908,1236.922,1239.354,1243.003,1246.165,1252.003,1253.219,1259.544,1268.057,1273.895,1280.22,1285.085,1288.49,1294.815,1300.166,1308.923,1314.761,1324.004,1332.761,1223.901,1224.129,1224.433,1224.995,1225.581,1226.31,1227.192,1228.53,1228.712,1229.594,1231.388,1235.949,1247.138,1000,1000,1243.49,1254.436,1256.868,1262.22,1270.976,1277.301,1283.625,1287.517,1296.274,1300.166,1304.058,1311.355,1208.409,1208.675,1209.215,1209.587,1210.21,1210.864,1211.624,1212.354,1214.786,1216.307,1218.496,1219.53,1220.928,1221.233,1222.814,1225.125,1229.625,1231.206,1233.273,1236.435,1237.895,1238.868,1241.3,1246.652,1249.571,1252.003,1258.328,1267.084,1271.463,1277.787,1286.058,1288.49,1290.923,1298.22,1306.004,1314.761,1322.058,1223.787,1224.015,1224.129,1224.38,1224.851,1225.071,1226.098,1228.074,1229.229,1231.388,1232.787,1233.76,1235.645,1238.017,1239.598,1242.152,1245.557,1248.841,1248.841,1249.328,1252.003,1251.638,1253.949,1263.436,1271.22,1276.571,1285.085,1287.031,1000,1000,1000,1000,1000,1000,1356.599,1000,1000,1000,1194.111,1192.651,1193.624,1193.624,1196.057,1199.948,1201.895,1202.867,1204.813,1208.705,1213.57,1219.895,1229.625,1116.986,1117.458,1118.126,1119.069,1120.437,1122.748,1125.515,1134.394,1000,1000,1000,1000,1000,1000,1000,1000,1249.875,1253.28,1256.26,1259.179,1261.125,1262.706,1264.409,1267.571,1270.976,1274.139,1280.706,1287.517,1292.139,1297.004,1302.599,1306.49,1312.328,1319.626,1327.41,1336.167,1340.058,1346.869,1356.113,1360.978,1255.112,1255.621,1256.29,1256.716,1257.932,1258.601,1259.361,1260.182,1261.49,1263.01,1264.895,1268.24,1272.193,1274.747,1277.909,1281.801,1283.139,1286.058,1290.193,1292.869,1298.22,1303.085,1306.977,1315.247,1319.626,1326.923,1331.788,1342.004,1344.923,1357.572,1272.436,1000,1000,1000,1096.812,1094.136,1090.488,1089.028,1088.055,1086.596,1085.744,1083.92,1082.217,1081.001,1080.515,1080.15,1079.785,1079.785,1079.298,1078.569,1078.569,1078.204,1077.474,1077.109,1076.379,1076.379,1076.015,1076.379,1076.744,1077.474,1077.474,1078.204,1078.933,1079.298,1079.785,1080.515,1081.366,1081.731,1082.582,1083.92,1084.771,1084.771,1085.744,1086.596,1086.596,1087.569,1000,1000,1000,1104.109,1113.109,1124.056,1132.813,1134.272,1137.677,1144.975,1000,1000,1000,1391.627,1392.6,1399.411,1406.708,1415.465,1309.789,1310.344,1311.31,1312.541,1314.001,1315.977,1318.896,1321.024,1323.335,1328.139,1333.612,1000,1148.624,1161.029,1166.502,1168.326,1000,1410.113,1391.627,1387.248,1386.275,1390.654,1397.465,1415.951,1000,1000,1000,1000,1000,1143.242,1140.186,1216.489,1206.273,1201.895,1202.867,1000,1000,1000,1262.706,1262.706,1252.976,1235.949,1000,1000,1000,1000,1000,1000,1000,1000,1000,1000,1000,1000,1000,1000,1000,1149.597,1148.624,1148.624,1000,1000,1396.492,1396.492,1396.005,1398.924,1403.546,1413.519,1418.384,1432.492,1444.168,1451.952,1456.817,1471.898,1473.844,1370.115,1370.875,1373.003,1374.174,1377.579,1379.221,1381.897,1383.052,1387.005,1392.356,1397.951,1402.816,1408.167,1415.465,1423.005,1436.87,1453.411,1470.438,1484.547,1494.277,1391.406,1391.558,1392.204,1392.843,1394.272,1396.583,1000,1400.384,1404.154,1409.14,1413.276,1422.762,1430.303,1437.357,1447.33,1460.709,1472.384,1482.114,1494.763,1510.817,1414.91,1415.244,1416.392,1418.323,1419.934,1423.005,1432.127,1439.181,1445.627,1454.627,1463.871,1467.276,1000,1000,1496.709,1000,1522.007,1536.115,1436.354,1438.208,1440.489,1445.384,1447.512,1454.263,1460.587,1464.114,1000,1473.357,1483.33,1492.817,1500.601,1519.574,1529.791,1544.385,1459.325,1460.313,1463.232,1466.06,1466.425,1467.763,1470.317,1470.56,1000,1000,1000,1000,1000,1000,1000,1000,1000,1000,1000,1000,1000,1000,1000,1000,1000,1000,1000,1000,1000,1000,1000,1000,1000,1000,1000,1000,1000,1000,1000,1000,1000,1000,1000,1000,1000,1000,1000,1000,1000,1000,1000,1000,1000,1000,1000,1000,1000,1000,1000,1000,1566.977,1565.951,1565.145,1564.712,1654.819,1639.738,1622.711,1611.521,1598.386,1579.17,1569.683,1560.44,1554.723,1549.554,1547.852,1542.348,1540.098,1537.787,1633.413,1604.71,1591.089,1571.142,1551.926,1541.953,1530.764,1524.439,1519.574,1516.838,1000,1000,1510.034,1591.089,1577.467,1553.142,1000,1000,1000,1514.344,1511.182,1506.682,1499.81,1498.108,1493.486,1000,1000,1486.797,1559.953,1549.25,1534.656,1519.574,1506.682,1503.033,1490.871,1482.236,1476.885,1473.844,1467.52,1466.851,1464.692,1461.347,1460.002,1459.553,1542.439,1525.899,1000,1497.196,1483.33,1477.979,1465.573,1458.519,1452.073,1443.985,1440.489,1438.102,1436.278,1530.277,1521.034,1499.141,1490.385,1481.141,1469.952,1457.06,1446.114,1437.114,1430.06,1000,1000,1000,1000,1000,1000,1000,1000,1000,1000,1000,1000,1000,1000,1000,1000,1000,1000,1000,1000,1000,1000,1000,1000,1000,1000,1000,1000,1000,1000,1000,1000,1000,1000,1000,1000,1000,1000,1000,1000
1000,1000,1000,1000,1000,1000,1000,1000,1000,1000,1000,1000,1000,1000,1000,1000,1000,1000,1000,1000,1000,1000,1000,1000,1000,1000,1000,1000,1000,1000,1000,1000,1000,1000,1226.949,1229.625,1228.773,1229.989,1232.057,1236.071,1238.381,1239.354,1241.3,1246.652,1245.192,1250.301,1260.274,1268.544,1275.355,1281.679,1286.544,1290.923,1294.815,1301.139,1308.923,1317.68,1327.896,1223.787,1223.939,1224.167,1224.486,1224.782,1225.315,1226.204,1226.918,1226.797,1227.77,1229.047,1232.787,1000,1000,1000,1243.49,1252.976,1256.868,1262.22,1270.976,1278.274,1285.571,1289.463,1299.193,1306.49,1310.382,1208.219,1208.561,1208.766,1209.427,1210.013,1210.636,1211.229,1211.624,1212.05,1213.844,1215.03,1217.462,1218.496,1220.077,1220.685,1222.145,1224.03,1228.043,1231.571,1233.76,1236.922,1238.381,1239.841,1241.3,1245.679,1247.382,1252.003,1257.598,1268.057,1272.436,1281.193,1286.058,1288.49,1290.923,1299.193,1307.95,1315.734,1324.977,1223.863,1224.129,1224.334,1224.6,1225.071,1225.315,1226.432,1228.074,1229.989,1232.543,1234.064,1236.253,1237.713,1240.327,1241.057,1245.557,1247.138,1252.003,1250.665,1252.976,1252.976,1252.49,1254.436,1267.084,1271.949,1279.247,1286.544,1288.004,1000,1000,1000,1000,1000,1000,1000,1000,1000,1198.975,1190.705,1189.732,1190.705,1189.732,1189.732,1192.651,1191.678,1193.624,1198.003,1202.867,1207.732,1217.462,1228.652,1116.948,1117.572,1118.552,1119.404,1120.164,1121.866,1124.36,1132.326,1000,1000,1000,1000,1000,1000,1000,1245.344,1249.875,1252.672,1255.53,1257.719,1260.274,1262.706,1264.044,1267.571,1270.49,1274.139,1280.706,1286.301,1290.193,1294.815,1302.112,1305.031,1311.355,1319.626,1328.383,1334.22,1340.058,1345.896,1356.113,1359.032,1255.036,1255.469,1255.986,1256.541,1257.446,1258.054,1258.905,1259.848,1261.125,1263.01,1264.652,1267.389,1270.49,1274.017,1277.544,1283.139,1285.085,1288.004,1290.193,1294.085,1296.274,1303.571,1307.707,1316.22,1319.626,1325.95,1329.356,1337.626,1340.545,1349.788,1366.329,1000,1000,1000,1095.353,1093.65,1090.974,1090.001,1088.055,1084.771,1084.406,1083.069,1081.366,1080.515,1080.515,1080.15,1079.785,1079.785,1078.933,1078.569,1078.204,1077.839,1077.109,1076.744,1076.379,1076.379,1076.015,1076.379,1076.744,1077.109,1077.109,1078.204,1078.569,1078.933,1079.785,1080.515,1081.001,1081.731,1082.582,1083.433,1084.771,1085.258,1086.231,1085.744,1085.744,1086.231,1000,1000,1000,1101.677,1000,1118.704,1129.407,1133.786,1138.65,1000,1000,1000,1000,1389.681,1393.573,1401.356,1411.573,1309.447,1309.865,1310.344,1311.31,1312.815,1314.001,1315.612,1318.166,1320.477,1321.572,1325.585,1330.815,1000,1000,1162.245,1167.475,1168.813,1000,1408.167,1387.735,1384.816,1382.87,1386.275,1390.654,1407.194,1000,1000,1000,1164.799,1155.313,1000,1140.224,1215.516,1202.867,1201.895,1203.84,1000,1000,1000,1264.652,1264.652,1257.841,1239.841,1000,1000,1000,1000,1000,1000,1000,1000,1000,1000,1000,1000,1000,1000,1000,1149.84,1147.286,1146.677,1000,1000,1393.573,1392.356,1394.059,1397.221,1404.275,1414.978,1418.87,1433.952,1445.141,1453.898,1461.682,1369.772,1369.849,1370.327,1370.943,1372.623,1373.718,1377.336,1379.221,1381.897,1382.748,1387.005,1391.505,1397.1,1402.816,1410.6,1415.465,1421.059,1431.033,1443.195,1457.79,1473.357,1492.331,1391.444,1392.075,1392.584,1393.664,1394.971,1396.948,1398.559,1400.627,1404.154,1408.411,1412.059,1419.843,1426.411,1434.924,1445.871,1459.736,1471.411,1481.141,1491.844,1508.871,1414.758,1415.366,1416.803,1418.171,1421.059,1423.978,1432.492,1440.033,1446.114,1451.465,1459.492,1462.655,1471.411,1477.736,1495.736,1000,1516.169,1523.953,1436.088,1437.6,1439.029,1444.411,1446.661,1452.803,1452.438,1458.033,1455.357,1465.087,1472.141,1482.844,1485.276,1507.898,1000,1000,1000,1460.617,1465.057,1467.337,1467.763,1467.52,1468.979,1468.979,1000,1000,1000,1000,1000,1000,1000,1000,1000,1000,1000,1000,1000,1000,1000,1000,1000,1000,1000,1000,1000,1000,1000,1000,1000,1000,1000,1000,1000,1000,1000,1000,1000,1000,1000,1000,1000,1000,1000,1000,1000,1000,1000,1000,1000,1000,1000,1000,1000,1000,1000,1000,1566.855,1565.616,1565.031,1564.712,1652.873,1639.738,1620.765,1604.224,1589.872,1573.332,1563.48,1558.007,1554.723,1550.406,1547.365,1542.196,1539.612,1537.468,1622.711,1598.873,1581.845,1562.629,1544.142,1538.547,1528.574,1524.074,1518.844,1516.412,1000,1000,1604.224,1582.332,1568.71,1549.737,1000,1000,1000,1513.858,1509.115,1505.588,1497.804,1495.736,1491.236,1000,1000,1583.791,1558.007,1548.277,1537.088,1525.899,1510.574,1503.52,1492.331,1484.303,1477.614,1473.479,1467.763,1000,1463.08,1460.777,1459.842,1459.477,1541.466,1000,1000,1496.223,1479.682,1471.655,1461.925,1454.992,1449.519,1442.708,1440.489,1438.102,1436.354,1534.169,1524.926,1502.547,1487.952,1479.195,1470.682,1000,1447.573,1439.181,1000,1000,1000,1000,1000,1000,1000,1000,1000,1000,1000,1000,1000,1000,1000,1000,1000,1000,1000,1000,1000,1000,1000,1000,1000,1000,1000,1000,1000,1000,1000,1000,1000,1000,1000,1000,1000,1000,1000,1000,1000
1000,1000,1000,1000,1000,1000,1000,1000,1000,1000,1000,1000,1000,1000,1000,1000,1000,1000,1000,1000,1000,1000,1000,1000,1000,1000,1000,1000,1000,1000,1000,1000,1000,1000,1000,1000,1000,1000,1235.098,1237.408,1238.381,1238.381,1240.327,1247.382,1000,1246.652,1000,1000,1000,1274.868,1281.193,1282.652,1281.679,1288.49,1296.274,1306.004,1000,1000,1331.788,1000,1000,1224.486,1225.071,1225.687,1225.885,1225.406,1225.991,1227.618,1000,1000,1000,1000,1242.76,1252.49,1255.409,1258.328,1267.084,1274.868,1280.706,1288.49,1302.112,1307.463,1311.355,1208.295,1208.599,1208.812,1209.587,1210.423,1210.986,1211.898,1212.506,1212.81,1214.604,1215.638,1217.219,1218.983,1221.233,1222.145,1224.395,1228.043,1231.571,1235.098,1236.922,1239.841,1239.841,1000,1243.976,1248.354,1249.571,1253.949,1260.274,1267.084,1272.436,1281.679,1290.436,1289.463,1294.815,1303.085,1309.896,1319.626,1329.842,1223.977,1224.205,1224.6,1224.851,1225.489,1226.098,1226.918,1228.712,1230.172,1233.76,1234.55,1237.713,1238.017,1240.692,1240.327,1245.557,1248.841,1255.895,1252.003,1256.868,1253.949,1251.152,1252.003,1000,1000,1279.977,1000,1000,1000,1000,1000,1000,1000,1000,1000,1000,1000,1202.867,1195.084,1191.678,1191.678,1189.246,1189.246,1190.705,1189.246,1189.246,1194.111,1198.975,1202.867,1214.543,1224.76,1117.024,1117.572,1118.203,1118.963,1120.164,1120.893,1123.143,1131.596,1000,1000,1000,1000,1000,1000,1000,1248.598,1251.517,1252.368,1254.557,1256.26,1258.814,1261.49,1264.409,1267.206,1271.463,1274.625,1279.49,1285.085,1290.679,1293.355,1299.68,1304.058,1309.896,1316.22,1324.977,1332.275,1338.112,1344.923,1352.221,1357.086,1362.924,1255.264,1255.675,1256.131,1256.914,1257.811,1258.601,1259.513,1260.547,1263.01,1264.895,1267.084,1270.125,1272.193,1275.841,1279.612,1282.774,1286.058,1288.004,1293.355,1297.49,1303.571,1306.977,1314.761,1316.707,1324.491,1329.356,1337.139,1343.95,1354.653,1371.68,1000,1000,1000,1093.163,1093.65,1089.515,1087.569,1085.258,1084.771,1083.433,1082.582,1081.366,1081.366,1080.515,1080.15,1079.785,1079.785,1078.569,1078.204,1077.839,1077.474,1077.109,1076.744,1076.744,1076.744,1076.379,1076.744,1076.744,1076.744,1077.109,1077.839,1078.204,1078.933,1079.785,1080.15,1080.515,1081.731,1082.582,1083.433,1084.771,1084.771,1085.744,1087.082,1086.596,1087.082,1000,1000,1000,1101.677,1106.542,1114.569,1124.056,1130.38,1136.704,1000,1000,1000,1000,1390.654,1395.519,1404.762,1414.492,1309.561,1309.789,1310.344,1311.112,1312.42,1313.24,1314.67,1316.22,1317.923,1319.687,1324.004,1000,1000,1000,1162.732,1168.326,1167.475,1000,1396.492,1382.87,1380.437,1378.978,1380.437,1385.302,1396.005,1000,1000,1000,1000,1000,1000,1250.057,1204.327,1193.138,1192.651,1194.111,1000,1000,1000,1261.733,1258.814,1261.733,1242.76,1000,1000,1000,1000,1000,1000,1000,1000,1000,1000,1000,1000,1000,1000,1000,1000,1146.677,1000,1000,1000,1394.059,1392.356,1393.573,1397.708,1404.275,1413.519,1417.411,1428.114,1437.357,1447.087,1454.871,1468.006,1369.81,1370.327,1371.179,1372.866,1374.174,1376.91,1380.255,1381.045,1383.356,1386.275,1390.654,1393.086,1398.924,1408.897,1416.681,1422.519,1432.492,1445.627,1456.33,1467.52,1489.412,1391.596,1392.28,1392.668,1394.546,1000,1397.525,1399.654,1402.208,1405.735,1408.046,1411.33,1417.532,1000,1429.087,1445.141,1000,1000,1480.168,1492.817,1510.817,1414.758,1415.366,1416.696,1418.171,1420.877,1423.492,1430.06,1437.479,1443.195,1450.735,1458.276,1466.547,1474.33,1480.168,1492.331,1504.493,1504.493,1516.169,1537.088,1436.962,1438.208,1442.708,1446.661,1450.735,1452.073,1458.519,1455.722,1464.114,1000,1000,1000,1503.033,1506.925,1535.628,1459.249,1460.184,1463.84,1468.006,1468.006,1467.52,1470.013,1468.492,1000,1000,1000,1000,1000,1000,1000,1000,1000,1000,1000,1000,1000,1000,1000,1000,1000,1000,1000,1000,1000,1000,1000,1000,1000,1000,1000,1000,1000,1000,1000,1000,1000,1000,1000,1000,1000,1000,1000,1000,1000,1000,1000,1000,1000,1000,1000,1000,1000,1000,1000,1566.232,1565.7,1565.084,1564.75,1564.56,1646.549,1629.035,1610.548,1594.008,1582.089,1568.224,1560.44,1555.453,1552.656,1548.156,1544.507,1540.493,1538.532,1633.413,1611.521,1594.494,1579.413,1558.007,1540.007,1531.98,1524.439,1521.155,1516.838,1515.469,1512.854,1510.49,1000,1587.197,1570.169,1551.196,1000,1536.601,1000,1515.682,1509.479,1502.669,1496.466,1494.581,1490.476,1488.112,1487.04,1575.034,1553.142,1542.926,1529.791,1515.439,1504.25,1497.196,1486.614,1480.168,1475.425,1471.715,1466.425,1465.452,1463.232,1461.149,1460.063,1459.591,1543.412,1522.98,1509.358,1491.358,1475.547,1466.547,1457.668,1450.492,1446.175,1441.523,1440.033,1438.315,1436.893,1435.897,1527.358,1505.466,1485.52,1474.817,1463.871,1455.844,1447.573,1000,1000,1000,1000,1000,1000,1000,1000,1000,1000,1000,1000,1000,1000,1000,1000,1000,1000,1000,1000,1000,1000,1000,1000,1000,1000,1000,1000,1000,1000,1000,1000,1000,1000,1000,1000,1000,1000,1000,1000,1000,1000
1000,1000,1000,1000,1000,1000,1000,1000,1000,1000,1000,1000,1000,1000,1000,1000,1000,1000,1000,1000,1000,1000,1000,1000,1000,1000,1000,1000,1000,1000,1000,1000,1000,1000,1000,1000,1000,1000,1000,1000,1000,1000,1000,1000,1000,1000,1000,1000,1000,1000,1000,1272.922,1267.084,1000,1000,1000,1000,1000,1000,1000,1000,1000,1224.433,1225.991,1000,1224.851,1000,1000,1000,1000,1000,1000,1240.814,1251.517,1259.787,1260.76,1271.949,1282.652,1291.409,1294.328,1312.328,1314.274,1317.193,1208.485,1208.865,1208.971,1210.423,1211.761,1212.354,1212.81,1213.327,1212.962,1214.209,1215.03,1216.733,1219.53,1222.814,1224.03,1225.854,1229.138,1232.057,1235.098,1239.354,1241.3,1000,1000,1000,1247.868,1253.949,1259.544,1267.084,1000,1000,1000,1295.301,1293.842,1306.004,1311.842,1321.085,1332.761,1224.433,1225.071,1226.098,1226.675,1226.098,1225.991,1226.675,1226.918,1227.922,1230.962,1235.098,1235.098,1239.598,1241.057,1000,1000,1000,1000,1000,1256.382,1000,1000,1000,1255.409,1000,1000,1000,1000,1000,1000,1000,1000,1000,1000,1000,1000,1000,1211.624,1206.759,1195.084,1193.624,1189.732,1189.246,1188.273,1192.651,1189.246,1188.273,1191.678,1198.003,1201.895,1214.543,1223.787,1117.024,1117.404,1118.043,1118.75,1119.282,1120.164,1122.961,1000,1000,1000,1000,1000,1000,1000,1246.956,1248.354,1249.875,1252.064,1254.557,1256.625,1259.179,1262.341,1264.409,1269.031,1271.949,1276.814,1280.706,1285.571,1289.463,1293.355,1298.22,1301.139,1307.95,1313.788,1319.626,1326.437,1335.193,1341.031,1348.815,1356.113,1361.951,1255.188,1255.568,1256.131,1256.625,1257.446,1258.054,1259.361,1260.365,1262.524,1264.409,1267.084,1269.517,1271.463,1274.747,1279.977,1282.774,1288.004,1291.896,1294.085,1297.004,1301.869,1306.247,1313.788,1316.707,1324.491,1327.896,1339.572,1347.842,1357.572,1372.653,1000,1000,1000,1000,1089.028,1087.569,1087.569,1085.744,1084.771,1083.433,1082.217,1081.001,1081.366,1081.001,1080.515,1080.15,1079.785,1078.569,1077.839,1077.474,1077.474,1076.744,1077.109,1077.109,1077.109,1077.109,1077.109,1077.109,1077.109,1077.109,1077.839,1078.204,1078.569,1079.298,1079.785,1080.515,1081.366,1082.217,1083.069,1084.406,1084.406,1085.258,1085.744,1086.231,1000,1000,1091.461,1091.947,1099.731,1105.812,1112.38,1121.623,1129.407,1136.704,1000,1000,1000,1000,1381.897,1387.735,1396.492,1409.627,1309.485,1309.675,1310.223,1310.854,1311.827,1312.541,1313.849,1314.852,1317.011,1318.896,1324.004,1330.328,1000,1000,1158.475,1167.962,1167.475,1000,1391.627,1378.978,1374.113,1373.626,1376.545,1381.41,1386.275,1000,1000,1000,1172.705,1167.475,1000,1140.703,1201.408,1193.138,1188.759,1192.651,1000,1000,1000,1255.895,1261.733,1151.976,1000,1000,1000,1000,1000,1000,1000,1000,1000,1000,1000,1000,1000,1000,1000,1000,1148.198,1000,1000,1000,1000,1387.248,1389.924,1391.14,1396.492,1401.6,1414.978,1422.276,1436.87,1444.168,1454.871,1464.114,1369.734,1370.077,1370.487,1371.528,1372.745,1373.718,1375.542,1378.491,1378.491,1381.045,1383.964,1388.1,1391.87,1401.843,1410.6,1417.897,1423.735,1432.979,1445.627,1460.709,1472.384,1491.358,1391.52,1391.953,1392.349,1394.029,1395.123,1397.13,1399.228,1401.661,1405.978,1406.951,1411.33,1415.83,1423.735,1429.573,1448.06,1453.898,1463.141,1473.844,1491.844,1510.817,1414.872,1415.556,1417.016,1417.897,1420.877,1423.735,1428.722,1437.843,1441.857,1445.627,1453.654,1464.601,1470.682,1476.276,1488.925,1505.466,1501.574,1520.061,1435.974,1437.038,1437.889,1440.641,1442.283,1445.627,1448.364,1451.465,1451.708,1458.519,1000,1483.33,1487.952,1501.574,1508.871,1528.818,1000,1459.751,1462.655,1467.52,1467.52,1468.006,1470.013,1470.56,1000,1000,1000,1000,1000,1000,1000,1000,1000,1000,1000,1000,1000,1000,1000,1000,1000,1000,1000,1000,1000,1000,1000,1000,1000,1000,1000,1000,1000,1000,1000,1000,1000,1000,1000,1000,1000,1000,1000,1000,1000,1000,1000,1000,1000,1000,1000,1000,1000,1000,1000,1000,1565.145,1564.924,1564.833,1564.75,1653.846,1640.711,1620.765,1594.737,1580.872,1567.25,1557.642,1552.899,1550.71,1544.264,1541.071,1538.456,1537.468,1623.684,1607.629,1595.467,1582.818,1560.683,1542.926,1533.682,1524.439,1520.365,1517.446,1514.588,1512.049,1510.437,1602.278,1581.359,1564.818,1549.737,1542.683,1533.926,1521.277,1514.709,1508.263,1499.506,1494.581,1492.695,1489.26,1487.557,1486.835,1565.791,1547.304,1532.709,1520.547,1509.358,1501.817,1492.817,1486.614,1479.803,1474.087,1468.979,1465.057,1463.84,1461.773,1460.534,1459.895,1459.477,1540.493,1520.547,1504.006,1484.547,1467.033,1460.952,1454.263,1448.06,1444.654,1441.705,1439.44,1437.517,1000,1000,1000,1502.547,1000,1474.817,1465.33,1000,1000,1000,1000,1000,1000,1000,1000,1000,1000,1000,1000,1000,1000,1000,1000,1000,1000,1000,1000,1000,1000,1000,1000,1000,1000,1000,1000,1000,1000,1000,1000,1000,1000,1000,1000,1000,1000,1000,1000,1000,1000,1000,1000
1000,1000,1000,1000,1000,1000,1000,1000,1000,1000,1000,1000,1000,1000,1000,1000,1000,1000,1000,1000,1000,1000,1000,1000,1000,1000,1000,1000,1000,1000,1000,1000,1000,1000,1000,1000,1000,1000,1000,1000,1000,1000,1000,1000,1000,1000,1000,1000,1000,1000,1000,1000,1000,1000,1000,1000,1000,1000,1000,1000,1000,1000,1000,1000,1000,1000,1000,1000,1000,1000,1000,1000,1242.76,1253.949,1265.625,1261.247,1273.895,1280.706,1289.463,1291.409,1308.436,1312.328,1317.193,1208.523,1208.971,1209.283,1210.743,1212.658,1212.962,1213.479,1212.962,1213.327,1214.786,1215.395,1216.489,1219.834,1000,1222.814,1225.125,1227.314,1230.354,1233.273,1239.841,1245.679,1250.787,1000,1000,1000,1252.49,1000,1000,1000,1000,1000,1000,1294.815,1308.923,1318.653,1324.977,1000,1000,1000,1000,1000,1000,1225.581,1000,1227.466,1228.895,1230.598,1236.253,1236.496,1242.517,1241.787,1246.409,1000,1255.409,1000,1000,1000,1000,1000,1000,1246.773,1000,1000,1000,1000,1000,1000,1000,1000,1000,1000,1000,1000,1000,1223.787,1213.57,1195.084,1190.705,1189.246,1186.327,1184.867,1188.273,1184.867,1185.354,1190.705,1198.003,1203.84,1218.435,1226.706,1117.138,1117.511,1118.286,1118.552,1119.525,1120.164,1123.569,1000,1000,1000,1000,1000,1000,1246.53,1246.773,1247.442,1248.841,1250.665,1253.28,1255.165,1258.449,1261.49,1264.895,1268.544,1271.463,1275.598,1279.49,1283.625,1285.571,1290.679,1297.004,1301.139,1306.004,1310.382,1315.247,1321.572,1328.383,1336.167,1342.977,1352.221,1359.032,1255.112,1255.515,1256.207,1256.823,1257.689,1258.191,1259.513,1260.365,1262.098,1263.679,1266.78,1268.848,1270.49,1273.652,1277.909,1280.95,1286.058,1290.679,1293.355,1295.058,1301.139,1306.247,1312.572,1315.247,1321.572,1325.95,1334.22,1343.95,1351.734,1365.356,1000,1000,1000,1000,1087.569,1086.596,1087.569,1085.744,1083.433,1083.069,1082.217,1081.001,1081.366,1081.001,1080.515,1080.15,1079.785,1078.204,1077.474,1077.109,1077.109,1076.379,1076.744,1076.744,1076.744,1076.744,1076.744,1077.109,1076.744,1077.109,1077.474,1077.839,1078.569,1078.933,1079.298,1080.15,1081.366,1081.731,1082.217,1083.433,1083.433,1084.406,1085.258,1086.596,1088.055,1000,1091.461,1093.65,1100.461,1105.326,1111.164,1121.623,1128.921,1000,1000,1000,1000,1370.221,1380.924,1385.789,1393.573,1405.735,1309.409,1309.637,1310.109,1310.778,1311.72,1312.176,1313.089,1314.335,1315.977,1318.166,1324.004,1329.599,1000,1000,1159.205,1167.962,1166.502,1000,1385.302,1374.113,1368.275,1369.248,1374.113,1377.518,1378.978,1386.275,1000,1000,1000,1179.759,1000,1000,1204.327,1192.651,1187.3,1188.759,1000,1000,1000,1261.733,1151.862,1152.128,1000,1000,1000,1000,1000,1000,1000,1000,1000,1000,1000,1000,1000,1000,1000,1000,1147.529,1145.735,1000,1000,1000,1000,1394.546,1393.573,1398.438,1401.6,1414.492,1418.87,1434.924,1439.303,1449.033,1458.763,1472.871,1369.963,1370.548,1371.354,1372.501,1373.87,1375.359,1378.491,1379.464,1381.593,1383.052,1389.194,1393.086,1400.87,1408.897,1417.897,1422.519,1429.573,1445.141,1461.682,1474.33,1494.277,1391.52,1391.839,1392.075,1393.041,1000,1396.765,1398.559,1402.451,1407.316,1409.14,1414.978,1000,1000,1434.438,1452.438,1453.898,1460.709,1471.411,1489.898,1506.925,1414.758,1415.366,1416.803,1417.502,1420.117,1422.58,1426.958,1433.222,1438.33,1441.857,1451.465,1461.438,1467.276,1472.141,1482.601,1492.817,1497.196,1516.169,1534.169,1436.49,1437.106,1439.577,1441.158,1443.742,1446.965,1450.492,1451.465,1459.736,1475.06,1484.06,1490.628,1498.655,1507.898,1531.737,1459.477,1460.123,1462.655,1465.817,1465.239,1464.509,1467.763,1000,1000,1000,1000,1000,1000,1000,1000,1000,1000,1000,1000,1000,1000,1000,1000,1000,1000,1000,1000,1000,1000,1000,1000,1000,1000,1000,1000,1000,1000,1000,1000,1000,1000,1000,1000,1000,1000,1000,1000,1000,1000,1000,1000,1000,1000,1000,1000,1000,1000,1000,1000,1000,1564.924,1564.674,1564.674,1564.332,1640.711,1626.116,1609.089,1585.251,1575.521,1561.777,1553.629,1549.554,1546.575,1542.196,1539.733,1537.84,1632.441,1612.494,1598.873,1589.143,1574.548,1558.007,1542.439,1000,1523.162,1519.818,1517.689,1514.588,1511.942,1510.544,1604.224,1580.386,1560.926,1549.737,1541.953,1534.656,1523.953,1515.196,1505.588,1497.804,1493.304,1491.418,1488.804,1487.557,1486.759,1561.899,1544.872,1529.791,1517.628,1507.898,1501.331,1491.844,1484.79,1478.344,1472.567,1468.249,1464.357,1463.384,1461.043,1459.667,1459.249,1557.521,1532.709,1518.601,1507.898,1487.222,1468.006,1460.952,1453.533,1446.175,1442.708,1440.641,1438.664,1437.106,1436.316,1000,1522.98,1505.466,1488.925,1480.168,1467.763,1000,1000,1000,1000,1000,1000,1000,1000,1000,1000,1000,1000,1000,1000,1000,1000,1000,1000,1000,1000,1000,1000,1000,1000,1000,1000,1000,1000,1000,1000,1000,1000,1000,1000,1000,1000,1000,1000,1000,1000,1000,1000,1000,1000
1000,1000,1000,1000,1000,1000,1000,1000,1000,1000,1000,1000,1000,1000,1000,1000,1000,1000,1000,1000,1000,1000,1000,1000,1000,1000,1000,1000,1000,1000,1000,1000,1000,1000,1000,1000,1000,1000,1000,1000,1000,1000,1000,1000,1000,1000,1000,1000,1000,1000,1000,1000,1000,1000,1000,1000,1000,1000,1000,1000,1000,1000,1000,1000,1000,1000,1000,1000,1000,1000,1000,1000,1000,1244.706,1000,1000,1267.084,1280.706,1287.517,1285.571,1301.139,1307.463,1306.49,1208.219,1208.675,1208.766,1209.283,1000,1000,1213.844,1213.844,1216.307,1217.462,1217.705,1218.983,1222.145,1000,1226.219,1227.679,1000,1231.571,1235.098,1000,1000,1000,1000,1000,1000,1000,1000,1000,1000,1000,1000,1000,1000,1000,1000,1000,1000,1000,1224.995,1000,1225.687,1000,1000,1000,1225.581,1225.687,1226.554,1229.989,1231.388,1235.949,1234.854,1236.253,1235.949,1000,1000,1000,1000,1000,1000,1000,1000,1000,1000,1000,1000,1000,1000,1000,1000,1000,1000,1000,1000,1000,1000,1219.895,1199.948,1196.057,1190.705,1190.705,1187.3,1189.246,1183.894,1182.921,1187.3,1197.03,1202.867,1217.462,1224.76,1116.948,1117.26,1117.754,1118.203,1119.525,1120.893,1125.029,1000,1000,1243.642,1245.344,1246.348,1245.344,1245.344,1245.74,1247.199,1248.111,1250.422,1252.672,1254.922,1257.719,1261.976,1264.895,1267.571,1271.463,1275.598,1277.787,1281.436,1285.085,1288.733,1294.815,1299.193,1305.031,1307.463,1314.761,1320.599,1328.383,1335.193,1345.896,1353.194,1359.032,1254.96,1255.226,1255.857,1256.366,1257.339,1258.191,1259.513,1260.912,1262.524,1264.409,1266.78,1268.24,1269.517,1272.557,1277.058,1279.977,1284.112,1289.706,1290.679,1291.896,1296.274,1302.355,1308.923,1313.301,1319.626,1325.95,1331.788,1342.004,1347.842,1360.491,1000,1000,1000,1000,1000,1085.744,1088.055,1086.231,1083.92,1083.433,1081.731,1081.366,1081.731,1081.366,1081.001,1080.515,1079.298,1078.204,1077.474,1076.744,1076.744,1076.744,1077.109,1077.109,1077.109,1077.109,1077.109,1077.109,1076.744,1077.474,1077.839,1078.204,1078.569,1079.298,1079.298,1079.298,1080.515,1081.001,1081.366,1082.582,1082.582,1083.92,1085.744,1086.231,1087.082,1090.974,1094.136,1096.812,1105.812,1109.704,1113.839,1122.596,1128.921,1000,1000,1000,1356.113,1362.437,1372.167,1378.978,1387.735,1398.438,1409.627,1309.523,1310.002,1310.694,1311.614,1312.42,1313.393,1314.518,1315.977,1318.166,1324.247,1331.18,1000,1000,1158.475,1167.962,1167.962,1000,1385.302,1373.626,1370.707,1369.248,1374.113,1378.005,1382.383,1388.708,1410.113,1000,1000,1000,1000,1000,1205.3,1196.543,1187.3,1188.273,1000,1000,1000,1000,1151.824,1151.976,1000,1354.41,1355.748,1000,1000,1000,1000,1000,1000,1000,1000,1350.351,1000,1000,1000,1000,1149.597,1146.677,1000,1000,1000,1000,1386.518,1388.221,1393.573,1398.924,1414.978,1418.87,1433.952,1439.303,1448.06,1455.844,1468.979,1370,1370.548,1371.437,1372.501,1373.414,1375.359,1377.579,1378.005,1381.045,1384.329,1388.829,1394.424,1402.329,1407.681,1415.465,1421.789,1425.195,1438.33,1453.411,1465.573,1484.547,1391.33,1391.687,1392.014,1393.132,1394.029,1396.4,1398.559,1402.998,1408.046,1411.694,1419.843,1430.303,1434.924,1437.357,1451.465,1451.465,1455.844,1462.168,1481.141,1500.601,1414.606,1415.191,1416.59,1417.137,1420.299,1423.492,1427.505,1432.857,1438.695,1441.37,1449.276,1457.06,1465.817,1472.141,1480.168,1487.466,1492.817,1506.439,1518.115,1435.974,1436.597,1437.995,1438.908,1441.006,1444.168,1448.06,1449.519,1000,1000,1483.33,1489.898,1499.141,1502.547,1522.493,1000,1459.667,1461.773,1465.057,1464.874,1465.239,1468.249,1000,1000,1000,1000,1000,1000,1000,1000,1000,1000,1000,1000,1000,1000,1000,1000,1000,1000,1000,1000,1000,1000,1000,1000,1000,1000,1000,1000,1000,1000,1000,1000,1000,1000,1000,1000,1000,1000,1000,1000,1000,1000,1000,1000,1000,1000,1000,1000,1000,1000,1000,1000,1000,1564.712,1564.408,1564.332,1646.549,1626.116,1612.981,1601.305,1581.359,1574.061,1562.142,1553.629,1548.703,1544.933,1540.63,1538.456,1537.316,1625.63,1610.548,1597.9,1591.089,1578.44,1559.953,1543.412,1000,1523.162,1520.121,1518.358,1514.953,1512.262,1510.84,1608.116,1576.494,1554.602,1542.683,1532.223,1526.142,1519.088,1509.844,1501.696,1495.006,1491.601,1489.898,1488.287,1487.139,1486.569,1558.98,1543.899,1527.358,1515.439,1504.25,1500.115,1489.412,1482.601,1476.52,1471.959,1467.52,1463.992,1462.381,1000,1459.363,1547.304,1538.547,1523.953,1513.736,1504.006,1484.06,1468.006,1459.736,1450.735,1444.898,1441.523,1439.577,1437.798,1437.106,1436.316,1000,1525.899,1508.385,1492.331,1477.249,1463.871,1000,1000,1000,1000,1000,1000,1000,1000,1000,1000,1000,1000,1000,1000,1000,1000,1000,1000,1000,1000,1000,1000,1000,1000,1000,1000,1000,1000,1000,1000,1000,1000,1000,1000,1000,1000,1000,1000,1000,1000,1000,1000,1000,1000
1000,1000,1000,1000,1000,1000,1000,1000,1000,1000,1000,1000,1000,1000,1000,1000,1000,1000,1000,1000,1000,1000,1000,1000,1000,1000,1000,1000,1000,1000,1000,1000,1000,1000,1000,1000,1000,1000,1000,1000,1000,1000,1000,1000,1000,1000,1000,1000,1000,1000,1000,1000,1000,1000,1000,1000,1000,1000,1000,1000,1000,1000,1000,1000,1000,1000,1000,1000,1000,1000,1000,1000,1000,1000,1000,1000,1000,1263.193,1000,1269.517,1286.544,1285.571,1283.625,1292.382,1000,1000,1000,1000,1000,1210.636,1211.624,1213.844,1216.307,1216.064,1214.786,1216.489,1000,1000,1000,1000,1000,1000,1000,1000,1000,1000,1000,1000,1000,1000,1000,1000,1000,1000,1000,1000,1000,1000,1000,1000,1000,1000,1318.653,1329.842,1329.842,1329.842,1224.129,1224.167,1224.129,1224.334,1225.315,1000,1000,1225.489,1226.098,1226.31,1225.991,1226.675,1228.712,1000,1000,1000,1000,1000,1234.55,1234.854,1000,1000,1000,1238.625,1000,1245.922,1000,1000,1000,1000,1000,1000,1116.796,1206.759,1199.948,1192.651,1191.678,1189.246,1190.705,1187.3,1189.246,1189.732,1198.003,1201.895,1213.57,1223.787,1116.91,1117.214,1117.898,1118.126,1119.404,1121.349,1127.279,1000,1000,1241.878,1243.034,1243.946,1243.794,1245.344,1246.348,1247.868,1248.354,1250.118,1252.672,1254.922,1257.719,1261.125,1264.044,1266.72,1269.517,1274.139,1276.328,1279.004,1281.436,1285.085,1289.463,1294.085,1302.112,1305.031,1311.355,1319.626,1327.41,1332.275,1342.977,1350.761,1357.086,1254.998,1255.226,1255.621,1255.986,1256.716,1257.446,1258.905,1260.03,1261.733,1263.679,1266.233,1267.389,1268.848,1272.193,1275.841,1279.125,1283.139,1288.004,1289.22,1291.896,1296.274,1301.139,1307.707,1313.788,1319.626,1326.923,1331.788,1340.545,1346.869,1360.491,1000,1000,1000,1000,1000,1082.217,1084.771,1083.433,1083.433,1082.582,1081.731,1081.731,1081.731,1081.366,1080.515,1080.15,1079.298,1077.474,1077.109,1076.744,1076.379,1076.379,1076.744,1076.744,1076.744,1076.379,1076.744,1076.744,1076.744,1077.474,1077.839,1078.204,1078.933,1079.298,1079.298,1079.298,1080.15,1080.515,1080.515,1082.217,1082.217,1082.582,1084.771,1087.082,1086.596,1089.028,1091.947,1096.812,1105.326,1110.434,1118.704,1131.839,1000,1000,1000,1000,1358.545,1361.464,1369.734,1375.572,1385.789,1392.6,1404.762,1415.465,1309.865,1310.474,1311.203,1311.827,1313.089,1313.545,1314.852,1317.497,1324.247,1331.18,1000,1149.84,1158.475,1168.813,1168.326,1163.948,1000,1370.707,1369.248,1369.248,1373.626,1376.545,1382.383,1394.059,1415.951,1328.983,1329.622,1000,1000,1000,1210.651,1204.327,1192.651,1192.651,1000,1000,1000,1258.814,1259.787,1262.706,1000,1000,1000,1000,1000,1000,1000,1000,1000,1000,1000,1000,1000,1000,1000,1000,1149.353,1149.597,1000,1000,1000,1383.843,1390.41,1390.41,1393.573,1397.708,1414.492,1418.384,1431.519,1437.357,1446.114,1454.871,1465.087,1370.039,1370.669,1371.528,1372.501,1373.566,1374.326,1376.545,1377.153,1380.498,1382.748,1388.1,1393.086,1399.411,1405.492,1414.735,1422.519,1428.6,1443.195,1458.763,1468.492,1482.601,1494.277,1391.33,1391.642,1392.28,1393.132,1395.579,1398.133,1403.607,1408.046,1412.546,1420.33,1432.492,1436.87,1438.087,1448.06,1450.979,1452.925,1457.79,1472.384,1486.006,1508.871,1414.568,1415.488,1416.02,1418.323,1420.877,1425.255,1430.668,1437.843,1443.195,1452.438,1459.492,1465.817,1475.79,1477.249,1484.06,1493.79,1512.277,1516.169,1435.974,1437.038,1437.995,1439.44,1441.705,1447.208,1448.911,1454.992,1462.29,1000,1487.952,1000,1503.033,1510.331,1521.52,1554.602,1459.553,1460.617,1000,1464.175,1463.384,1000,1000,1000,1000,1000,1000,1000,1000,1000,1000,1000,1000,1000,1000,1000,1000,1000,1000,1000,1000,1000,1465.239,1000,1000,1000,1000,1000,1000,1000,1000,1000,1000,1000,1000,1000,1000,1000,1000,1000,1000,1000,1000,1000,1000,1000,1000,1000,1000,1000,1000,1000,1000,1000,1000,1564.788,1564.522,1564.408,1644.603,1624.17,1609.089,1597.413,1580.872,1573.332,1563.115,1553.994,1548.399,1543.473,1540.22,1538.084,1537.278,1620.278,1605.683,1595.467,1592.548,1577.953,1563.845,1000,1000,1522.858,1520.608,1518.601,1514.77,1512.611,1511.053,1609.089,1574.548,1557.034,1539.764,1530.277,1522.736,1515.682,1506.682,1501.696,1495.493,1492.695,1490.324,1488.804,1487.192,1486.569,1558.007,1542.926,1523.466,1512.52,1000,1000,1491.844,1483.452,1475.79,1470.56,1466.668,1463.688,1461.894,1000,1560.44,1541.466,1528.818,1513.736,1503.033,1491.358,1471.655,1463.749,1458.519,1448.607,1443.742,1441.006,1439.029,1437.106,1436.962,1436.445,1536.115,1521.034,1504.493,1485.52,1000,1000,1000,1000,1000,1000,1000,1000,1000,1000,1000,1000,1000,1000,1000,1000,1000,1000,1000,1000,1000,1000,1000,1000,1000,1000,1000,1000,1000,1000,1000,1000,1000,1000,1000,1000,1000,1000,1000,1000,1000,1000,1000,1000,1000,1000
1000,1000,1000,1000,1000,1000,1000,1000,1000,1000,1000,1000,1000,1000,1000,1000,1000,1000,1000,1000,1000,1000,1000,1000,1000,1000,1000,1000,1000,1000,1000,1000,1000,1000,1000,1000,1000,1000,1000,1000,1000,1000,1000,1000,1000,1000,1000,1000,1000,1000,1000,1000,1000,1000,1000,1000,1000,1000,1000,1000,1000,1000,1000,1000,1000,1000,1000,1000,1000,1000,1000,1000,1000,1000,1000,1223.3,1000,1000,1000,1257.355,1267.084,1267.084,1265.625,1268.544,1282.652,1000,1000,1305.517,1000,1317.193,1208.371,1209.093,1210.317,1210.53,1211.229,1212.202,1000,1211.488,1212.962,1000,1212.354,1212.506,1214.026,1000,1000,1000,1000,1000,1000,1000,1229.989,1231.206,1235.098,1239.841,1241.787,1246.165,1249.571,1254.436,1259.057,1265.868,1275.355,1277.787,1283.625,1291.896,1292.869,1292.869,1302.112,1305.031,1305.031,1312.815,1324.977,1327.896,1223.825,1330.815,1223.787,1223.863,1224.091,1224.205,1224.782,1225.071,1225.406,1225.406,1226.432,1227.329,1228.378,1229.047,1230.78,1231.206,1232.543,1232.787,1236.253,1238.017,1241.422,1000,1000,1000,1000,1000,1000,1218.435,1205.786,1195.084,1197.03,1191.678,1191.678,1188.273,1189.732,1189.732,1198.003,1201.895,1212.597,1221.841,1116.796,1117.138,1117.632,1118.286,1119.89,1122.566,1130.076,1000,1239.856,1241.057,1241.772,1242.623,1242.897,1244.098,1244.615,1246.165,1246.53,1249.084,1250.665,1253.28,1256.625,1260.274,1262.706,1266.233,1269.517,1271.949,1274.625,1276.814,1280.706,1283.625,1289.463,1294.085,1302.112,1305.031,1312.328,1318.653,1327.41,1335.193,1346.869,1357.086,1363.896,1255.15,1255.226,1255.424,1255.986,1256.45,1257.339,1259.057,1260.365,1261.49,1263.01,1265.199,1267.389,1268.544,1271.828,1275.841,1278.76,1280.463,1284.598,1286.058,1289.22,1294.571,1301.869,1307.707,1314.761,1319.139,1326.923,1330.815,1338.599,1344.923,1360.491,1374.599,1000,1000,1000,1000,1080.15,1083.92,1082.582,1083.069,1082.582,1081.731,1082.217,1082.217,1081.366,1080.515,1080.515,1078.933,1078.204,1077.109,1076.744,1076.744,1076.379,1076.744,1077.109,1076.379,1076.379,1076.744,1076.744,1076.744,1077.109,1077.839,1078.204,1078.933,1078.933,1078.933,1078.933,1079.298,1079.298,1079.785,1081.731,1081.001,1081.731,1082.217,1085.744,1083.069,1086.596,1090.974,1097.542,1104.596,1110.434,1117.245,1000,1000,1000,1000,1353.68,1361.464,1365.356,1372.167,1378.491,1386.762,1392.6,1404.762,1309.447,1309.865,1310.474,1311.203,1311.614,1312.952,1314.153,1315.399,1318.166,1324.247,1328.869,1000,1000,1157.016,1166.137,1166.989,1000,1000,1372.653,1370.707,1369.734,1375.086,1377.518,1383.843,1000,1420.816,1328.983,1329.249,1000,1000,1000,1214.057,1202.867,1194.111,1194.111,1000,1000,1000,1000,1264.652,1264.652,1000,1000,1000,1000,1000,1000,1000,1000,1000,1000,1000,1000,1000,1000,1000,1000,1150.874,1150.387,1000,1000,1000,1385.059,1389.437,1388.708,1390.41,1397.221,1414.492,1418.384,1433.952,1434.924,1443.195,1451.952,1461.682,1369.734,1370.381,1370.943,1371.832,1372.745,1373.718,1374.66,1375.542,1378.735,1381.897,1387.735,1395.275,1401.843,1405.492,1412.303,1419.114,1423.735,1436.384,1454.384,1464.601,1477.249,1486.493,1489.412,1391.33,1391.687,1392.759,1394.971,1398.742,1403.85,1408.776,1412.546,1420.33,1429.573,1434.438,1434.924,1444.411,1443.925,1451.465,1453.898,1464.601,1476.763,1502.547,1515.682,1415.244,1416.194,1418.475,1421.059,1425.012,1429.33,1435.897,1441.37,1448.79,1454.141,1462.655,1469.952,1474.817,1485.52,1498.169,1511.304,1515.196,1539.034,1436.893,1000,1000,1441.006,1446.175,1447.208,1453.898,1461.438,1475.06,1485.276,1493.547,1499.141,1511.79,1522.493,1551.683,1459.629,1460.952,1000,1000,1000,1000,1000,1000,1000,1000,1000,1000,1000,1000,1000,1000,1000,1000,1000,1000,1000,1000,1000,1000,1000,1000,1466.242,1462.928,1000,1000,1000,1000,1501.574,1000,1000,1000,1000,1000,1000,1000,1000,1000,1000,1000,1000,1000,1000,1000,1000,1000,1000,1000,1000,1000,1000,1000,1000,1000,1000,1000,1660.657,1564.332,1631.954,1612.494,1601.792,1591.818,1576.251,1569.683,1559.71,1551.683,1547.061,1542.348,1540.63,1538.791,1537.278,1618.332,1596.927,1581.845,1572.602,1563.115,1553.629,1546.818,1533.196,1522.007,1521.459,1518.601,1514.436,1512.733,1511.464,1610.062,1574.548,1554.602,1538.547,1527.358,1521.763,1513.858,1504.858,1501.088,1496.223,1492.118,1490.035,1488.591,1487.086,1582.818,1558.98,1542.926,1525.899,1515.439,1509.358,1504.25,1494.033,1484.303,1475.425,1000,1464.509,1462.518,1460.777,1459.553,1543.412,1528.818,1513.736,1000,1498.655,1000,1000,1464.114,1460.1,1449.519,1445.141,1441.887,1439.303,1436.893,1436.711,1435.897,1521.034,1512.277,1496.709,1000,1000,1000,1000,1000,1000,1000,1000,1000,1000,1000,1000,1000,1000,1000,1000,1000,1000,1000,1000,1000,1000,1000,1000,1000,1000,1000,1000,1000,1000,1000,1000,1000,1000,1000,1000,1000,1000,1000,1000,1000,1000,1000,1000,1000,1000,1000
1000,1000,1000,1000,1000,1000,1000,1000,1000,1000,1000,1000,1000,1000,1000,1000,1000,1000,1000,1000,1000,1000,1000,1000,1000,1000,1000,1000,1000,1000,1000,1000,1000,1000,1000,1000,1000,1000,1000,1000,1000,1000,1000,1000,1000,1000,1000,1000,1000,1000,1000,1000,1000,1000,1000,1000,1000,1000,1000,1000,1000,1000,1000,1000,1000,1000,1000,1000,1000,1000,1000,1000,1000,1210.286,1212.111,1213.57,1219.043,1220.016,1226.949,1228.408,1234.003,1239.598,1241.3,1245.922,1253.949,1256.868,1256.868,1266.111,1270.976,1277.301,1280.706,1294.328,1305.517,1308.436,1311.355,1208.257,1000,1208.257,1208.599,1208.409,1208.637,1208.971,1209.427,1210.119,1212.202,1212.658,1214.209,1000,1215.395,1215.395,1218.496,1219.834,1222.814,1226.584,1227.679,1229.625,1232.908,1235.098,1236.922,1241.3,1248.354,1250.301,1254.436,1259.057,1265.868,1265.868,1272.922,1277.787,1281.679,1284.112,1290.923,1292.869,1298.22,1301.139,1307.95,1314.761,1321.085,1324.977,1223.787,1223.977,1224.243,1224.486,1224.995,1225.489,1226.432,1226.675,1228.226,1228.712,1229.989,1230.172,1232.3,1233.03,1236.253,1236.8,1239.963,1241.422,1000,1000,1000,1229.625,1210.651,1198.975,1196.057,1189.732,1192.651,1189.732,1190.705,1190.705,1197.03,1199.948,1211.624,1219.895,1116.758,1117.176,1117.754,1118.659,1120.027,1125.272,1000,1000,1239.811,1240.495,1241.148,1241.878,1242.365,1243.642,1244.615,1245.74,1246.773,1248.598,1250.118,1253.28,1254.922,1258.449,1260.76,1264.044,1267.206,1270.49,1272.436,1274.625,1277.787,1279.004,1283.625,1290.679,1297.734,1302.112,1312.328,1318.653,1326.437,1336.167,1346.869,1355.14,1363.896,1255.226,1255.188,1255.469,1255.986,1256.45,1257.568,1259.209,1260.182,1261.49,1262.098,1263.679,1266.233,1267.632,1270.733,1275.112,1278.274,1278.76,1282.774,1285.571,1288.49,1293.355,1299.923,1303.571,1310.382,1315.247,1323.518,1326.923,1336.167,1342.977,1356.599,1371.68,1000,1000,1000,1000,1079.298,1082.217,1080.515,1081.366,1081.731,1081.366,1081.366,1082.217,1081.366,1080.515,1080.15,1078.933,1078.204,1077.839,1077.109,1076.744,1076.744,1076.744,1076.744,1076.379,1076.379,1076.379,1076.379,1076.744,1077.109,1077.839,1078.204,1078.569,1078.569,1078.569,1078.204,1078.204,1077.839,1078.933,1081.001,1081.001,1081.366,1084.771,1085.744,1000,1087.082,1091.461,1095.839,1104.109,1110.434,1118.704,1000,1000,1000,1000,1355.14,1362.924,1366.329,1371.194,1377.518,1386.762,1391.627,1405.735,1309.561,1309.911,1310.405,1311.112,1311.507,1312.815,1314.335,1315.217,1317.68,1323.639,1327.045,1000,1146.1,1157.016,1164.313,1165.651,1000,1000,1000,1372.167,1369.734,1000,1000,1000,1000,1414.978,1425.195,1432.005,1428.114,1402.329,1000,1219.408,1202.867,1194.111,1191.678,1000,1000,1000,1000,1151.862,1259.787,1000,1000,1000,1000,1000,1000,1000,1000,1000,1000,1000,1412.546,1000,1000,1000,1000,1148.38,1147.286,1000,1000,1000,1381.897,1384.573,1386.518,1388.221,1397.221,1408.654,1413.519,1423.249,1428.114,1436.87,1447.087,1454.871,1469.952,1370.039,1370.327,1371.103,1372.258,1373.003,1374.326,1375.542,1378.248,1380.498,1386.275,1393.086,1399.897,1404.519,1413.032,1420.573,1423.735,1431.033,1442.708,1450.979,1460.709,1471.411,1479.195,1494.277,1391.33,1392.204,1393.557,1396.4,1400.87,1405.066,1408.776,1416.681,1427.384,1432.005,1436.87,1446.6,1454.384,1462.168,1468.006,1473.844,1483.087,1504.006,1414.492,1415.039,1416.111,1417.76,1419.934,1422.093,1427.505,1436.262,1445.627,1451.952,1456.573,1463.141,1471.411,1477.249,1486.493,1501.574,1510.331,1517.142,1436.011,1437.425,1000,1441.34,1443.073,1448.06,1450.127,1454.263,1461.925,1471.655,1480.898,1487.952,1499.141,1513.736,1000,1000,1000,1000,1000,1000,1000,1000,1000,1000,1000,1000,1000,1000,1000,1000,1000,1000,1000,1000,1000,1000,1000,1000,1000,1000,1000,1000,1463.992,1462.138,1460.063,1554.602,1000,1000,1000,1000,1000,1466.06,1463.749,1453.533,1450.492,1442.891,1000,1000,1000,1000,1000,1000,1000,1000,1000,1000,1000,1000,1000,1000,1000,1000,1000,1000,1000,1000,1000,1000,1000,1000,1000,1000,1575.521,1569.683,1557.277,1549.25,1545.358,1541.223,1540.22,1538.707,1537.354,1614.44,1587.683,1572.602,1564.575,1551.926,1547.791,1541.953,1528.939,1520.121,1519.088,1516.047,1513.523,1512.049,1510.779,1601.305,1574.548,1554.602,1537.331,1526.142,1519.088,1512.034,1502.669,1499.506,1497.013,1493.486,1490.172,1488.91,1487.139,1580.872,1556.061,1541.953,1529.791,1521.034,1514.709,1508.628,1498.898,1485.641,1474.817,1000,1463.992,1462.259,1460.534,1459.553,1543.412,1527.845,1507.898,1494.763,1488.682,1000,1000,1466.547,1460.952,1451.465,1445.141,1440.033,1437.889,1436.399,1436.316,1534.169,1517.142,1502.547,1487.466,1000,1000,1000,1000,1000,1000,1000,1000,1000,1000,1000,1000,1000,1000,1000,1000,1000,1000,1000,1000,1000,1000,1000,1000,1000,1000,1000,1000,1000,1000,1000,1000,1000,1000,1000,1000,1000,1000,1000,1000,1000,1000,1000,1000,1000,1000,1000
1000,1000,1000,1000,1000,1000,1000,1000,1000,1000,1000,1000,1000,1000,1000,1000,1000,1000,1000,1000,1000,1000,1000,1000,1000,1000,1000,1000,1000,1000,1000,1000,1000,1000,1000,1000,1000,1000,1000,1000,1000,1000,1000,1000,1000,1000,1000,1000,1000,1000,1227.192,1000,1000,1000,1000,1000,1000,1000,1000,1000,1000,1000,1000,1000,1192.993,1193.404,1000,1195.175,1000,1000,1198.094,1199.036,1200.739,1201.651,1203.962,1207.489,1210.651,1212.476,1216.854,1217.705,1221.354,1223.787,1226.949,1229.625,1236.435,1238.381,1240.084,1243.49,1250.301,1253.949,1254.436,1264.652,1272.922,1276.328,1280.706,1291.409,1297.247,1302.112,1307.463,1307.463,1316.22,1208.295,1208.637,1209.032,1210.013,1210.636,1211.761,1212.354,1213.145,1212.81,1214.604,1216.064,1218.192,1220.685,1223.057,1224.03,1226.219,1226.949,1228.773,1230.354,1235.584,1236.922,1241.787,1246.165,1253.219,1254.436,1261.003,1263.679,1268.544,1270.976,1275.355,1278.76,1286.544,1289.463,1297.247,1302.112,1310.869,1312.815,1322.058,1329.842,1224.053,1224.129,1224.486,1224.782,1225.315,1225.581,1226.797,1227.618,1228.712,1229.229,1230.598,1230.962,1232.787,1234.064,1236.496,1238.99,1240.327,1236.496,1000,1000,1217.462,1204.813,1199.948,1193.624,1195.084,1192.651,1193.624,1192.651,1198.975,1201.895,1211.624,1218.435,1229.625,1117.1,1117.693,1119.282,1121.502,1129.468,1000,1000,1239.62,1240.168,1240.799,1241.772,1242,1243.49,1244.28,1245.74,1246.165,1247.868,1249.632,1252.064,1254.192,1258.084,1260.274,1263.193,1266.72,1270.003,1272.922,1274.139,1277.301,1279.49,1283.139,1287.517,1294.085,1301.139,1311.355,1318.653,1329.356,1338.112,1348.815,1358.059,1254.96,1255.15,1255.226,1255.378,1255.621,1256.131,1257.02,1258.191,1259.513,1260.547,1261.49,1262.767,1265.199,1267.084,1270.733,1274.382,1277.909,1279.612,1282.774,1284.598,1288.004,1292.869,1299.193,1303.085,1309.653,1315.247,1321.572,1326.923,1336.167,1343.95,1356.599,1371.68,1272.664,1000,1000,1000,1000,1081.001,1080.515,1081.001,1081.001,1081.731,1082.217,1081.731,1081.731,1081.366,1081.001,1079.785,1078.933,1077.839,1077.839,1076.744,1076.744,1076.744,1076.744,1076.379,1076.379,1076.379,1076.744,1076.744,1077.474,1077.839,1077.839,1077.839,1077.839,1077.839,1077.109,1077.474,1077.109,1077.109,1078.569,1079.785,1079.298,1083.069,1084.771,1081.731,1085.258,1090.974,1095.353,1103.38,1111.164,1000,1000,1000,1000,1000,1353.68,1360.491,1363.896,1369.734,1376.545,1385.789,1392.6,1407.681,1309.599,1309.865,1310.405,1310.937,1311.401,1312.541,1314.001,1315.034,1317.68,1322.119,1325.585,1000,1000,1156.286,1163.462,1166.989,1000,1000,1378.978,1377.518,1376.545,1000,1000,1000,1000,1414.978,1423.249,1425.195,1423.249,1000,1000,1220.381,1204.327,1194.111,1191.678,1000,1000,1000,1000,1255.895,1000,1000,1000,1000,1000,1000,1000,1000,1000,1000,1000,1000,1000,1000,1000,1000,1000,1149.597,1147.711,1145.218,1000,1000,1376.302,1378.126,1380.437,1381.41,1391.627,1400.384,1406.465,1414.978,1424.708,1433.952,1445.141,1454.871,1468.979,1369.924,1370.236,1370.875,1372.045,1373.003,1374.326,1375.177,1378.491,1381.897,1386.64,1391.87,1400.87,1407.194,1412.303,1420.573,1425.924,1430.06,1436.87,1446.6,1457.79,1471.411,1480.168,1391.254,1391.596,1392.508,1393.451,1396.583,1400.384,1404.458,1408.046,1414.978,1423.249,1428.6,1433.222,1444.411,1455.357,1463.141,1468.006,1473.844,1486.006,1504.979,1515.682,1414.948,1416.59,1417.624,1420.877,1424.222,1431.033,1436.627,1448.79,1452.438,1458.276,1465.817,1474.817,1477.249,1485.033,1498.169,1504.493,1512.277,1536.115,1437.6,1000,1442.1,1443.742,1447.512,1448.911,1453.168,1456.452,1466.06,1472.871,1000,1000,1000,1000,1000,1000,1000,1000,1000,1000,1000,1000,1000,1000,1000,1000,1000,1000,1000,1000,1000,1000,1000,1000,1000,1000,1000,1000,1000,1470.56,1467.52,1463.688,1461.894,1459.439,1540.493,1000,1000,1000,1000,1000,1463.263,1463.263,1454.627,1452.438,1443.499,1441.887,1439.303,1437.691,1000,1000,1000,1488.925,1472.871,1467.276,1000,1000,1000,1000,1000,1000,1000,1000,1000,1000,1000,1000,1000,1000,1000,1000,1000,1000,1000,1000,1000,1000,1000,1000,1000,1627.576,1596.927,1576.98,1565.305,1558.494,1549.98,1548.277,1540.493,1530.034,1520.912,1519.088,1514.436,1512.611,1511.547,1510.148,1594.981,1576.494,1557.034,1534.656,1524.926,1516.655,1509.115,1499.506,1497.804,1494.763,1491.753,1488.91,1488.393,1487.04,1580.872,1557.034,1545.845,1530.277,1522.007,1516.898,1506.682,1495.493,1000,1473.175,1000,1463.08,1462.016,1460.123,1459.363,1541.466,1524.926,1500.115,1491.358,1482.114,1473.357,1466.06,1463.263,1458.033,1450.735,1446.175,1441.006,1438.102,1436.49,1436.354,1537.088,1520.061,1000,1000,1000,1000,1000,1000,1000,1000,1000,1000,1000,1000,1000,1000,1000,1000,1000,1000,1000,1000,1000,1000,1000,1000,1000,1000,1000,1000,1000,1000,1000,1000,1000,1000,1000,1000,1000,1000,1000,1000,1000,1000,1000,1000,1000,1000,1000,1000,1000
1000,1000,1000,1000,1000,1000,1000,1000,1000,1000,1000,1000,1000,1000,1000,1000,1000,1000,1000,1000,1000,1000,1000,1000,1000,1000,1000,1000,1000,1000,1000,1000,1000,1000,1000,1000,1000,1000,1000,1000,1000,1000,1000,1000,1203.232,1205.422,1204.57,1207.732,1214.786,1222.814,1225.246,1232.3,1000,1238.868,1000,1245.679,1247.625,1254.922,1259.301,1000,1000,1286.544,1000,1296.76,1302.599,1192.993,1193.35,1194.179,1194.856,1195.92,1196.786,1197.577,1198.641,1199.036,1200.922,1204.509,1206.577,1208.219,1212.476,1214.422,1216.003,1219.043,1220.868,1222.814,1226.949,1230.111,1233.516,1238.381,1244.706,1247.382,1248.841,1255.409,1261.247,1266.111,1268.544,1274.868,1279.733,1282.652,1287.517,1292.382,1301.139,1305.517,1315.247,1208.447,1208.918,1209.283,1209.922,1210.317,1210.986,1210.986,1212.506,1213.661,1215.212,1217.949,1220.381,1220.928,1223.057,1224.395,1226.949,1228.408,1232.057,1233.273,1238.868,1239.841,1246.165,1248.354,1254.436,1257.598,1262.949,1263.679,1270.003,1272.436,1280.22,1283.625,1291.896,1296.274,1302.112,1307.95,1314.761,1323.031,1332.761,1223.825,1224.167,1224.243,1224.6,1224.851,1225.885,1226.31,1227.329,1227.922,1229.412,1230.172,1231.875,1233.76,1235.402,1237.104,1238.017,1236.253,1000,1000,1000,1206.759,1200.922,1193.624,1194.111,1192.651,1194.111,1192.651,1197.03,1198.975,1208.705,1216.489,1116.758,1117.351,1118.461,1120.164,1123.934,1000,1000,1335.193,1239.62,1240.229,1240.882,1241.665,1242.243,1243.642,1244.463,1245.344,1246.773,1248.354,1250.118,1252.368,1255.165,1257.355,1259.909,1264.044,1266.72,1270.49,1274.139,1275.598,1276.814,1281.436,1284.355,1286.787,1292.625,1301.139,1306.49,1317.68,1325.95,1334.22,1343.95,1349.788,1360.978,1255.112,1255.302,1255.424,1255.735,1256.131,1256.716,1257.568,1258.753,1260.182,1260.912,1263.01,1264.895,1266.78,1270.49,1274.017,1277.544,1279.977,1282.287,1285.571,1289.706,1293.355,1298.707,1303.085,1308.923,1315.247,1322.058,1327.896,1337.139,1345.896,1355.626,1367.788,1272.512,1273.249,1000,1000,1000,1078.933,1081.001,1081.366,1081.366,1081.731,1081.731,1081.366,1081.001,1081.366,1080.515,1079.785,1078.933,1078.569,1077.839,1077.474,1077.109,1076.744,1076.379,1076.015,1076.379,1076.379,1076.379,1076.379,1076.744,1076.379,1076.379,1076.379,1076.744,1077.474,1077.109,1076.744,1076.744,1076.744,1078.204,1078.569,1079.785,1085.744,1086.231,1084.406,1086.231,1089.515,1092.677,1099.731,1109.704,1000,1000,1000,1000,1354.653,1358.545,1362.437,1367.302,1373.14,1377.518,1384.816,1393.573,1404.762,1309.409,1309.713,1310.162,1310.55,1311.203,1312.055,1313.089,1314.001,1317.011,1321.024,1324.247,1000,1000,1153.732,1161.516,1165.164,1163.462,1000,1380.437,1376.059,1373.626,1374.113,1378.978,1385.302,1394.059,1410.113,1419.843,1425.195,1420.816,1000,1000,1226.219,1202.867,1194.111,1189.732,1000,1000,1000,1000,1249.571,1000,1000,1000,1000,1000,1000,1000,1000,1000,1000,1000,1000,1378.248,1000,1000,1000,1154.34,1149.353,1148.624,1146.495,1000,1000,1378.978,1379.464,1380.924,1381.41,1390.41,1396.492,1403.546,1410.6,1420.816,1429.573,1445.141,1454.871,1469.952,1369.924,1370.381,1370.943,1372.258,1373.003,1374.478,1375.724,1379.221,1382.748,1387.37,1392.356,1399.897,1407.194,1413.519,1422.519,1428.114,1430.06,1435.411,1442.708,1451.952,1463.628,1476.276,1494.277,1391.482,1392.349,1393.451,1395.731,1398.559,1402.208,1405.066,1411.33,1418.992,1426.411,1433.222,1444.411,1455.844,1465.573,1476.763,1479.195,1495.736,1515.682,1414.682,1414.994,1416.59,1417.016,1418.931,1423.492,1429.695,1435.897,1445.627,1449.276,1454.141,1463.871,1473.357,1484.06,1493.79,1507.412,1513.25,1522.007,1436.011,1438.208,1440.033,1442.891,1444.168,1446.965,1447.756,1451.1,1451.708,1000,1000,1000,1000,1000,1000,1000,1000,1000,1000,1000,1000,1000,1000,1000,1000,1000,1000,1000,1000,1000,1000,1000,1000,1000,1000,1000,1000,1000,1000,1000,1470.864,1467.094,1463.08,1461.666,1459.515,1544.385,1000,1000,1000,1000,1000,1000,1000,1453.898,1449.215,1442.283,1440.185,1437.889,1436.597,1436.049,1536.115,1517.142,1492.817,1480.168,1467.276,1458.763,1448.79,1444.168,1440.033,1000,1000,1000,1000,1000,1000,1000,1000,1000,1000,1000,1000,1000,1000,1000,1000,1000,1000,1000,1000,1000,1000,1000,1563.115,1549.98,1000,1000,1000,1000,1522.858,1516.047,1514.77,1511.942,1511.213,1510.719,1509.92,1591.089,1583.305,1557.521,1535.872,1525.655,1518.115,1507.412,1501.696,1499.81,1497.013,1492.878,1489.625,1488.195,1486.873,1573.088,1551.196,1539.52,1524.926,1514.709,1510.088,1499.385,1490.385,1481.02,1472.263,1466.668,1462.928,1462.138,1460.313,1459.515,1544.385,1531.737,1501.574,1489.168,1479.195,1468.492,1460.587,1457.303,1453.533,1448.911,1444.654,1440.033,1000,1436.316,1436.049,1534.169,1521.034,1000,1000,1000,1000,1000,1000,1000,1000,1000,1000,1000,1000,1000,1000,1000,1000,1000,1000,1000,1000,1000,1000,1000,1000,1000,1000,1000,1000,1000,1000,1000,1000,1000,1000,1000,1000,1000,1000,1000,1000,1000,1000,1000,1000,1000,1000,1000,1000,1000
1000,1000,1000,1000,1000,1000,1000,1000,1000,1000,1000,1000,1000,1000,1000,1000,1000,1000,1000,1000,1000,1000,1000,1000,1000,1000,1000,1000,1000,1000,1000,1000,1000,1000,1000,1000,1000,1000,1000,1000,1000,1000,1000,1000,1200.8,1202.867,1202.381,1204.084,1212.111,1216.976,1221.111,1227.679,1232.3,1234.49,1237.895,1242.273,1246.165,1254.436,1257.355,1263.679,1269.031,1281.679,1285.571,1292.869,1300.652,1192.803,1193.107,1193.586,1194.019,1194.643,1195.296,1195.783,1196.634,1197.09,1198.854,1201.895,1203.172,1205.361,1208.827,1211.381,1211.016,1214.422,1216.003,1218.192,1221.841,1226.219,1228.408,1232.3,1238.381,1242.03,1245.436,1251.03,1255.895,1258.328,1261.247,1264.652,1270.976,1274.868,1280.706,1285.571,1292.382,1296.274,1305.517,1315.247,1208.523,1208.766,1209.093,1209.504,1210.013,1210.423,1211.229,1212.506,1213.479,1215.395,1216.733,1217.705,1219.834,1222.449,1224.03,1225.489,1228.408,1229.989,1232.908,1236.071,1242.517,1245.192,1249.084,1252.49,1255.652,1257.598,1262.949,1268.057,1273.895,1279.247,1287.517,1291.896,1298.22,1301.139,1307.95,1314.761,1324.977,1326.923,1223.939,1224.129,1224.334,1224.661,1225.489,1225.991,1226.918,1227.922,1229.047,1230.354,1231.631,1232.787,1234.854,1236.8,1237.104,1236.8,1234.064,1000,1000,1211.624,1201.895,1197.03,1195.084,1196.057,1192.651,1192.651,1196.057,1200.922,1208.705,1220.868,1116.872,1118.126,1120.437,1000,1000,1000,1000,1343.464,1239.772,1240.35,1240.974,1241.665,1242.121,1243.034,1243.946,1244.615,1246.348,1247.442,1249.084,1251.517,1254.192,1255.895,1259.179,1262.706,1266.233,1268.057,1272.436,1276.328,1279.004,1281.922,1283.139,1287.517,1292.139,1301.139,1308.923,1315.247,1323.031,1332.275,1341.031,1343.95,1357.086,1254.922,1255.188,1255.378,1255.918,1256.29,1256.716,1257.568,1258.464,1259.848,1260.912,1262.524,1264.409,1265.686,1268.24,1272.557,1276.328,1277.544,1280.463,1284.112,1287.517,1291.896,1297.004,1301.869,1307.707,1315.247,1320.599,1328.383,1335.193,1346.869,1350.761,1362.437,1371.68,1272.778,1000,1000,1000,1078.569,1080.15,1081.366,1081.001,1080.15,1080.15,1079.785,1080.15,1079.785,1079.298,1078.569,1078.569,1078.204,1077.839,1077.474,1077.474,1076.744,1076.379,1076.015,1076.379,1076.015,1076.379,1076.744,1076.379,1075.65,1075.285,1075.285,1075.285,1076.744,1076.744,1077.109,1076.379,1077.109,1077.474,1078.933,1080.15,1086.596,1085.744,1086.231,1088.542,1090.974,1093.163,1098.028,1106.542,1000,1000,1000,1340.545,1350.761,1356.599,1359.032,1366.329,1373.14,1378.491,1385.789,1397.465,1407.681,1309.561,1309.865,1310.344,1310.854,1311.401,1312.055,1313.24,1314.67,1317.011,1320.477,1323.639,1000,1000,1150.874,1155.313,1163.097,1000,1000,1384.816,1382.383,1376.545,1381.41,1384.816,1387.735,1395.032,1407.194,1418.87,1424.222,1420.816,1000,1000,1000,1196.543,1191.678,1190.219,1000,1000,1000,1000,1252.976,1000,1000,1000,1000,1000,1000,1000,1000,1000,1000,1000,1000,1000,1000,1000,1000,1149.84,1147.286,1145.218,1143.941,1000,1000,1378.491,1377.153,1378.491,1380.924,1388.708,1396.005,1407.194,1416.924,1426.168,1433.952,1446.114,1454.871,1464.114,1473.844,1370.115,1370.875,1371.832,1373.003,1374.995,1376.12,1379.221,1384.937,1388.829,1393.573,1402.329,1407.681,1411.816,1422.519,1430.06,1428.6,1435.411,1444.168,1456.33,1464.601,1479.195,1494.277,1391.558,1392.204,1393.451,1395.731,1398.316,1402.208,1404.458,1409.14,1415.343,1423.735,1432.005,1446.6,1457.79,1466.547,1481.141,1486.006,1499.628,1414.53,1414.834,1414.91,1415.86,1416.59,1418.931,1423.978,1429.087,1433.587,1440.519,1445.627,1449.762,1460.709,1469.952,1486.493,1494.763,1508.385,1512.277,1524.926,1436.011,1437.798,1439.881,1442.1,1444.168,1445.141,1447.756,1000,1000,1000,1000,1000,1000,1000,1000,1000,1000,1000,1000,1000,1000,1000,1000,1000,1000,1000,1000,1000,1000,1000,1000,1000,1000,1000,1000,1000,1000,1000,1000,1000,1469.77,1466.668,1463.536,1462.259,1000,1000,1000,1000,1000,1000,1000,1000,1455.722,1450.127,1447.512,1442.1,1439.881,1437.038,1436.088,1527.358,1507.412,1489.898,1474.817,1466.547,1458.763,1456.573,1449.762,1444.654,1000,1000,1424.465,1424.222,1422.58,1000,1416.909,1000,1000,1000,1468.006,1000,1000,1000,1000,1000,1000,1000,1000,1000,1000,1000,1000,1000,1000,1000,1000,1000,1000,1000,1000,1514.132,1512.854,1511.213,1510.909,1510.49,1606.17,1587.197,1581.359,1557.521,1535.872,1524.926,1519.088,1507.412,1503.763,1499.506,1495.979,1492.118,1489.26,1487.633,1486.835,1574.061,1551.196,1538.547,1522.493,1511.304,1506.682,1000,1487.466,1480.168,1471.959,1466.242,1462.655,1461.666,1460.123,1459.439,1545.358,1531.737,1504.006,1000,1480.168,1467.52,1000,1455.722,1452.438,1449.519,1445.871,1441.34,1000,1436.354,1531.25,1000,1492.817,1000,1000,1000,1000,1000,1000,1000,1000,1000,1000,1000,1000,1000,1000,1000,1000,1000,1000,1000,1000,1000,1000,1000,1000,1000,1000,1000,1000,1000,1000,1000,1000,1000,1000,1000,1000,1000,1000,1000,1000,1000,1000,1000,1000,1000,1000,1000,1000,1000
1000,1000,1000,1000,1000,1000,1000,1000,1000,1000,1000,1000,1000,1000,1000,1000,1000,1000,1000,1000,1000,1000,1000,1000,1000,1000,1000,1000,1000,1000,1000,1000,1000,1000,1000,1000,1000,1000,1000,1000,1191.192,1000,1194.232,1195.205,1198.124,1200.435,1200.435,1203.719,1210.165,1213.814,1217.462,1223.3,1228.408,1231.814,1237.408,1241.787,1245.679,1252.003,1256.868,1260.274,1264.652,1273.895,1278.76,1283.625,1292.869,1298.707,1192.765,1193.107,1193.464,1193.791,1194.445,1194.962,1195.92,1196.634,1197.911,1200.496,1201.408,1203.415,1205.665,1207.489,1208.219,1211.381,1213.205,1215.273,1217.705,1221.354,1224.273,1226.949,1232.787,1236.435,1240.084,1244.706,1249.571,1251.517,1255.409,1259.301,1267.084,1271.949,1279.247,1284.598,1287.517,1294.328,1300.166,1307.463,1208.295,1208.637,1208.865,1209.215,1209.747,1210.21,1210.743,1211.898,1213.145,1214.422,1215.638,1216.976,1218.192,1220.685,1222.145,1224.395,1227.679,1228.408,1230.841,1232.908,1238.381,1241.787,1245.679,1247.382,1250.301,1253.219,1257.598,1263.679,1269.517,1276.328,1283.625,1290.923,1294.815,1298.22,1302.112,1313.788,1319.626,1324.977,1223.787,1224.015,1224.38,1224.661,1225.489,1225.778,1226.675,1227.77,1228.895,1229.989,1231.631,1233.516,1234.064,1235.949,1236.496,1236.253,1234.064,1000,1000,1222.814,1210.651,1201.895,1199.948,1199.948,1194.111,1194.111,1197.03,1202.867,1210.651,1225.733,1117.693,1000,1000,1000,1000,1315.734,1332.275,1239.392,1239.697,1240.107,1240.882,1241.452,1242.243,1243.338,1244.797,1245.557,1247.199,1248.111,1250.665,1252.368,1254.192,1255.53,1259.544,1262.341,1263.193,1268.057,1271.463,1274.625,1276.814,1280.706,1283.139,1286.787,1290.193,1298.22,1306.49,1314.761,1322.058,1330.328,1339.085,1343.95,1354.167,1359.032,1255.188,1255.424,1255.986,1256.131,1256.716,1257.233,1257.932,1259.513,1260.912,1262.524,1264.409,1267.084,1270.125,1272.922,1276.693,1279.612,1280.95,1283.625,1286.544,1290.193,1295.058,1301.139,1306.977,1315.247,1319.626,1327.896,1331.788,1340.545,1342.977,1355.626,1364.383,1272.474,1273.5,1000,1000,1000,1079.785,1080.515,1078.933,1078.933,1078.569,1078.569,1078.204,1079.298,1078.933,1079.298,1078.569,1078.569,1078.204,1077.474,1077.109,1076.379,1075.65,1075.285,1075.65,1075.285,1076.015,1076.015,1075.65,1075.285,1074.19,1073.582,1073.947,1075.285,1075.65,1076.015,1075.65,1076.379,1077.109,1079.298,1080.515,1087.082,1087.569,1089.515,1090.974,1092.677,1094.136,1098.028,1000,1000,1000,1000,1341.275,1348.815,1352.221,1355.14,1362.924,1371.194,1376.545,1384.816,1396.492,1403.302,1414.492,1309.675,1310.056,1310.474,1311.31,1311.614,1312.42,1313.849,1316.22,1319.93,1324.612,1335.437,1000,1151.725,1155.921,1163.097,1161.88,1000,1000,1000,1380.437,1380.437,1382.87,1382.87,1392.113,1403.302,1414.978,1420.816,1419.843,1000,1000,1000,1201.408,1195.084,1194.111,1000,1000,1000,1000,1000,1000,1000,1000,1000,1000,1000,1000,1000,1000,1000,1000,1000,1000,1000,1000,1158.84,1147.955,1145.917,1144.701,1144.549,1000,1000,1000,1376.667,1379.464,1381.41,1388.708,1394.546,1403.546,1411.573,1421.303,1428.114,1441.249,1450.006,1460.709,1469.952,1370.153,1370.799,1371.726,1372.866,1374.843,1376.302,1379.464,1385.91,1389.559,1393.086,1400.87,1405.492,1409.87,1419.843,1430.06,1431.519,1440.762,1449.033,1464.601,1474.33,1494.277,1391.444,1392.075,1392.349,1393.785,1395.275,1397.708,1401.113,1405.735,1410.6,1419.843,1430.303,1438.573,1450.979,1460.709,1464.601,1478.222,1485.033,1501.574,1514.709,1414.796,1414.91,1415.488,1416.194,1418.475,1423.492,1429.087,1433.952,1439.546,1444.654,1447.087,1455.844,1467.276,1488.925,1492.331,1511.304,1518.115,1530.277,1436.278,1438.786,1440.185,1000,1443.317,1000,1000,1000,1000,1000,1000,1000,1000,1000,1000,1000,1000,1000,1000,1000,1000,1000,1000,1000,1000,1000,1000,1000,1000,1000,1000,1000,1000,1000,1000,1000,1000,1000,1000,1000,1000,1000,1000,1000,1000,1000,1000,1000,1000,1480.898,1469.465,1000,1452.803,1447.756,1000,1441.705,1440.337,1437.798,1436.278,1530.277,1512.277,1000,1477.249,1469.952,1000,1456.573,1447.573,1000,1000,1000,1000,1423.249,1420.482,1416.111,1414.796,1500.601,1470.438,1457.79,1455.357,1448.06,1449.519,1436.141,1425.924,1000,1000,1000,1000,1000,1000,1000,1000,1000,1000,1000,1000,1000,1000,1000,1000,1000,1510.346,1000,1000,1000,1000,1000,1000,1000,1525.655,1514.709,1000,1000,1499.506,1495.979,1493.486,1490.78,1487.861,1486.911,1583.791,1561.899,1546.331,1537.088,1522.007,1510.088,1503.52,1491.358,1482.601,1476.885,1470.864,1465.634,1462.655,1461.043,1459.629,1557.521,1536.601,1523.953,1499.141,1000,1476.763,1465.087,1454.627,1451.465,1000,1000,1000,1439.303,1436.962,1436.125,1524.926,1508.385,1492.817,1000,1000,1000,1000,1000,1000,1000,1000,1000,1000,1000,1000,1000,1000,1000,1000,1000,1000,1000,1000,1000,1000,1000,1000,1000,1000,1000,1000,1000,1000,1000,1000,1000,1000,1000,1000,1000,1000,1000,1000,1000,1000,1000,1000,1000,1000,1000,1000,1000
1000,1000,1000,1000,1000,1000,1000,1000,1000,1000,1000,1000,1000,1000,1000,1000,1000,1000,1000,1000,1000,1000,1000,1000,1000,1000,1000,1000,1000,1000,1000,1000,1000,1000,1000,1000,1000,1000,1000,1000,1189.55,1192.347,1193.867,1194.232,1195.935,1199.219,1200.435,1202.016,1207.246,1210.651,1214.3,1219.895,1224.76,1229.138,1235.219,1239.354,1240.814,1248.598,1252.003,1255.895,1260.274,1271.949,1276.814,1283.625,1290.436,1296.76,1302.599,1192.879,1193.153,1193.464,1193.936,1194.552,1195.296,1196.057,1197.09,1199.219,1199.827,1201.651,1203.415,1205.665,1206.577,1209.557,1211.016,1212.841,1214.786,1218.192,1221.841,1225.246,1230.111,1235.219,1238.868,1243.49,1248.111,1250.301,1254.436,1257.355,1265.625,1269.517,1274.868,1280.706,1286.544,1291.409,1297.247,1310.382,1317.193,1208.523,1208.675,1208.971,1209.283,1209.838,1210.317,1211.898,1212.658,1213.844,1215.212,1216.307,1217.462,1219.53,1221.841,1224.03,1225.125,1228.043,1229.138,1232.422,1235.584,1239.354,1240.814,1245.679,1246.165,1252.49,1257.598,1264.409,1268.057,1275.355,1279.247,1287.517,1291.896,1296.274,1302.112,1306.977,1317.68,1322.058,1223.787,1223.977,1224.288,1224.782,1225.406,1225.991,1226.675,1227.922,1229.047,1230.172,1231.206,1232.787,1233.516,1234.854,1236.253,1236.496,1234.854,1235.402,1000,1000,1000,1000,1000,1000,1000,1195.084,1194.111,1199.948,1209.678,1231.571,1000,1000,1280.706,1299.193,1312.815,1322.545,1335.193,1239.468,1239.582,1240,1240.639,1241.148,1242.121,1243.186,1244.28,1245.344,1247.199,1248.111,1250.118,1251.821,1254.192,1254.557,1258.449,1259.909,1263.193,1266.233,1270.49,1271.463,1275.112,1279.49,1283.625,1286.787,1290.679,1299.193,1305.031,1312.815,1323.031,1329.356,1337.139,1341.031,1353.194,1356.113,1255.226,1255.469,1255.918,1255.986,1256.29,1256.716,1257.568,1258.753,1260.912,1262.767,1264.652,1266.78,1269.76,1271.828,1275.112,1277.909,1279.125,1282.287,1285.085,1289.706,1294.085,1301.139,1306.247,1315.247,1320.599,1327.896,1330.815,1341.518,1342.977,1354.653,1363.41,1272.474,1273.135,1000,1000,1000,1079.298,1081.001,1078.204,1078.204,1077.474,1077.109,1077.839,1078.204,1077.839,1078.204,1078.204,1078.204,1077.839,1077.474,1076.744,1075.65,1074.92,1073.947,1074.555,1074.92,1076.015,1076.015,1075.65,1075.285,1074.19,1074.19,1074.19,1075.65,1076.015,1077.109,1078.204,1078.569,1079.298,1080.515,1081.731,1085.744,1088.055,1090.974,1093.163,1095.353,1099.731,1000,1000,1000,1000,1335.68,1340.058,1348.815,1352.221,1356.599,1365.356,1373.14,1378.491,1386.762,1394.546,1402.329,1409.627,1309.599,1309.911,1310.618,1311.31,1311.827,1312.298,1314.153,1315.795,1319.382,1323.639,1335.802,1000,1155.313,1158.84,1165.651,1165.164,1000,1000,1400.384,1382.383,1382.87,1383.843,1385.302,1392.113,1402.329,1411.086,1415.951,1414.005,1000,1000,1000,1201.895,1194.111,1194.111,1000,1000,1000,1000,1000,1000,1000,1000,1000,1000,1000,1000,1000,1000,1000,1000,1000,1000,1000,1000,1157.016,1150.387,1147.529,1146.677,1146.495,1000,1000,1381.897,1380.437,1379.951,1381.41,1387.735,1392.843,1398.438,1407.194,1415.951,1421.303,1436.87,1448.06,1457.79,1473.844,1370.236,1370.799,1371.726,1373.277,1374.995,1376.91,1380.255,1386.64,1388.829,1391.505,1397.951,1402.329,1406.708,1416.681,1425.924,1431.033,1440.762,1449.033,1464.601,1473.357,1488.439,1391.406,1392.349,1392.843,1395.427,1397.13,1398.985,1401.661,1405.37,1409.87,1417.167,1426.411,1431.276,1444.411,1452.925,1457.79,1468.006,1479.195,1496.709,1513.736,1414.568,1415.191,1415.556,1416.59,1418.779,1426.654,1428.114,1432.492,1437.479,1443.195,1445.627,1459.492,1473.357,1489.898,1490.385,1506.439,1515.196,1000,1000,1000,1000,1000,1000,1000,1000,1000,1000,1000,1000,1000,1000,1000,1000,1000,1000,1000,1000,1000,1000,1000,1000,1000,1000,1000,1000,1000,1000,1000,1000,1000,1000,1000,1000,1000,1000,1000,1000,1000,1000,1000,1000,1000,1000,1000,1000,1000,1000,1000,1000,1000,1454.992,1449.519,1000,1000,1000,1000,1436.316,1524.926,1505.466,1000,1472.141,1463.871,1460.709,1451.952,1443.195,1000,1000,1000,1424.769,1423.735,1419.752,1415.244,1506.925,1490.871,1461.682,1450.979,1450.006,1442.465,1000,1428.6,1000,1000,1000,1400.87,1399.654,1397.708,1398.133,1396.4,1394.819,1392.425,1000,1000,1000,1000,1000,1000,1000,1000,1000,1000,1000,1000,1000,1000,1000,1000,1000,1000,1000,1000,1000,1000,1000,1000,1000,1000,1000,1000,1554.115,1541.953,1000,1000,1497.682,1485.641,1477.249,1473.479,1468.492,1463.84,1461.773,1460.617,1559.467,1545.358,1531.737,1521.52,1500.115,1490.628,1479.682,1468.006,1456.452,1451.465,1446.418,1000,1000,1000,1000,1000,1000,1000,1000,1000,1000,1000,1000,1000,1000,1000,1000,1000,1000,1000,1000,1000,1000,1000,1000,1000,1000,1000,1000,1000,1000,1000,1000,1000,1000,1000,1000,1000,1000,1000,1000,1000,1000,1000,1000,1000,1000,1000,1000,1000,1000,1000,1000,1000,1000,1000,1000,1000
1000,1000,1000,1000,1000,1000,1000,1000,1000,1000,1000,1000,1000,1000,1000,1000,1000,1000,1000,1000,1000,1000,1000,1000,1000,1000,1000,1000,1000,1000,1000,1000,1000,1000,1000,1000,1000,1000,1000,1000,1000,1190.888,1192.347,1192.347,1194.597,1197.394,1199.219,1202.016,1206.881,1210.165,1214.786,1220.381,1224.76,1229.138,1234.49,1237.408,1237.895,1246.165,1252.003,1255.895,1259.301,1272.922,1276.814,1282.652,1289.463,1296.76,1301.625,1192.879,1193.153,1193.586,1194.095,1194.643,1195.418,1196.057,1196.786,1198.459,1199.219,1200.922,1202.381,1205.117,1205.665,1208.462,1209.922,1211.746,1213.205,1216.489,1220.016,1224.273,1228.895,1232.787,1238.868,1242.76,1247.382,1251.03,1254.436,1257.355,1263.679,1268.057,1270.976,1279.733,1285.571,1290.436,1298.22,1308.436,1316.22,1208.523,1208.637,1208.812,1209.154,1209.587,1210.423,1211.229,1212.05,1213.844,1215.03,1216.064,1216.976,1219.287,1221.841,1223.787,1226.584,1229.138,1231.206,1232.908,1236.071,1238.868,1240.327,1243.976,1247.382,1250.787,1255.652,1263.679,1267.084,1274.868,1277.787,1285.085,1288.49,1296.274,1302.112,1308.923,1315.734,1319.626,1329.842,1224.015,1224.243,1224.661,1225.315,1225.581,1226.554,1227.618,1228.378,1229.777,1231.388,1232.787,1233.516,1235.645,1236.253,1238.017,1237.713,1236.253,1000,1000,1000,1000,1000,1000,1000,1201.895,1194.111,1197.03,1209.678,1117.306,1000,1280.706,1290.923,1306.004,1316.707,1323.518,1335.193,1239.392,1239.582,1239.856,1240.419,1240.974,1241.665,1242.623,1243.794,1245.162,1247.199,1248.111,1250.118,1251.213,1252.368,1253.28,1257.719,1260.274,1263.193,1265.382,1268.057,1271.949,1273.652,1279.004,1282.652,1288.004,1292.139,1299.193,1305.031,1310.382,1319.626,1326.437,1333.248,1335.193,1349.788,1360.978,1255.188,1255.469,1255.918,1256.131,1256.366,1257.127,1258.191,1259.848,1262.098,1263.922,1265.199,1266.78,1269.152,1271.098,1274.017,1276.693,1278.76,1283.625,1286.058,1290.193,1294.571,1299.923,1305.031,1313.788,1319.139,1324.491,1329.356,1336.167,1339.572,1350.761,1362.437,1378.491,1272.938,1000,1000,1000,1078.204,1081.366,1079.298,1079.298,1078.204,1077.474,1077.474,1077.474,1077.474,1077.839,1078.569,1078.933,1078.204,1077.474,1077.109,1075.65,1074.19,1073.582,1074.19,1073.947,1074.92,1075.285,1075.65,1075.65,1075.285,1074.555,1074.92,1076.015,1076.379,1077.474,1079.785,1081.366,1082.582,1083.92,1085.258,1089.515,1091.461,1094.136,1097.542,1099.245,1000,1000,1000,1000,1330.328,1332.031,1337.626,1344.68,1349.545,1353.194,1362.437,1367.788,1373.14,1380.924,1390.654,1398.438,1406.708,1309.447,1309.789,1310.55,1311.112,1311.933,1312.42,1314.518,1315.217,1318.653,1322.423,1000,1000,1154.948,1159.934,1165.651,1167.475,1175.381,1000,1401.356,1387.248,1384.816,1379.951,1381.41,1387.735,1398.438,1408.167,1417.897,1412.059,1392.113,1000,1000,1197.03,1191.678,1191.678,1000,1000,1000,1000,1000,1000,1000,1000,1000,1000,1000,1000,1000,1386.518,1000,1415.465,1000,1000,1000,1000,1150.874,1147.103,1145.735,1145.036,1145.036,1000,1000,1381.41,1381.41,1381.897,1383.843,1389.437,1397.708,1403.059,1409.14,1417.411,1425.681,1438.33,1450.006,1458.763,1469.952,1370.115,1370.73,1371.832,1373.566,1375.359,1377.336,1380.255,1385.302,1388.464,1391.87,1396.613,1401.356,1406.708,1413.519,1423.005,1428.6,1440.762,1448.06,1460.709,1466.547,1483.574,1391.254,1392.136,1392.668,1395.579,1396.583,1397.525,1399.411,1402.451,1406.708,1414.492,1424.708,1430.789,1444.411,1452.925,1458.276,1468.979,1482.114,1494.763,1509.844,1414.568,1415.305,1415.305,1416.696,1418.779,1423.978,1425.012,1429.695,1432.857,1438.33,1000,1000,1000,1000,1000,1000,1000,1000,1000,1000,1000,1000,1000,1000,1000,1000,1000,1000,1000,1000,1000,1000,1000,1000,1000,1000,1000,1000,1000,1000,1000,1000,1000,1000,1000,1000,1000,1000,1000,1000,1000,1000,1000,1000,1000,1000,1000,1000,1000,1000,1000,1000,1000,1000,1000,1000,1000,1000,1000,1000,1000,1000,1000,1000,1000,1000,1537.088,1000,1000,1000,1461.438,1457.06,1453.654,1447.087,1440.884,1436.627,1434.316,1429.087,1424.769,1423.005,1418.931,1415.039,1502.547,1491.844,1460.709,1453.898,1453.898,1444.411,1439.303,1430.789,1419.843,1000,1405.37,1399.654,1397.708,1394.971,1395.731,1394.15,1393.041,1391.596,1000,1000,1000,1000,1000,1000,1000,1000,1000,1399.897,1000,1389.924,1000,1000,1000,1000,1000,1000,1000,1000,1000,1000,1000,1000,1000,1000,1000,1000,1000,1000,1000,1000,1000,1000,1000,1469.222,1465.057,1462.259,1461.149,1459.948,1551.683,1544.385,1531.737,1519.574,1503.033,1494.763,1482.844,1468.006,1000,1450.127,1444.411,1000,1000,1000,1000,1000,1000,1000,1000,1000,1000,1000,1000,1000,1000,1000,1000,1000,1000,1000,1000,1000,1000,1000,1000,1000,1000,1000,1000,1000,1000,1000,1000,1000,1000,1000,1000,1000,1000,1000,1000,1000,1000,1000,1000,1000,1000,1000,1000,1000,1000,1000,1000,1000,1000,1000,1000,1000
1000,1000,1000,1000,1000,1000,1000,1000,1000,1000,1000,1000,1000,1000,1000,1000,1000,1000,1000,1000,1000,1000,1000,1000,1000,1000,1000,1000,1000,1000,1000,1000,1000,1000,1000,1000,1000,1000,1000,1000,1000,1000,1192.955,1192.651,1194.232,1196.3,1198.854,1201.651,1205.057,1208.219,1214.3,1218.678,1222.814,1227.679,1233.76,1237.408,1237.895,1244.706,1251.03,1256.868,1260.274,1270.976,1275.841,1280.706,1286.544,1294.815,1302.599,1192.879,1193.153,1193.586,1193.936,1194.354,1194.749,1195.418,1195.783,1197.394,1198.094,1199.827,1201.165,1203.415,1204.266,1207.246,1208.827,1210.651,1212.476,1216.003,1218.678,1222.327,1226.219,1231.084,1236.435,1242.03,1245.436,1250.301,1253.949,1256.868,1262.22,1267.084,1272.922,1278.274,1283.625,1295.301,1302.112,1311.355,1317.193,1208.447,1208.637,1208.971,1209.154,1209.504,1210.119,1210.864,1211.624,1212.962,1214.786,1215.82,1217.219,1218.739,1221.233,1222.814,1225.489,1228.408,1229.989,1232.422,1235.584,1238.381,1238.868,1241.3,1245.679,1248.354,1253.949,1260.274,1265.139,1270.003,1275.355,1281.193,1288.49,1295.301,1300.166,1307.95,1316.707,1322.058,1332.761,1224.053,1224.38,1224.661,1225.231,1225.581,1226.204,1227.466,1228.074,1229.047,1230.598,1231.206,1232.543,1234.064,1235.402,1238.381,1238.625,1239.963,1240.692,1239.354,1000,1239.598,1000,1000,1000,1000,1000,1000,1000,1000,1279.247,1290.436,1298.22,1308.436,1319.626,1325.464,1336.653,1239.354,1239.506,1239.772,1240.168,1240.723,1241.665,1242.76,1244.098,1244.979,1246.53,1247.199,1249.084,1250.118,1251.517,1252.976,1255.895,1258.449,1260.76,1262.706,1266.233,1267.571,1272.436,1275.112,1280.22,1286.301,1292.139,1297.734,1302.599,1310.382,1319.626,1324.004,1331.302,1337.139,1347.842,1358.059,1255.112,1255.515,1255.986,1256.207,1256.625,1257.568,1258.601,1260.03,1262.098,1263.436,1264.652,1266.78,1269.152,1270.49,1272.557,1275.112,1277.058,1281.314,1284.112,1288.49,1293.355,1299.923,1304.301,1313.788,1319.139,1324.491,1328.383,1334.22,1337.626,1348.815,1359.518,1373.626,1272.778,1273.964,1000,1000,1000,1078.569,1077.839,1078.204,1078.204,1077.474,1077.839,1078.204,1076.744,1077.109,1077.839,1078.569,1078.204,1077.109,1076.379,1074.19,1072.609,1072.001,1073.582,1074.19,1075.285,1075.65,1076.015,1076.015,1074.92,1074.92,1075.285,1076.015,1076.379,1077.839,1080.515,1081.366,1083.069,1084.406,1086.596,1089.028,1092.677,1094.623,1097.542,1100.461,1000,1000,1000,1000,1324.491,1325.464,1332.761,1338.842,1342.734,1348.815,1356.599,1362.437,1370.221,1378.978,1389.681,1400.384,1409.627,1309.561,1309.827,1310.474,1311.028,1312.055,1312.541,1314.518,1315.034,1317.923,1321.268,1000,1000,1155.921,1160.299,1165.164,1166.502,1000,1000,1390.654,1384.816,1383.843,1382.383,1382.383,1388.708,1395.032,1401.356,1409.14,1405.248,1385.302,1000,1000,1195.57,1189.732,1193.138,1000,1000,1000,1000,1000,1000,1000,1000,1000,1000,1000,1000,1000,1000,1000,1414.492,1000,1000,1000,1000,1000,1147.955,1144.853,1144.397,1144.245,1000,1000,1380.924,1379.464,1381.41,1385.545,1391.14,1396.492,1403.546,1409.14,1417.411,1425.681,1435.897,1447.087,1455.844,1465.087,1369.924,1370.609,1371.528,1372.866,1374.66,1376.302,1378.735,1382.748,1385.91,1388.829,1393.938,1398.438,1404.519,1410.6,1421.059,1430.06,1442.708,1453.411,1469.465,1474.33,1486.493,1391.254,1391.786,1392.349,1394.819,1396.765,1000,1400.627,1403.302,1408.776,1416.681,1424.708,1433.222,1448.79,1455.844,1461.682,1470.438,1482.114,1487.952,1496.709,1508.871,1414.758,1414.91,1415.86,1418.034,1422.58,1424.769,1428.418,1433.222,1000,1000,1000,1000,1000,1000,1000,1000,1000,1000,1000,1000,1000,1000,1000,1000,1000,1000,1000,1000,1000,1000,1000,1000,1000,1000,1000,1000,1000,1000,1000,1000,1000,1000,1000,1000,1000,1000,1000,1000,1000,1000,1000,1000,1000,1000,1000,1000,1000,1000,1000,1000,1000,1000,1000,1000,1000,1000,1000,1000,1000,1000,1000,1000,1000,1000,1000,1000,1000,1000,1000,1000,1000,1449.762,1000,1000,1000,1000,1427.201,1424.465,1421.911,1418.931,1415.427,1509.844,1494.763,1466.547,1454.384,1450.006,1439.789,1431.276,1425.924,1000,1000,1402.755,1398.316,1395.883,1393.785,1393.664,1392.508,1391.786,1494.277,1480.168,1461.682,1445.141,1000,1000,1000,1000,1402.329,1392.721,1387.735,1384.573,1379.221,1375.724,1000,1372.258,1370.799,1000,1000,1000,1000,1000,1000,1000,1000,1000,1545.358,1000,1000,1000,1000,1000,1000,1000,1000,1000,1000,1000,1000,1000,1000,1000,1533.682,1525.899,1511.79,1503.033,1494.763,1484.547,1470.682,1000,1452.438,1446.175,1000,1000,1439.577,1000,1000,1000,1000,1000,1000,1000,1000,1000,1000,1000,1000,1000,1000,1000,1000,1000,1000,1000,1000,1000,1000,1000,1000,1000,1000,1000,1000,1000,1000,1000,1000,1000,1000,1000,1000,1000,1000,1000,1000,1000,1000,1000,1000,1000,1000,1000,1000,1000,1000,1000,1000,1000,1000
1000,1000,1000,1000,1000,1000,1000,1000,1000,1000,1000,1000,1000,1000,1000,1000,1000,1000,1000,1000,1000,1000,1000,1000,1000,1000,1000,1000,1000,1000,1000,1000,1000,1000,1000,1000,1000,1000,1000,1000,1000,1000,1192.651,1192.043,1192.651,1194.84,1197.394,1201.651,1204.57,1209.192,1213.814,1217.462,1221.597,1225.976,1230.354,1234.49,1235.949,1241.787,1249.571,1254.922,1257.355,1267.084,1270.976,1273.895,1277.787,1287.517,1294.815,1192.651,1193.031,1193.525,1194.019,1194.552,1194.962,1195.54,1195.92,1197.394,1198.094,1199.827,1200.922,1203.172,1204.266,1206.881,1208.462,1209.557,1211.016,1214.422,1216.489,1220.503,1225.246,1229.625,1232.3,1237.652,1243.49,1249.571,1252.49,1256.868,1261.247,1267.084,1270.49,1278.274,1283.625,1292.382,1299.193,1306.49,1312.328,1208.371,1208.485,1209.032,1209.283,1209.663,1210.013,1210.743,1211.624,1212.81,1214.422,1215.82,1216.489,1218.192,1219.834,1220.928,1224.395,1227.314,1229.138,1230.841,1235.098,1236.435,1240.327,1241.787,1246.165,1250.301,1253.949,1259.544,1265.868,1269.517,1273.895,1279.247,1286.544,1294.815,1302.112,1310.869,1318.653,1324.977,1327.896,1223.901,1224.167,1224.486,1225.071,1225.489,1226.204,1226.918,1228.226,1228.53,1229.989,1230.598,1231.631,1233.03,1235.949,1238.381,1241.422,1242.517,1244.706,1244.706,1245.922,1247.138,1247.99,1000,1000,1000,1000,1000,1000,1000,1288.49,1295.788,1303.085,1311.842,1323.518,1331.302,1339.572,1346.383,1239.392,1239.582,1239.947,1240.563,1241.559,1242.365,1243.794,1244.463,1245.344,1246.53,1248.111,1249.084,1250.422,1252.368,1255.165,1258.084,1260.76,1263.557,1265.747,1267.571,1270.976,1276.814,1280.706,1287.517,1293.355,1297.734,1304.058,1311.355,1320.599,1325.95,1334.22,1342.977,1354.167,1359.032,1255.074,1255.424,1255.857,1256.062,1256.541,1257.932,1258.601,1260.03,1261.916,1263.679,1264.652,1267.936,1270.125,1271.098,1272.557,1277.544,1277.909,1282.287,1284.598,1289.22,1291.896,1298.22,1303.571,1313.788,1319.626,1325.464,1332.761,1336.167,1339.572,1348.815,1358.545,1368.761,1272.474,1273.188,1000,1000,1000,1000,1080.15,1079.785,1080.15,1078.569,1079.298,1078.569,1078.204,1079.298,1080.515,1079.785,1080.515,1078.933,1077.474,1074.19,1073.582,1072.305,1073.582,1074.92,1075.65,1075.285,1076.379,1076.744,1076.015,1076.379,1077.474,1076.744,1077.839,1078.569,1080.515,1081.001,1083.433,1084.771,1087.569,1088.542,1093.65,1095.353,1099.245,1000,1000,1000,1000,1321.085,1323.031,1326.193,1333.248,1337.626,1340.545,1347.356,1353.194,1357.572,1367.302,1376.545,1384.816,1394.546,1406.708,1416.438,1309.713,1310.162,1310.854,1311.827,1312.42,1313.849,1314.67,1317.68,1321.024,1000,1000,1156.651,1161.516,1164.313,1000,1000,1000,1382.87,1376.545,1377.518,1376.545,1377.518,1382.87,1390.654,1396.492,1407.194,1405.248,1387.248,1000,1000,1191.192,1186.083,1190.219,1000,1000,1000,1000,1000,1000,1000,1000,1000,1367.302,1361.951,1358.059,1359.032,1000,1000,1414.492,1419.843,1000,1000,1000,1000,1148.624,1000,1145.552,1000,1000,1000,1381.897,1380.924,1381.897,1385.059,1390.41,1396.005,1399.654,1405.005,1414.492,1423.735,1436.87,1448.06,1456.817,1464.114,1369.772,1370.282,1371.354,1373.003,1374.66,1377.579,1379.708,1382.201,1384.937,1388.1,1392.721,1397.1,1404.032,1408.167,1414.735,1423.735,1433.952,1445.627,1463.628,1471.411,1483.574,1391.292,1391.953,1392.508,1394.819,1396.765,1398.133,1399.654,1403.607,1411.694,1417.532,1425.438,1434.438,1448.06,1455.357,1459.249,1467.033,1481.141,1493.79,1504.006,1515.682,1414.948,1415.305,1415.7,1417.502,1420.482,1424.222,1428.418,1000,1000,1000,1000,1000,1000,1000,1000,1000,1000,1000,1000,1000,1000,1000,1000,1000,1000,1000,1000,1000,1000,1000,1000,1000,1000,1000,1000,1000,1000,1000,1000,1000,1000,1000,1000,1000,1000,1000,1000,1000,1000,1000,1000,1000,1000,1000,1000,1000,1000,1000,1000,1000,1000,1000,1000,1000,1000,1000,1000,1000,1000,1000,1000,1000,1000,1000,1000,1000,1000,1000,1000,1000,1000,1000,1000,1000,1000,1000,1430.303,1000,1422.58,1000,1000,1000,1498.655,1472.384,1459.736,1000,1441.249,1433.708,1428.6,1418.505,1000,1402.755,1397.525,1395.427,1393.238,1392.759,1391.786,1391.33,1486.493,1000,1459.736,1440.276,1432.979,1425.195,1413.519,1402.816,1397.1,1388.464,1382.748,1380.255,1377.336,1374.022,1371.939,1370.943,1369.963,1468.006,1459.736,1446.114,1434.924,1423.249,1411.573,1000,1000,1000,1000,1000,1000,1000,1000,1000,1000,1000,1000,1000,1000,1000,1000,1000,1000,1539.52,1530.764,1520.547,1506.925,1497.196,1489.898,1478.466,1470.195,1460.587,1451.1,1444.411,1441.006,1000,1000,1000,1000,1000,1000,1000,1000,1000,1000,1000,1000,1000,1000,1000,1000,1000,1000,1000,1000,1000,1000,1000,1000,1000,1000,1000,1000,1000,1000,1000,1000,1000,1000,1000,1000,1000,1000,1000,1000,1000,1000,1000,1000,1000,1000,1000,1000,1000,1000,1000,1000,1000,1000,1000,1000
1000,1000,1000,1000,1000,1000,1000,1000,1000,1000,1000,1000,1000,1000,1000,1000,1000,1000,1000,1000,1000,1000,1000,1000,1000,1000,1000,1000,1000,1000,1000,1000,1000,1000,1000,1000,1000,1000,1000,1000,1000,1000,1000,1191.496,1192.043,1194.597,1198.124,1202.016,1204.57,1209.192,1213.814,1217.462,1219.895,1223.3,1227.192,1231.084,1233.03,1240.327,1247.625,1254.436,1258.328,1267.084,1270.003,1274.868,1278.76,1286.544,1294.815,1192.689,1193.031,1193.525,1194.019,1194.445,1194.856,1195.661,1196.057,1197.394,1198.094,1199.644,1200.922,1202.928,1203.962,1206.577,1208.462,1210.286,1211.381,1215.273,1217.341,1221.354,1224.76,1230.111,1232.787,1238.868,1243.49,1249.571,1252.976,1255.895,1259.787,1263.679,1266.111,1273.895,1280.706,1287.517,1294.328,1303.085,1308.436,1316.22,1208.409,1208.675,1209.154,1209.747,1209.747,1210.636,1211.107,1211.898,1213.479,1214.604,1215.395,1217.219,1218.739,1219.834,1222.449,1224.76,1226.949,1228.773,1232.908,1235.098,1239.354,1240.814,1245.679,1250.787,1254.436,1260.274,1264.409,1270.003,1273.895,1278.76,1285.085,1293.842,1303.085,1309.896,1321.085,1325.95,1329.842,1224.053,1224.129,1224.38,1224.927,1225.315,1225.885,1226.675,1227.466,1228.074,1229.777,1230.354,1231.388,1232.3,1235.402,1237.713,1240.692,1243.246,1247.625,1248.841,1251.638,1253.949,1256.382,1258.084,1257.355,1255.895,1000,1000,1000,1279.977,1294.328,1299.193,1307.463,1312.815,1325.464,1333.248,1340.545,1346.383,1239.468,1239.582,1239.902,1240.563,1241.346,1242.243,1243.186,1244.28,1244.615,1245.557,1247.199,1248.841,1250.118,1252.064,1254.922,1257.355,1259.909,1263.193,1265.747,1266.72,1271.949,1276.328,1283.139,1288.733,1295.544,1300.652,1306.49,1312.815,1320.599,1325.95,1334.22,1340.058,1346.869,1355.14,1255.074,1255.302,1255.621,1256.207,1256.716,1257.932,1258.753,1260.182,1261.307,1263.193,1263.922,1266.233,1268.544,1269.76,1271.098,1275.841,1277.058,1282.287,1284.112,1289.22,1291.166,1297.004,1300.652,1310.382,1316.707,1323.518,1330.815,1334.22,1339.572,1348.815,1358.545,1368.761,1272.436,1272.892,1274.23,1000,1000,1000,1080.515,1081.731,1082.217,1080.15,1081.001,1078.933,1077.474,1077.839,1079.298,1078.933,1081.001,1080.15,1078.204,1075.285,1074.92,1074.92,1075.65,1077.109,1076.379,1075.65,1075.65,1077.839,1077.474,1077.839,1078.204,1078.569,1078.569,1079.298,1081.366,1082.582,1085.258,1087.082,1090.488,1091.947,1096.326,1098.515,1000,1000,1000,1000,1313.666,1316.099,1319.747,1323.518,1329.842,1336.896,1340.545,1346.626,1351.734,1356.599,1362.437,1368.761,1378.491,1389.681,1403.302,1415.465,1309.713,1310.284,1310.778,1311.72,1312.815,1314.335,1315.034,1318.409,1321.572,1000,1148.624,1157.38,1163.097,1164.799,1000,1000,1382.87,1376.545,1376.059,1380.437,1377.518,1379.951,1381.41,1387.248,1392.113,1406.221,1402.329,1388.708,1000,1000,1187.3,1183.165,1183.894,1000,1000,1000,1000,1000,1000,1000,1000,1000,1369.005,1361.464,1355.261,1000,1000,1000,1417.897,1426.654,1430.546,1000,1000,1000,1000,1000,1000,1000,1000,1000,1378.978,1378.978,1379.464,1384.573,1389.437,1394.059,1401.113,1406.465,1415.951,1427.141,1437.357,1450.006,1456.817,1464.114,1474.817,1370.191,1371.179,1372.745,1374.66,1377.822,1379.708,1381.349,1384.573,1387.37,1391.14,1397.1,1405.005,1408.167,1414.735,1423.005,1432.492,1443.195,1456.817,1462.655,1474.33,1489.412,1391.482,1392.28,1394.029,1396.066,1398.133,1400.87,1403.85,1413.762,1416.681,1423.735,1430.303,1444.411,1455.844,1464.114,1470.438,1489.898,1504.006,1508.871,1414.644,1415.191,1000,1000,1000,1000,1000,1000,1000,1000,1000,1000,1000,1000,1000,1000,1000,1000,1000,1000,1000,1000,1000,1000,1000,1000,1000,1000,1000,1000,1000,1000,1000,1000,1000,1000,1000,1000,1000,1000,1000,1000,1000,1000,1000,1000,1000,1000,1000,1000,1000,1000,1000,1000,1000,1000,1000,1000,1000,1000,1000,1000,1000,1000,1000,1000,1000,1000,1000,1000,1000,1000,1000,1000,1000,1000,1000,1000,1000,1000,1000,1000,1000,1000,1000,1000,1000,1000,1000,1000,1000,1000,1000,1000,1000,1000,1000,1000,1000,1000,1418.992,1000,1401.417,1396.948,1394.682,1392.508,1392.014,1391.368,1487.466,1477.249,1468.492,1456.33,1437.843,1427.384,1418.384,1406.708,1395.762,1390.289,1384.937,1379.708,1377.822,1375.542,1372.745,1370.799,1370.191,1469.952,1458.763,1451.952,1441.249,1431.519,1419.843,1405.735,1387.248,1375.329,1370.464,1000,1000,1000,1000,1000,1000,1358.119,1000,1000,1000,1000,1000,1000,1000,1000,1000,1531.737,1518.115,1504.006,1494.763,1486.736,1476.763,1470.195,1463.263,1000,1000,1000,1000,1000,1000,1000,1000,1000,1000,1000,1000,1000,1000,1000,1000,1000,1000,1000,1000,1000,1000,1000,1000,1000,1000,1000,1000,1000,1000,1000,1000,1000,1000,1000,1000,1000,1000,1000,1000,1000,1000,1000,1000,1000,1000,1000,1000,1000,1000,1000,1000,1000,1000,1000,1000,1000,1000,1000
1000,1000,1000,1000,1000,1000,1000,1000,1000,1000,1000,1000,1000,1000,1000,1000,1000,1000,1000,1000,1000,1000,1000,1000,1000,1000,1000,1000,1000,1000,1000,1000,1000,1000,1000,1000,1000,1000,1000,1000,1000,1000,1000,1191.496,1192.347,1193.867,1197.759,1201.651,1204.57,1209.192,1213.814,1217.462,1220.381,1221.597,1225.246,1229.138,1232.3,1237.895,1247.138,1252.003,1256.868,1263.679,1265.625,1268.057,1273.895,1282.652,1292.869,1192.651,1192.955,1193.35,1193.86,1194.27,1194.552,1195.418,1196.057,1197.242,1198.094,1199.644,1201.165,1202.624,1203.415,1205.665,1207.489,1209.192,1211.016,1213.57,1216.854,1220.016,1222.327,1226.219,1230.598,1236.435,1240.084,1245.922,1250.301,1252.976,1256.868,1261.247,1266.111,1270.976,1279.247,1288.49,1292.382,1298.22,1303.085,1310.382,1208.257,1208.675,1209.032,1209.427,1210.013,1210.21,1210.636,1211.624,1212.962,1214.026,1215.212,1216.976,1218.192,1219.834,1221.233,1224.03,1225.489,1228.773,1232.422,1236.071,1239.841,1243.003,1247.382,1250.301,1256.382,1261.003,1266.598,1270.003,1273.895,1278.76,1285.085,1291.896,1299.193,1312.815,1318.653,1326.923,1331.788,1223.977,1224.053,1224.433,1224.722,1225.155,1225.406,1226.204,1227.329,1228.074,1229.412,1230.78,1232.3,1233.273,1235.949,1237.713,1240.327,1242.517,1245.922,1248.841,1252.003,1255.409,1258.571,1261.733,1263.436,1265.139,1270.733,1274.625,1281.436,1285.085,1292.382,1296.76,1302.112,1310.382,1323.518,1332.275,1340.545,1345.41,1239.506,1239.62,1239.947,1240.495,1241.346,1241.878,1243.034,1243.642,1244.463,1245.162,1246.348,1248.354,1250.422,1252.672,1255.895,1258.449,1261.976,1265.382,1265.747,1266.72,1270.976,1275.598,1281.922,1290.193,1297.734,1301.139,1307.463,1312.815,1319.626,1324.977,1332.275,1336.167,1344.923,1352.221,1360.978,1255.036,1255.515,1256.207,1257.02,1258.191,1258.905,1260.547,1261.307,1262.524,1263.679,1265.99,1267.936,1270.125,1271.828,1276.328,1277.909,1282.287,1285.085,1289.706,1292.382,1297.004,1303.571,1312.572,1319.139,1324.491,1330.815,1331.788,1336.167,1343.95,1352.707,1360.491,1371.68,1272.626,1273.371,1000,1000,1000,1000,1081.001,1083.92,1081.731,1082.217,1079.298,1078.569,1077.839,1000,1079.298,1081.366,1080.515,1079.785,1077.474,1076.015,1076.379,1076.744,1078.204,1077.109,1077.109,1077.109,1078.569,1077.839,1078.569,1078.933,1079.298,1078.204,1078.933,1080.15,1081.001,1082.582,1086.596,1092.677,1096.326,1104.109,1111.164,1000,1000,1000,1308.801,1314.031,1316.585,1320.112,1324.977,1332.031,1336.167,1340.058,1342.734,1346.626,1350.761,1357.572,1362.924,1378.491,1386.762,1400.384,1411.573,1309.713,1309.957,1310.694,1311.401,1312.541,1314.335,1315.612,1318.409,1322.423,1000,1147.529,1153.732,1159.57,1160.664,1000,1000,1369.734,1367.788,1371.194,1377.518,1376.545,1379.951,1382.87,1387.735,1394.059,1408.167,1403.302,1395.032,1000,1000,1188.273,1186.813,1191.678,1000,1000,1000,1000,1000,1000,1000,1000,1000,1369.734,1361.464,1356.234,1000,1000,1000,1412.546,1424.708,1425.681,1000,1000,1000,1000,1000,1000,1000,1000,1000,1382.383,1381.897,1382.87,1387.248,1389.924,1394.546,1401.113,1405.735,1414.978,1428.114,1434.924,1445.141,1456.817,1466.06,1369.849,1370.609,1371.726,1373.277,1374.326,1377.822,1378.978,1381.045,1384.937,1389.559,1392.721,1398.438,1404.519,1407.194,1415.465,1419.843,1431.519,1445.141,1461.682,1468.492,1484.547,1391.14,1391.642,1392.349,1393.557,1395.883,1398.133,1401.661,1406.343,1415.83,1416.194,1421.303,1430.303,1441.249,1452.925,1458.276,1468.979,1000,1000,1000,1000,1000,1000,1000,1000,1000,1000,1000,1000,1000,1000,1000,1000,1000,1000,1000,1000,1000,1000,1000,1000,1000,1000,1000,1000,1000,1000,1000,1000,1000,1000,1000,1000,1000,1000,1000,1000,1000,1000,1000,1000,1000,1000,1000,1000,1000,1000,1000,1000,1000,1000,1000,1000,1000,1000,1000,1000,1000,1000,1000,1000,1000,1000,1000,1000,1000,1000,1000,1000,1000,1000,1000,1000,1000,1000,1000,1000,1000,1000,1000,1000,1000,1000,1000,1000,1000,1000,1000,1000,1000,1000,1000,1000,1000,1000,1000,1000,1000,1000,1000,1000,1000,1000,1000,1397.343,1394.15,1392.668,1391.406,1492.331,1475.303,1464.601,1455.357,1436.87,1423.005,1415.951,1404.519,1395.275,1389.194,1383.964,1378.491,1376.302,1373.566,1371.635,1370.236,1369.81,1460.709,1449.033,1439.303,1430.546,1419.843,1410.113,1398.924,1385.545,1375.329,1369.734,1362.741,1358.119,1355.535,1354.562,1352.798,1352.692,1351.339,1350.693,1000,1439.303,1000,1000,1000,1000,1000,1000,1000,1512.763,1497.196,1489.898,1480.898,1475.06,1468.492,1460.587,1000,1444.168,1000,1000,1000,1000,1000,1000,1000,1000,1000,1000,1000,1000,1000,1000,1000,1000,1000,1000,1000,1000,1000,1000,1000,1000,1000,1000,1000,1000,1000,1000,1000,1000,1000,1000,1000,1000,1000,1000,1000,1000,1000,1000,1000,1000,1000,1000,1000,1000,1000,1000,1000,1000,1000,1000,1000,1000,1000
1000,1000,1000,1000,1000,1000,1000,1000,1000,1000,1000,1000,1000,1000,1000,1000,1000,1000,1000,1000,1000,1000,1000,1000,1000,1000,1000,1000,1000,1000,1000,1000,1000,1000,1000,1000,1000,1000,1000,1000,1000,1000,1000,1000,1192.043,1193.624,1197.759,1201.651,1205.422,1209.678,1212.111,1216.003,1218.678,1218.678,1222.327,1227.192,1231.814,1235.219,1243.246,1247.625,1254.436,1258.328,1261.733,1267.084,1273.895,1280.706,1290.436,1302.599,1192.765,1193.153,1193.525,1194.095,1194.445,1195.296,1196.193,1197.394,1198.094,1199.644,1200.922,1202.381,1203.415,1204.813,1207.246,1209.192,1211.381,1214.422,1217.341,1220.016,1222.814,1226.949,1230.598,1235.949,1240.084,1244.706,1248.841,1251.517,1255.895,1261.247,1268.057,1271.949,1279.247,1285.571,1289.463,1292.382,1301.139,1307.463,1316.22,1208.523,1208.971,1209.283,1209.663,1210.013,1210.119,1210.743,1212.202,1213.327,1214.786,1216.489,1217.705,1218.983,1220.381,1222.814,1224.76,1226.949,1230.841,1233.273,1237.895,1241.3,1245.679,1250.787,1254.436,1261.003,1265.139,1270.976,1272.922,1277.787,1284.112,1290.436,1298.22,1308.923,1319.626,1324.977,1329.842,1223.977,1224.167,1224.38,1224.722,1225.155,1225.687,1226.098,1226.797,1227.466,1228.53,1229.777,1231.206,1232.3,1234.55,1236.253,1238.99,1241.787,1245.922,1248.841,1253.949,1257.355,1260.03,1263.436,1265.139,1267.571,1271.22,1274.625,1279.977,1284.112,1289.463,1294.328,1302.112,1306.49,1317.68,1329.356,1336.653,1340.545,1239.392,1239.582,1239.902,1240.495,1241.057,1241.559,1242.486,1243.186,1243.49,1245.162,1246.773,1248.841,1250.665,1253.584,1255.53,1258.084,1261.49,1262.706,1265.747,1266.233,1270.49,1275.598,1281.436,1289.463,1297.004,1302.112,1307.95,1314.761,1321.572,1326.437,1334.22,1338.112,1344.923,1353.194,1357.086,1255.112,1255.378,1255.986,1256.716,1257.932,1258.328,1259.361,1260.365,1261.307,1263.436,1266.537,1268.848,1270.733,1272.922,1277.058,1278.274,1281.801,1282.774,1287.031,1290.679,1295.788,1301.139,1311.842,1319.139,1325.95,1331.788,1334.22,1338.599,1344.923,1351.734,1360.491,1368.761,1272.512,1272.983,1273.964,1000,1000,1000,1000,1080.515,1079.298,1080.515,1078.933,1078.204,1077.474,1078.569,1079.298,1082.217,1081.366,1081.731,1077.839,1077.474,1076.379,1076.744,1078.569,1077.839,1077.839,1077.839,1079.298,1077.839,1079.298,1079.298,1079.785,1078.933,1080.15,1080.515,1081.001,1082.582,1086.596,1092.677,1098.028,1000,1000,1000,1000,1307.707,1310.626,1314.518,1316.099,1321.085,1327.653,1333.248,1337.626,1342.004,1344.68,1348.086,1353.68,1361.464,1366.329,1379.951,1385.789,1398.438,1409.627,1309.599,1309.789,1310.55,1311.203,1312.298,1314.001,1316.403,1318.653,1322.423,1000,1000,1152.576,1158.84,1160.299,1000,1364.87,1362.194,1361.464,1363.41,1371.194,1373.626,1376.059,1378.978,1383.843,1391.627,1404.275,1405.248,1000,1000,1000,1188.273,1187.3,1194.111,1201.408,1000,1000,1000,1000,1000,1000,1000,1363.653,1371.437,1361.464,1357.572,1000,1000,1000,1411.086,1423.735,1429.573,1431.519,1000,1000,1000,1146.495,1000,1000,1000,1000,1378.491,1379.464,1379.464,1385.059,1388.221,1394.059,1398.438,1406.465,1415.951,1428.6,1432.979,1444.168,1456.817,1468.979,1369.886,1370.548,1371.354,1372.745,1373.414,1376.91,1378.248,1380.802,1383.66,1388.464,1391.87,1398.438,1405.005,1408.167,1417.897,1420.573,1432.979,1444.168,1462.655,1472.384,1492.331,1391.216,1391.786,1392.843,1393.664,1396.066,1399.228,1404.458,1407.681,1419.843,1419.357,1424.708,1434.924,1000,1000,1000,1000,1000,1000,1000,1000,1000,1000,1000,1000,1000,1000,1000,1000,1000,1000,1000,1000,1000,1000,1000,1000,1000,1000,1000,1000,1000,1000,1000,1000,1000,1000,1000,1000,1000,1000,1000,1000,1000,1000,1000,1000,1000,1000,1000,1000,1000,1000,1000,1000,1000,1000,1000,1000,1000,1000,1000,1000,1000,1000,1000,1000,1000,1000,1000,1000,1000,1000,1000,1000,1000,1000,1000,1000,1000,1000,1000,1000,1000,1000,1000,1000,1000,1000,1000,1000,1000,1000,1000,1000,1000,1000,1000,1000,1000,1000,1000,1000,1000,1000,1000,1000,1000,1000,1000,1000,1000,1000,1000,1000,1000,1000,1000,1391.733,1493.304,1473.357,1000,1440.762,1421.789,1414.005,1399.897,1392.721,1385.545,1381.349,1376.728,1374.326,1372.258,1371.354,1370.153,1000,1460.709,1445.141,1434.924,1423.735,1412.059,1402.329,1392.843,1383.356,1375.816,1368.64,1361.89,1358.545,1355.2,1353.406,1351.894,1351.271,1350.313,1442.708,1426.654,1413.519,1410.113,1405.735,1000,1000,1000,1000,1000,1506.925,1493.547,1486.006,1475.547,1472.871,1468.006,1460.1,1450.492,1444.168,1000,1437.038,1436.354,1000,1000,1000,1000,1000,1000,1000,1000,1000,1000,1000,1000,1000,1000,1000,1000,1000,1000,1000,1000,1000,1000,1000,1000,1000,1000,1000,1000,1000,1000,1000,1000,1000,1000,1000,1000,1000,1000,1000,1000,1000,1000,1000,1000,1000,1000,1000,1000,1000,1000,1000,1000,1000,1000
1000,1000,1000,1000,1000,1000,1000,1000,1000,1000,1000,1000,1000,1000,1000,1000,1000,1000,1000,1000,1000,1000,1000,1000,1000,1000,1000,1000,1000,1000,1000,1000,1000,1000,1000,1000,1000,1000,1000,1000,1000,1000,1000,1000,1189.55,1192.043,1195.57,1198.854,1202.867,1206.881,1209.192,1213.814,1216.489,1216.976,1222.327,1227.192,1231.814,1236.679,1244.706,1247.138,1253.463,1258.328,1260.274,1265.625,1271.949,1276.814,1284.598,1294.815,1301.625,1192.841,1193.297,1193.791,1194.354,1195.54,1196.482,1197.242,1198.276,1199.644,1200.922,1202.138,1203.719,1204.509,1206.881,1208.827,1211.381,1214.057,1217.341,1220.016,1221.354,1226.219,1229.625,1235.219,1238.868,1243.49,1247.382,1249.571,1255.409,1259.301,1266.111,1269.517,1276.328,1281.679,1284.598,1290.436,1296.274,1303.085,1311.355,1208.409,1208.812,1209.032,1209.359,1210.013,1210.743,1210.986,1211.898,1213.327,1214.422,1216.064,1217.462,1219.287,1220.077,1223.057,1223.787,1227.314,1229.625,1234.246,1237.895,1240.327,1245.679,1251.517,1255.652,1261.003,1264.409,1268.544,1272.436,1276.814,1284.112,1289.463,1296.274,1306.004,1317.68,1323.031,1326.923,1223.901,1224.288,1224.334,1224.661,1225.155,1225.406,1225.991,1226.675,1227.466,1228.53,1229.989,1230.962,1233.03,1234.55,1236.253,1238.625,1241.422,1243.976,1249.328,1253.949,1258.084,1261.247,1265.868,1265.868,1266.355,1270.733,1273.166,1279.247,1285.571,1290.923,1293.355,1300.652,1306.49,1315.734,1326.437,1333.248,1341.518,1239.392,1239.658,1239.947,1240.419,1240.799,1241.057,1241.665,1242.243,1242.897,1244.463,1246.165,1248.354,1250.665,1252.672,1255.53,1258.814,1261.49,1264.895,1265.747,1267.206,1272.436,1275.598,1280.22,1288.004,1292.139,1299.193,1305.031,1311.355,1318.653,1326.437,1333.248,1336.167,1342.977,1349.788,1355.14,1361.951,1255.264,1255.918,1256.45,1257.339,1258.191,1258.905,1260.03,1261.307,1263.922,1266.537,1268.848,1271.098,1272.922,1277.058,1279.125,1281.801,1284.598,1288.004,1289.706,1293.355,1299.923,1307.707,1315.247,1322.058,1329.356,1332.761,1337.626,1343.95,1349.788,1360.491,1366.329,1379.464,1272.816,1273.371,1000,1000,1000,1000,1000,1077.839,1079.785,1080.15,1079.298,1078.204,1077.474,1077.839,1080.15,1080.515,1081.731,1000,1080.15,1077.474,1077.839,1079.785,1080.15,1080.515,1081.366,1082.582,1080.515,1081.366,1081.001,1081.366,1079.785,1081.366,1082.217,1083.92,1084.771,1090.001,1095.839,1000,1000,1000,1000,1304.605,1307.099,1309.896,1312.815,1314.882,1321.085,1329.842,1335.68,1340.058,1343.95,1345.896,1349.545,1355.14,1362.924,1366.329,1378.978,1384.816,1395.519,1405.735,1309.599,1309.827,1310.344,1311.203,1312.298,1313.849,1316.585,1319.687,1323.031,1334.95,1000,1153.124,1158.84,1159.205,1000,1360.734,1358.059,1356.356,1358.788,1365.599,1369.248,1371.194,1375.086,1382.383,1394.059,1407.194,1411.086,1000,1000,1000,1191.678,1193.138,1204.327,1207.732,1234.976,1000,1000,1000,1000,1000,1000,1360.978,1366.816,1359.518,1356.234,1000,1000,1000,1432.492,1443.681,1442.708,1444.654,1000,1000,1000,1145.735,1144.549,1000,1000,1000,1379.951,1381.41,1379.464,1382.87,1386.518,1392.356,1395.275,1404.275,1414.492,1426.168,1432.492,1446.114,1457.79,1471.898,1369.886,1370.381,1371.103,1372.38,1372.866,1376.545,1378.735,1381.045,1385.302,1391.14,1395.275,1401.356,1406.708,1409.384,1417.167,1419.843,1428.6,1437.843,1453.411,1467.52,1488.439,1391.254,1392.014,1393.451,1393.557,1396.583,1399.897,1404.154,1408.776,1419.843,1000,1000,1000,1000,1000,1000,1000,1000,1000,1000,1000,1000,1000,1000,1000,1000,1000,1000,1000,1000,1000,1000,1000,1000,1000,1000,1000,1000,1000,1000,1000,1000,1000,1000,1000,1000,1000,1000,1000,1000,1000,1000,1000,1000,1000,1000,1000,1000,1000,1000,1000,1000,1000,1000,1000,1000,1000,1000,1000,1000,1000,1000,1000,1000,1000,1000,1000,1000,1000,1000,1000,1000,1000,1000,1000,1000,1000,1000,1000,1000,1000,1000,1000,1000,1000,1000,1000,1000,1000,1000,1000,1000,1000,1000,1000,1000,1000,1000,1000,1000,1000,1000,1000,1000,1000,1000,1000,1000,1000,1000,1000,1000,1000,1000,1000,1000,1000,1000,1000,1000,1000,1000,1000,1000,1423.735,1413.032,1402.329,1394.424,1388.464,1000,1377.153,1000,1000,1370.799,1000,1467.033,1446.114,1429.573,1418.384,1408.654,1398.438,1390.41,1382.87,1376.302,1369.005,1363.288,1359.518,1355.535,1353.163,1351.894,1350.868,1451.465,1439.303,1422.762,1399.897,1398.438,1000,1000,1000,1000,1000,1000,1503.033,1494.277,1482.114,1472.141,1469.465,1465.573,1455.722,1448.607,1443.499,1000,1436.772,1436.316,1000,1000,1000,1000,1000,1000,1000,1000,1000,1000,1000,1000,1000,1000,1000,1000,1000,1000,1000,1000,1000,1000,1000,1000,1000,1000,1000,1000,1000,1000,1000,1000,1000,1000,1000,1000,1000,1000,1000,1000,1000,1000,1000,1000,1000,1000,1000,1000,1000,1000,1000,1000,1000,1000
1000,1000,1000,1000,1000,1000,1000,1000,1000,1000,1000,1000,1000,1000,1000,1000,1000,1000,1000,1000,1000,1000,1000,1000,1000,1000,1000,1000,1000,1000,1000,1000,1000,1000,1000,1000,1000,1000,1000,1000,1000,1000,1000,1000,1000,1191.496,1194.84,1197.03,1200.435,1204.084,1207.246,1211.138,1215.273,1218.192,1223.3,1228.408,1232.3,1236.679,1242.273,1246.165,1252.49,1257.355,1262.706,1268.057,1277.787,1283.625,1289.463,1297.734,1302.599,1192.765,1193.069,1193.404,1193.936,1194.856,1195.661,1196.786,1197.911,1199.219,1200.496,1201.408,1202.624,1203.962,1206.273,1208.462,1212.476,1214.422,1217.705,1220.868,1223.787,1226.219,1231.814,1235.219,1240.084,1241.3,1248.111,1250.301,1254.436,1259.787,1268.057,1270.976,1278.274,1282.652,1286.544,1290.436,1298.22,1303.085,1308.436,1208.333,1208.599,1208.865,1209.283,1209.747,1210.317,1211.107,1212.05,1213.661,1215.212,1217.705,1217.949,1220.928,1221.537,1223.422,1225.125,1228.043,1230.841,1232.057,1236.435,1239.841,1245.192,1249.084,1253.949,1258.328,1262.22,1267.084,1270.003,1276.328,1283.625,1287.517,1294.815,1300.166,1310.869,1316.707,1325.95,1332.761,1224.091,1224.205,1224.6,1224.927,1225.406,1225.885,1226.432,1227.192,1228.53,1229.777,1231.631,1233.516,1234.854,1236.253,1238.625,1241.057,1243.246,1249.328,1253.463,1255.409,1259.057,1262.949,1264.652,1266.355,1270.733,1273.895,1277.787,1282.652,1289.463,1293.355,1298.22,1303.085,1311.842,1319.626,1325.464,1335.193,1343.464,1239.468,1239.734,1240.168,1240.495,1240.882,1241.255,1242.121,1242.897,1244.615,1245.557,1247.868,1249.875,1251.821,1254.557,1257.355,1260.274,1261.976,1264.895,1267.571,1270.976,1275.112,1279.004,1285.571,1291.409,1297.734,1303.571,1308.923,1316.22,1324.977,1331.302,1335.193,1343.95,1353.194,1357.086,1363.896,1255.302,1255.918,1256.366,1256.716,1257.568,1258.328,1259.513,1260.547,1263.436,1265.199,1267.389,1268.848,1270.49,1273.287,1275.112,1277.544,1280.463,1285.571,1288.004,1292.382,1299.193,1305.761,1310.382,1316.707,1323.031,1325.95,1332.761,1340.545,1349.788,1359.518,1367.788,1272.474,1272.816,1273.371,1274.427,1275.841,1000,1000,1000,1000,1000,1079.785,1079.785,1079.298,1078.204,1079.785,1000,1081.366,1082.582,1081.731,1079.785,1078.204,1078.204,1079.298,1079.298,1081.731,1082.582,1083.92,1081.731,1082.217,1081.731,1082.582,1081.731,1085.258,1087.082,1088.055,1088.542,1096.326,1000,1000,1000,1000,1302.659,1304.909,1306.734,1308.436,1312.45,1313.666,1319.261,1328.869,1334.464,1339.329,1344.68,1346.626,1351.734,1356.599,1364.87,1367.788,1379.951,1384.816,1396.492,1405.735,1309.485,1309.789,1310.162,1310.854,1312.055,1313.849,1317.254,1319.93,1323.639,1335.802,1000,1153.124,1157.016,1158.11,1154.948,1000,1356.842,1355.14,1358.788,1365.599,1370.707,1372.653,1376.059,1382.87,1392.113,1403.302,1402.329,1399.411,1000,1000,1200.435,1195.084,1200.435,1203.84,1226.219,1000,1000,1000,1000,1000,1000,1000,1369.734,1365.113,1360.491,1000,1000,1000,1000,1442.708,1442.708,1442.708,1000,1000,1000,1000,1000,1000,1000,1000,1376.302,1375.816,1377.153,1380.924,1388.221,1394.059,1397.221,1404.275,1413.519,1420.816,1425.681,1441.249,1458.763,1474.817,1370.039,1370.73,1371.262,1372.152,1372.501,1374.843,1377.153,1379.708,1383.356,1390.289,1394.789,1402.816,1408.167,1415.951,1425.195,1430.06,1436.87,1446.6,1456.33,1470.438,1486.493,1494.277,1391.786,1000,1000,1000,1000,1000,1000,1000,1000,1000,1000,1000,1000,1000,1000,1000,1000,1000,1000,1000,1000,1000,1000,1000,1000,1000,1000,1000,1000,1000,1000,1000,1000,1000,1000,1000,1000,1000,1000,1000,1000,1000,1000,1000,1000,1000,1000,1000,1000,1000,1000,1000,1000,1000,1000,1000,1000,1000,1000,1000,1000,1000,1000,1000,1000,1000,1000,1000,1000,1000,1000,1000,1000,1000,1000,1000,1000,1000,1000,1000,1000,1000,1000,1000,1000,1000,1000,1000,1000,1000,1000,1000,1000,1000,1000,1000,1000,1000,1000,1000,1000,1000,1000,1000,1000,1000,1000,1000,1000,1000,1000,1000,1000,1000,1000,1000,1000,1000,1000,1000,1000,1000,1000,1000,1000,1000,1000,1000,1000,1000,1000,1000,1000,1000,1000,1000,1000,1000,1000,1000,1000,1000,1000,1000,1447.087,1429.573,1417.411,1405.735,1395.275,1388.708,1383.843,1378.978,1371.194,1365.478,1360.005,1355.717,1352.586,1351.559,1350.579,1440.276,1426.654,1416.924,1390.654,1387.735,1000,1000,1000,1000,1000,1000,1498.655,1488.682,1475.547,1000,1468.006,1000,1453.898,1448.06,1442.891,1000,1000,1000,1000,1000,1000,1000,1000,1000,1000,1000,1000,1000,1000,1000,1000,1000,1000,1000,1000,1000,1000,1000,1000,1000,1000,1000,1000,1000,1000,1000,1000,1000,1000,1000,1000,1000,1000,1000,1000,1000,1000,1000,1000,1000,1000,1000,1000,1000,1000,1000,1000,1000,1000,1000,1000,1000
1000,1000,1000,1000,1000,1000,1000,1000,1000,1000,1000,1000,1000,1000,1000,1000,1000,1000,1000,1000,1000,1000,1000,1000,1000,1000,1000,1000,1000,1000,1000,1000,1000,1000,1000,1000,1000,1000,1000,1000,1000,1000,1000,1000,1000,1191.496,1194.232,1195.57,1198.489,1201.651,1205.422,1208.705,1214.3,1217.462,1224.03,1227.192,1231.814,1234.49,1238.868,1243.246,1249.571,1255.895,1261.247,1267.084,1275.841,1282.652,1288.49,1295.788,1302.599,1192.689,1192.955,1193.153,1193.586,1194.179,1195.175,1196.057,1197.394,1198.854,1200.07,1201.651,1203.172,1204.266,1205.665,1207.489,1210.286,1212.111,1216.489,1219.53,1223.3,1225.733,1228.895,1232.787,1236.435,1240.814,1245.922,1249.571,1254.436,1258.328,1267.084,1268.544,1275.355,1281.679,1286.544,1290.436,1297.247,1303.085,1309.409,1208.257,1208.523,1208.766,1209.093,1209.427,1210.013,1210.986,1212.506,1213.661,1214.786,1217.705,1218.192,1221.233,1221.537,1223.422,1225.489,1228.773,1232.057,1234.246,1237.408,1242.517,1246.165,1249.084,1252.49,1255.652,1259.057,1263.679,1268.057,1275.355,1280.22,1286.058,1291.896,1296.274,1306.004,1311.842,1321.085,1329.842,1223.939,1224.015,1224.433,1224.661,1225.315,1225.885,1226.432,1227.192,1228.53,1229.594,1231.631,1233.516,1234.064,1235.645,1237.408,1239.963,1241.787,1246.773,1248.841,1253.463,1255.895,1259.544,1262.949,1266.355,1269.517,1273.895,1278.517,1282.166,1288.004,1290.923,1295.788,1299.68,1306.004,1312.815,1320.599,1328.383,1337.626,1347.356,1239.582,1239.947,1240.229,1240.639,1241.057,1241.878,1242.623,1244.979,1245.74,1247.868,1250.118,1252.672,1253.584,1256.99,1258.814,1261.49,1264.895,1266.72,1269.517,1273.652,1277.301,1283.139,1289.463,1296.274,1301.139,1307.95,1313.788,1322.058,1329.356,1335.193,1343.95,1353.194,1358.059,1254.922,1255.264,1255.568,1256.062,1256.45,1257.233,1258.191,1259.666,1260.365,1263.01,1265.199,1266.537,1268.848,1270.733,1272.922,1275.476,1276.693,1279.977,1286.058,1289.22,1292.382,1299.193,1305.031,1307.707,1312.572,1321.572,1324.491,1331.788,1339.572,1348.815,1355.626,1365.356,1379.464,1272.74,1273.31,1274.055,1274.96,1000,1000,1000,1000,1000,1000,1000,1000,1000,1000,1000,1081.731,1083.069,1082.582,1079.785,1078.204,1079.785,1080.515,1081.001,1083.92,1084.771,1083.433,1082.582,1083.069,1083.069,1083.92,1084.771,1089.515,1091.947,1094.623,1000,1000,1000,1000,1000,1000,1301.625,1303.754,1305.822,1308.436,1312.085,1315.247,1320.112,1329.356,1336.167,1340.058,1345.896,1350.761,1356.113,1359.032,1371.194,1374.599,1382.87,1387.735,1397.465,1405.735,1309.409,1309.599,1310.056,1310.694,1311.614,1313.24,1316.828,1318.896,1323.031,1336.288,1000,1152.82,1155.678,1157.38,1154.34,1000,1357.572,1355.626,1358.059,1362.194,1366.329,1367.788,1372.167,1382.87,1396.005,1407.194,1405.248,1401.356,1000,1000,1203.84,1199.462,1206.273,1209.678,1000,1000,1000,1000,1000,1000,1000,1366.329,1370.951,1364.626,1359.518,1000,1000,1000,1000,1446.6,1444.654,1445.627,1000,1000,1000,1147.286,1144.549,1000,1000,1000,1380.437,1378.491,1378.126,1382.383,1388.708,1395.275,1397.221,1406.465,1415.951,1420.816,1429.573,1447.087,1465.087,1369.81,1370.115,1370.799,1371.437,1372.501,1372.623,1374.478,1376.12,1378.978,1381.593,1390.654,1396.613,1405.492,1410.6,1422.519,1432.979,1440.276,1443.195,1450.006,1460.709,1477.249,1491.358,1000,1000,1000,1000,1000,1000,1000,1000,1000,1000,1000,1000,1000,1000,1000,1000,1000,1000,1000,1000,1000,1000,1000,1000,1000,1000,1000,1000,1000,1000,1000,1000,1000,1000,1000,1000,1000,1000,1000,1000,1000,1000,1000,1000,1000,1000,1000,1000,1000,1000,1000,1000,1000,1000,1000,1000,1000,1000,1000,1000,1000,1000,1000,1000,1000,1000,1000,1000,1000,1000,1000,1000,1000,1000,1000,1000,1000,1000,1000,1000,1000,1000,1000,1000,1000,1000,1000,1000,1000,1000,1000,1000,1000,1000,1000,1000,1000,1000,1000,1000,1000,1000,1000,1000,1000,1000,1000,1000,1000,1000,1000,1000,1000,1000,1000,1000,1000,1000,1000,1000,1000,1000,1000,1000,1000,1000,1000,1000,1000,1000,1000,1000,1000,1000,1000,1000,1000,1000,1000,1000,1000,1000,1000,1000,1000,1000,1000,1000,1000,1000,1000,1000,1000,1374.478,1370.464,1362.741,1357.268,1353.163,1351.803,1350.655,1439.303,1423.735,1417.897,1391.627,1387.248,1385.059,1000,1000,1000,1000,1000,1000,1491.358,1000,1000,1469.465,1000,1451.708,1446.418,1440.823,1000,1000,1000,1000,1000,1000,1000,1000,1000,1000,1000,1000,1000,1000,1000,1000,1000,1000,1000,1000,1000,1000,1000,1000,1000,1000,1000,1000,1000,1000,1000,1000,1000,1000,1000,1000,1000,1000,1000,1000,1000,1000,1000,1000,1000,1000,1000,1000,1000,1000,1000,1000,1000,1000,1000,1000,1000
1000,1000,1000,1000,1000,1000,1000,1000,1000,1000,1000,1000,1000,1000,1000,1000,1000,1000,1000,1000,1000,1000,1000,1000,1000,1000,1000,1000,1000,1000,1000,1000,1000,1000,1000,1000,1000,1000,1000,1000,1000,1000,1000,1000,1000,1000,1192.347,1194.597,1197.394,1199.584,1203.232,1206.881,1211.624,1218.192,1224.03,1227.679,1231.814,1235.949,1237.408,1243.246,1251.03,1254.922,1261.247,1268.057,1274.868,1279.733,1287.517,1294.815,1300.652,1192.651,1192.917,1193.069,1193.525,1194.27,1194.856,1195.54,1196.482,1197.759,1198.854,1200.253,1202.381,1203.962,1205.969,1207.854,1210.651,1212.476,1216.003,1218.678,1223.3,1225.246,1230.598,1231.814,1237.652,1240.814,1245.436,1249.571,1254.436,1260.76,1265.625,1269.517,1272.922,1279.733,1285.571,1290.436,1298.22,1305.517,1310.382,1208.257,1208.561,1208.766,1209.093,1209.427,1209.922,1210.743,1212.05,1213.145,1214.786,1216.976,1218.739,1220.077,1221.537,1223.787,1225.489,1227.679,1230.354,1232.908,1236.435,1238.381,1243.49,1246.165,1249.084,1252.49,1255.165,1259.544,1265.868,1271.463,1280.22,1286.058,1291.896,1295.301,1305.031,1309.896,1316.707,1321.085,1332.761,1223.901,1224.334,1224.661,1225.489,1225.581,1226.098,1226.797,1228.378,1228.712,1230.78,1232.543,1233.273,1235.402,1237.104,1239.963,1243.246,1247.138,1249.328,1252.003,1253.949,1258.571,1260.76,1264.652,1267.084,1273.895,1277.787,1281.436,1287.031,1291.896,1294.815,1299.68,1306.49,1312.815,1318.653,1327.41,1335.193,1345.41,1239.43,1239.902,1240.107,1240.639,1241.148,1242.486,1243.034,1244.979,1245.557,1247.868,1248.841,1250.665,1252.064,1254.557,1256.99,1259.909,1264.409,1266.233,1270.976,1272.922,1275.112,1280.22,1286.787,1295.544,1301.139,1306.49,1311.355,1317.68,1323.031,1331.302,1342.004,1349.788,1357.086,1363.896,1255.112,1255.34,1255.796,1256.207,1257.02,1257.932,1259.361,1259.848,1262.098,1264.409,1265.99,1267.632,1269.517,1271.463,1273.287,1274.382,1277.544,1284.112,1286.544,1289.706,1296.274,1301.139,1305.031,1310.382,1317.68,1324.491,1333.248,1340.545,1349.788,1357.572,1363.41,1372.653,1272.55,1273.029,1273.576,1274.139,1275.203,1276.875,1000,1000,1000,1000,1240.814,1245.679,1000,1000,1000,1000,1000,1000,1081.366,1079.785,1083.92,1084.771,1084.771,1086.231,1088.542,1085.258,1085.258,1086.231,1087.082,1087.082,1090.974,1098.028,1000,1000,1000,1172.705,1000,1000,1297.004,1298.098,1300.652,1302.659,1304.605,1308.436,1312.085,1315.247,1319.261,1327.166,1332.761,1337.626,1343.95,1350.275,1356.599,1360.005,1374.113,1378.491,1383.843,1388.708,1399.411,1405.735,1416.438,1309.599,1310.002,1310.694,1311.507,1312.42,1315.795,1317.923,1322.423,1336.288,1000,1154.948,1157.016,1158.11,1155.921,1000,1358.059,1356.356,1356.842,1358.788,1362.68,1364.87,1369.248,1382.383,1398.438,1406.221,1406.221,1396.492,1000,1000,1199.462,1193.138,1198.003,1201.408,1000,1000,1000,1000,1000,1000,1000,1000,1369.734,1365.113,1359.518,1000,1000,1000,1427.627,1442.708,1439.303,1439.303,1000,1000,1000,1146.313,1144.549,1143.941,1000,1000,1000,1375.329,1374.964,1380.924,1388.221,1395.275,1399.654,1408.654,1418.384,1421.303,1431.519,1447.087,1461.682,1469.952,1369.772,1370.327,1370.73,1371.354,1371.832,1373.14,1374.995,1377.579,1381.045,1390.289,1395.762,1406.708,1414.735,1425.195,1429.573,1440.276,1000,1000,1000,1000,1000,1000,1000,1000,1000,1000,1000,1000,1000,1000,1000,1000,1000,1000,1000,1000,1000,1000,1000,1000,1000,1000,1000,1000,1000,1000,1000,1000,1000,1000,1000,1000,1000,1000,1000,1000,1000,1000,1000,1000,1000,1000,1000,1000,1000,1000,1000,1000,1000,1000,1000,1000,1000,1000,1000,1000,1000,1000,1000,1000,1000,1000,1000,1000,1000,1000,1000,1000,1000,1000,1000,1000,1000,1000,1000,1000,1000,1000,1000,1000,1000,1000,1000,1000,1000,1000,1000,1000,1000,1000,1000,1000,1000,1000,1000,1000,1000,1000,1000,1000,1000,1000,1000,1000,1000,1000,1000,1000,1000,1000,1000,1000,1000,1000,1000,1000,1000,1000,1000,1000,1000,1000,1000,1000,1000,1000,1000,1000,1000,1000,1000,1000,1000,1000,1000,1000,1000,1000,1000,1000,1000,1000,1000,1000,1000,1000,1000,1000,1000,1000,1000,1000,1000,1000,1000,1000,1000,1000,1355.535,1353.68,1351.803,1350.503,1432.492,1429.573,1397.465,1394.546,1390.654,1000,1000,1000,1000,1000,1000,1489.168,1000,1000,1468.492,1000,1000,1446.661,1440.641,1000,1000,1000,1000,1000,1000,1000,1000,1000,1000,1000,1000,1000,1000,1000,1000,1000,1000,1000,1000,1000,1000,1000,1000,1000,1000,1000,1000,1000,1000,1000,1000,1000,1000,1000,1000,1000,1000,1000,1000,1000,1000,1000,1000,1000,1000,1000,1000,1000,1000,1000,1000,1000,1000,1000,1000,1000
1000,1000,1000,1000,1000,1000,1000,1000,1000,1000,1000,1000,1000,1000,1000,1000,1000,1000,1000,1000,1000,1000,1000,1000,1000,1000,1000,1000,1000,1000,1000,1000,1000,1000,1000,1000,1000,1000,1000,1000,1000,1000,1000,1000,1000,1000,1000,1194.232,1196.3,1198.124,1202.867,1205.422,1210.165,1218.192,1224.03,1225.976,1231.814,1235.219,1237.408,1243.246,1250.057,1254.922,1261.733,1267.084,1271.949,1277.787,1285.571,1292.869,1298.707,1303.571,1192.917,1192.993,1193.297,1193.86,1194.749,1195.296,1196.33,1197.911,1198.854,1200.253,1201.651,1204.813,1205.665,1206.881,1209.922,1212.841,1216.003,1219.53,1224.273,1225.733,1228.408,1230.111,1234.003,1236.922,1242.76,1247.382,1251.517,1257.355,1265.625,1268.057,1273.895,1281.679,1286.544,1291.409,1298.22,1304.058,1309.409,1208.257,1208.485,1208.637,1209.032,1209.504,1210.21,1211.229,1212.506,1213.661,1214.604,1217.219,1216.976,1219.53,1220.381,1222.145,1224.395,1226.949,1230.841,1233.76,1236.922,1239.354,1243.003,1246.165,1248.354,1250.787,1253.219,1257.598,1262.22,1266.598,1273.895,1281.193,1287.517,1292.869,1301.139,1307.95,1314.761,1323.031,1330.815,1223.901,1224.205,1224.486,1225.071,1225.315,1226.432,1226.918,1228.53,1229.777,1230.962,1232.543,1233.516,1235.402,1237.713,1239.963,1242.152,1246.773,1247.99,1251.152,1252.976,1257.355,1260.03,1263.436,1265.139,1271.22,1275.841,1279.977,1285.085,1289.463,1293.355,1299.68,1307.463,1313.788,1322.545,1326.437,1335.193,1343.464,1348.329,1239.582,1239.947,1240.419,1241.255,1242.243,1243.034,1244.979,1245.74,1246.773,1248.841,1250.422,1251.517,1254.557,1257.719,1260.76,1264.895,1265.747,1269.517,1271.463,1274.625,1278.517,1288.733,1294.815,1300.652,1304.058,1308.923,1312.328,1317.68,1324.977,1336.167,1342.004,1352.221,1361.951,1254.998,1255.264,1255.857,1256.207,1256.823,1257.689,1258.753,1259.513,1261.307,1263.436,1265.686,1266.78,1267.936,1269.76,1271.098,1273.287,1278.274,1285.571,1288.004,1292.869,1297.004,1300.652,1302.355,1308.193,1314.761,1322.058,1332.761,1337.626,1346.869,1355.626,1362.437,1370.707,1272.512,1273.029,1273.645,1274.23,1274.96,1276.115,1000,1000,1000,1000,1000,1000,1000,1000,1000,1000,1000,1000,1000,1081.001,1084.771,1086.231,1085.744,1087.569,1000,1087.082,1087.082,1088.542,1000,1000,1000,1000,1000,1000,1000,1000,1293.598,1294.906,1296.821,1297.886,1300.166,1302.416,1304.605,1306.734,1311.355,1314.031,1316.585,1323.031,1330.328,1333.248,1341.275,1347.356,1354.653,1358.545,1372.167,1378.491,1383.843,1390.654,1401.356,1407.681,1309.561,1309.751,1310.056,1310.694,1311.507,1312.055,1315.034,1317.497,1322.423,1000,1000,1155.313,1157.016,1158.475,1155.313,1000,1354.41,1353.194,1354.41,1356.842,1358.059,1363.41,1369.248,1384.816,1397.465,1405.248,1397.465,1386.275,1000,1231.084,1196.543,1191.678,1194.111,1199.462,1000,1000,1000,1000,1000,1000,1000,1000,1365.113,1361.951,1000,1000,1000,1000,1428.6,1442.708,1436.384,1431.519,1000,1000,1000,1148.198,1144.701,1144.701,1000,1000,1379.464,1373.626,1374.113,1378.126,1385.059,1391.627,1397.708,1406.465,1414.978,1419.843,1428.6,1443.195,1453.898,1465.087,1469.952,1370.282,1370.548,1370.875,1371.262,1372.258,1373.87,1376.545,1000,1388.829,1395.275,1405.005,1000,1000,1000,1000,1000,1000,1000,1000,1000,1000,1000,1000,1000,1000,1000,1000,1000,1000,1000,1000,1000,1000,1000,1000,1000,1000,1000,1000,1000,1000,1000,1000,1000,1000,1000,1000,1000,1000,1000,1000,1000,1000,1000,1000,1000,1000,1000,1000,1000,1000,1000,1000,1000,1000,1000,1000,1000,1000,1000,1000,1000,1000,1000,1000,1000,1000,1000,1000,1000,1000,1000,1000,1000,1000,1000,1000,1000,1000,1000,1000,1000,1000,1000,1000,1000,1000,1000,1000,1000,1000,1000,1000,1000,1000,1000,1000,1000,1000,1000,1000,1000,1000,1000,1000,1000,1000,1000,1000,1000,1000,1000,1000,1000,1000,1000,1000,1000,1000,1000,1000,1000,1000,1000,1000,1000,1000,1000,1000,1000,1000,1000,1000,1000,1000,1000,1000,1000,1000,1000,1000,1000,1000,1000,1000,1000,1000,1000,1588.17,1581.359,1558.494,1542.683,1000,1000,1000,1000,1000,1000,1000,1000,1000,1000,1000,1000,1000,1000,1000,1000,1000,1000,1000,1000,1450.492,1416.924,1409.14,1000,1000,1000,1000,1000,1000,1000,1485.276,1000,1000,1466.547,1000,1000,1000,1000,1000,1000,1000,1000,1000,1000,1000,1000,1000,1000,1000,1000,1000,1000,1000,1000,1000,1000,1000,1000,1000,1000,1000,1000,1000,1000,1000,1000,1000,1000,1000,1000,1000,1000,1000,1000,1000,1000,1000,1000,1000,1000,1000,1000,1000,1000,1000,1000,1000,1000,1000,1000,1000,1000,1000,1000,1000
1000,1000,1000,1000,1000,1000,1000,1000,1000,1000,1000,1000,1000,1000,1000,1000,1000,1000,1000,1000,1000,1000,1000,1000,1000,1000,1000,1000,1000,1000,1000,1000,1000,1000,1000,1000,1000,1000,1000,1000,1000,1000,1000,1000,1000,1000,1000,1195.57,1197.759,1199.948,1202.867,1204.57,1209.678,1216.976,1221.111,1224.03,1230.354,1232.3,1235.949,1242.273,1250.057,1254.436,1264.652,1269.031,1271.949,1278.76,1285.571,1291.896,1298.707,1192.689,1192.917,1193.069,1193.297,1193.86,1194.445,1195.296,1195.92,1197.394,1197.759,1199.827,1200.922,1203.962,1205.665,1206.577,1209.557,1213.205,1215.638,1218.192,1223.3,1224.273,1226.219,1228.408,1232.787,1235.219,1240.814,1247.382,1251.517,1258.328,1263.679,1269.517,1272.922,1282.652,1285.571,1292.382,1298.22,1305.517,1307.463,1315.247,1208.409,1208.561,1208.865,1209.359,1209.922,1210.864,1212.05,1212.81,1214.786,1216.976,1217.219,1218.983,1220.685,1222.814,1224.76,1226.949,1229.625,1232.422,1235.098,1237.408,1240.814,1243.976,1247.382,1249.571,1251.517,1254.436,1259.057,1265.139,1270.976,1277.787,1285.085,1292.869,1299.193,1306.004,1311.842,1321.085,1326.923,1332.761,1224.167,1224.38,1224.927,1225.231,1226.31,1226.432,1228.378,1228.895,1230.962,1232.3,1233.273,1235.645,1237.408,1238.99,1241.422,1244.706,1246.773,1249.814,1250.665,1254.922,1258.571,1261.247,1263.436,1271.949,1276.571,1278.517,1282.652,1286.544,1291.896,1296.76,1306.004,1314.761,1324.491,1326.437,1334.22,1340.545,1345.41,1239.354,1239.697,1240.35,1240.799,1241.878,1242.897,1244.979,1245.557,1246.956,1249.084,1250.665,1252.064,1254.922,1258.814,1261.49,1265.747,1266.233,1270.976,1273.652,1277.787,1282.652,1294.085,1297.004,1301.139,1302.599,1306.49,1307.95,1314.761,1324.004,1335.193,1342.004,1353.194,1362.924,1255.036,1255.188,1255.796,1256.062,1256.541,1257.233,1258.601,1259.057,1260.912,1263.01,1264.895,1266.537,1267.389,1268.544,1270.733,1274.017,1277.909,1286.058,1289.706,1294.085,1297.49,1301.139,1302.355,1306.977,1313.301,1322.058,1330.328,1337.626,1346.869,1352.707,1359.518,1369.734,1379.464,1272.983,1273.432,1273.964,1274.534,1275.568,1276.115,1277.544,1279.247,1000,1000,1000,1000,1000,1000,1000,1000,1000,1000,1000,1000,1000,1000,1000,1000,1000,1000,1000,1000,1000,1160.786,1000,1000,1000,1292.489,1292.891,1293.515,1294.784,1296.639,1297.703,1299.984,1302.173,1304.605,1305.822,1309.896,1313.301,1316.585,1322.058,1328.869,1332.761,1339.329,1345.896,1353.68,1356.599,1369.734,1376.545,1382.87,1390.654,1399.411,1409.627,1309.523,1309.637,1310.002,1310.405,1311.028,1311.72,1313.849,1315.977,1320.477,1000,1000,1153.428,1154.34,1156.651,1153.428,1000,1000,1355.626,1353.68,1356.842,1356.842,1363.41,1369.248,1386.275,1397.465,1405.248,1398.438,1386.275,1000,1234.976,1196.543,1191.192,1183.894,1000,1000,1000,1000,1224.76,1000,1000,1000,1359.032,1368.518,1364.14,1357.572,1000,1369.734,1000,1411.086,1429.573,1422.762,1000,1000,1000,1000,1147.529,1144.397,1144.245,1000,1000,1381.41,1374.113,1374.964,1378.978,1386.032,1391.14,1396.492,1406.465,1412.059,1418.384,1425.681,1439.303,1448.06,1460.709,1461.682,1370.115,1370.282,1370.609,1370.875,1371.635,1371.832,1375.177,1000,1000,1000,1000,1000,1000,1000,1000,1000,1000,1000,1000,1000,1000,1000,1000,1000,1000,1000,1000,1000,1000,1000,1000,1000,1000,1000,1000,1000,1000,1000,1000,1000,1000,1000,1000,1000,1000,1000,1000,1000,1000,1000,1000,1000,1000,1000,1000,1000,1000,1000,1000,1000,1000,1000,1000,1000,1000,1000,1000,1000,1000,1000,1000,1000,1000,1000,1000,1000,1000,1000,1000,1000,1000,1000,1000,1000,1000,1000,1000,1000,1000,1000,1000,1000,1000,1000,1000,1000,1000,1000,1000,1000,1000,1000,1000,1000,1000,1000,1000,1000,1000,1000,1000,1000,1000,1000,1000,1000,1000,1000,1000,1000,1000,1000,1000,1000,1000,1000,1000,1000,1000,1000,1000,1000,1000,1000,1000,1000,1000,1000,1000,1000,1000,1000,1000,1000,1000,1000,1000,1000,1000,1000,1000,1000,1000,1000,1000,1000,1000,1000,1000,1000,1000,1000,1000,1000,1000,1000,1000,1000,1000,1000,1000,1000,1000,1000,1000,1000,1000,1000,1000,1000,1000,1000,1000,1000,1000,1000,1000,1000,1000,1000,1000,1000,1000,1000,1000,1000,1000,1000,1000,1000,1000,1000,1000,1000,1000,1000,1000,1000,1000,1000,1000,1000,1000,1000,1000,1000,1000,1000,1000,1000,1000,1000,1000,1000,1000,1000,1000,1000,1000,1000,1000,1000,1000,1000,1000,1000,1000,1000,1000,1000,1000,1000,1000,1000,1000,1000,1000,1000,1000,1000,1000,1000,1000,1000,1000,1000,1000
1000,1000,1000,1000,1000,1000,1000,1000,1000,1000,1000,1000,1000,1000,1000,1000,1000,1000,1000,1000,1000,1000,1000,1000,1000,1000,1000,1000,1000,1000,1000,1000,1000,1000,1000,1000,1000,1000,1000,1000,1000,1000,1000,1000,1000,1000,1000,1000,1197.759,1199.584,1203.232,1203.719,1207.246,1213.814,1216.489,1219.165,1227.679,1229.868,1232.3,1239.354,1247.138,1250.057,1260.274,1264.652,1266.111,1272.922,1279.733,1286.544,1293.842,1302.599,1192.841,1192.993,1193.297,1193.936,1194.445,1195.296,1195.92,1197.394,1197.759,1199.827,1200.496,1203.719,1204.813,1205.969,1207.854,1211.746,1214.422,1217.341,1221.841,1223.787,1224.273,1226.949,1231.084,1234.733,1239.598,1245.436,1250.301,1255.895,1263.193,1269.517,1273.895,1282.652,1284.598,1289.463,1297.247,1304.058,1307.463,1316.22,1208.371,1208.523,1208.918,1209.283,1209.838,1210.986,1211.624,1212.81,1213.327,1215.82,1215.82,1217.705,1218.983,1221.233,1223.057,1225.854,1227.679,1230.841,1232.422,1235.098,1238.868,1243.49,1246.165,1250.301,1252.003,1254.436,1256.868,1262.22,1267.084,1276.328,1283.625,1290.436,1297.247,1306.977,1311.842,1321.085,1325.95,1223.825,1224.129,1224.334,1224.661,1225.071,1225.991,1226.204,1227.922,1228.378,1230.354,1230.962,1232.3,1234.55,1236.496,1238.625,1241.422,1245.192,1246.409,1249.814,1250.665,1254.922,1256.382,1259.057,1260.03,1268.057,1275.112,1277.787,1282.652,1285.085,1292.382,1295.788,1306.49,1315.734,1327.41,1329.356,1337.626,1338.599,1343.464,1239.354,1239.697,1239.947,1240.882,1241.559,1242.76,1243.946,1245.344,1246.773,1249.328,1250.969,1253.584,1255.53,1259.179,1262.341,1265.382,1267.206,1270.976,1272.436,1275.598,1281.436,1288.004,1293.355,1297.004,1299.68,1302.112,1306.49,1311.355,1323.031,1333.248,1340.058,1350.761,1360.978,1363.896,1255.036,1255.469,1255.735,1256.131,1256.823,1257.811,1258.905,1260.547,1262.524,1264.652,1267.084,1267.936,1269.152,1272.557,1275.476,1278.274,1285.085,1288.49,1294.085,1297.004,1301.869,1305.031,1310.382,1314.761,1325.464,1334.22,1340.545,1348.815,1354.653,1360.491,1367.788,1378.491,1272.854,1273.188,1273.576,1274.23,1274.853,1275.446,1276.723,1278.243,1279.429,1281.436,1283.2,1284.902,1287.274,1289.706,1292.99,1000,1000,1000,1152.166,1152.926,1152.85,1152.781,1153.314,1153.99,1153.488,1154.553,1156.377,1158.779,1000,1000,1000,1292.01,1292.276,1292.595,1292.77,1293.423,1294.419,1295.727,1297.156,1299.315,1301.625,1304.058,1306.734,1310.261,1313.666,1316.585,1320.599,1327.653,1331.545,1337.626,1344.68,1351.734,1355.14,1366.329,1374.113,1378.978,1386.762,1392.6,1405.735,1415.465,1309.599,1310.002,1310.694,1311.203,1311.827,1313.545,1315.399,1319.687,1000,1000,1154.036,1154.948,1156.286,1153.732,1000,1356.356,1355.14,1355.14,1356.356,1355.626,1359.518,1364.87,1379.951,1396.005,1403.302,1402.329,1000,1000,1234.976,1196.543,1189.732,1183.894,1000,1000,1000,1222.327,1220.381,1000,1000,1000,1000,1369.734,1368.032,1361.951,1370.221,1370.951,1000,1398.438,1413.519,1408.167,1000,1000,1000,1149.84,1148.867,1145.036,1145.036,1000,1000,1383.356,1377.153,1376.302,1381.41,1383.843,1387.248,1391.627,1403.546,1407.194,1416.924,1423.735,1433.952,1438.33,1451.952,1451.952,1471.898,1370.039,1370.327,1000,1000,1000,1000,1000,1000,1000,1000,1000,1000,1000,1000,1000,1000,1000,1000,1000,1000,1000,1000,1000,1000,1000,1000,1000,1000,1000,1000,1000,1000,1000,1000,1000,1000,1000,1000,1000,1000,1000,1000,1000,1000,1000,1000,1000,1000,1000,1000,1000,1000,1000,1000,1000,1000,1000,1000,1000,1000,1000,1000,1000,1000,1000,1000,1000,1000,1000,1000,1000,1000,1000,1000,1000,1000,1000,1000,1000,1000,1000,1000,1000,1000,1000,1000,1000,1000,1000,1000,1000,1000,1000,1000,1000,1000,1000,1000,1000,1000,1000,1000,1000,1000,1000,1000,1000,1000,1000,1000,1000,1000,1000,1000,1000,1000,1000,1000,1000,1000,1000,1000,1000,1000,1000,1000,1000,1000,1000,1000,1000,1000,1000,1000,1000,1000,1000,1000,1000,1000,1000,1000,1000,1000,1000,1000,1000,1000,1000,1000,1000,1000,1000,1000,1000,1000,1000,1000,1000,1000,1000,1000,1000,1000,1000,1000,1000,1000,1489.761,1000,1000,1000,1000,1000,1000,1000,1000,1000,1000,1000,1000,1000,1000,1000,1000,1000,1000,1000,1000,1000,1000,1000,1000,1000,1000,1000,1000,1000,1000,1000,1000,1000,1000,1000,1000,1000,1000,1000,1000,1000,1000,1000,1000,1000,1000,1000,1000,1000,1000,1000,1000,1000,1000,1000,1000,1000,1000,1000,1000,1000,1000,1000,1000,1000,1000,1000,1000,1000,1000,1000,1000,1000,1000,1000,1000,1000,1000,1000,1000,1000,1000,1000,1000,1000,1000,1000
1000,1000,1000,1000,1000,1000,1000,1000,1000,1000,1000,1000,1000,1000,1000,1000,1000,1000,1000,1000,1000,1000,1000,1000,1000,1000,1000,1000,1000,1000,1000,1000,1000,1000,1000,1000,1000,1000,1000,1000,1000,1000,1000,1000,1000,1000,1000,1000,1198.854,1201.651,1203.232,1204.084,1207.246,1213.327,1214.786,1218.678,1227.192,1230.354,1233.03,1241.787,1247.625,1251.03,1259.301,1264.652,1266.111,1272.922,1279.733,1285.571,1291.896,1301.625,1192.765,1192.955,1193.153,1193.715,1194.179,1195.068,1195.418,1196.482,1196.938,1198.459,1199.219,1201.895,1203.415,1204.813,1207.246,1210.651,1213.205,1216.489,1220.868,1222.327,1223.787,1226.219,1230.111,1234.003,1238.868,1244.706,1248.111,1254.436,1261.247,1266.111,1272.922,1280.706,1285.571,1288.49,1296.274,1303.085,1309.409,1314.274,1208.295,1208.523,1208.971,1209.359,1210.013,1210.743,1211.624,1212.81,1213.327,1215.212,1215.82,1217.705,1218.496,1220.381,1222.145,1224.76,1226.949,1229.625,1230.841,1233.273,1236.922,1241.3,1245.679,1249.571,1252.003,1252.49,1257.598,1262.22,1268.544,1277.787,1283.625,1290.923,1296.274,1307.95,1311.842,1321.085,1327.896,1223.863,1224.053,1224.167,1224.539,1224.851,1225.885,1225.991,1227.192,1227.618,1229.229,1229.989,1232.543,1234.854,1237.104,1238.625,1240.692,1243.246,1245.557,1249.328,1251.152,1253.463,1255.409,1257.355,1258.084,1265.868,1271.22,1277.058,1282.166,1286.544,1291.896,1296.76,1306.49,1316.707,1327.41,1332.275,1338.599,1339.572,1346.383,1239.392,1239.658,1240,1240.563,1241.255,1242.486,1243.642,1245.162,1246.165,1247.868,1250.118,1252.672,1254.557,1259.179,1262.341,1264.895,1268.544,1272.436,1275.112,1277.787,1281.922,1288.004,1290.679,1293.355,1297.004,1299.68,1305.031,1313.788,1322.058,1331.302,1341.031,1349.788,1357.086,1363.896,1255.074,1255.515,1255.796,1256.29,1256.716,1257.689,1258.753,1260.365,1262.098,1264.409,1267.084,1267.936,1268.848,1271.828,1275.476,1277.058,1281.801,1285.085,1291.896,1294.571,1299.923,1305.761,1311.112,1314.761,1323.518,1332.761,1340.545,1348.815,1356.599,1361.464,1366.329,1376.545,1272.74,1273.029,1273.371,1274.055,1274.427,1275.203,1276.419,1278.639,1279.247,1281.436,1281.922,1283.747,1285.146,1288.977,1292.625,1298.463,1303.085,1000,1000,1000,1000,1000,1000,1000,1000,1000,1000,1000,1000,1375.086,1389.194,1396.005,1292.162,1292.352,1292.595,1293.34,1294.206,1295.575,1297.521,1299.984,1301.869,1304.058,1306.125,1309.166,1311.72,1313.666,1317.923,1324.004,1327.653,1333.248,1340.058,1346.626,1350.761,1360.491,1370.221,1376.545,1387.735,1392.6,1404.762,1413.519,1309.637,1309.957,1310.778,1311.401,1312.176,1313.24,1315.217,1318.166,1000,1000,1153.732,1156.286,1155.678,1153.124,1000,1000,1352.707,1354.41,1356.356,1358.059,1362.194,1369.248,1382.383,1395.032,1399.411,1403.302,1000,1000,1000,1185.354,1183.894,1180.489,1000,1000,1000,1216.976,1217.949,1000,1000,1000,1000,1371.437,1370.221,1361.464,1000,1000,1000,1000,1000,1000,1000,1000,1000,1149.11,1148.867,1145.036,1145.218,1000,1000,1386.518,1378.126,1376.667,1382.383,1383.843,1385.545,1390.41,1401.6,1405.735,1418.384,1418.87,1426.168,1429.573,1445.141,1442.222,1468.006,1369.849,1000,1000,1000,1000,1000,1000,1000,1000,1000,1000,1000,1000,1000,1000,1000,1000,1000,1000,1000,1000,1000,1000,1000,1000,1000,1000,1000,1000,1000,1000,1000,1000,1000,1000,1000,1000,1000,1000,1000,1000,1000,1000,1000,1000,1000,1000,1000,1000,1000,1000,1000,1000,1000,1000,1000,1000,1000,1000,1000,1000,1000,1000,1000,1000,1000,1000,1000,1000,1000,1000,1000,1000,1000,1000,1000,1000,1000,1000,1000,1000,1000,1000,1000,1000,1000,1000,1000,1000,1000,1000,1000,1000,1000,1000,1000,1000,1000,1000,1000,1000,1000,1000,1000,1000,1000,1000,1000,1000,1000,1000,1000,1000,1000,1000,1000,1000,1000,1000,1000,1000,1000,1000,1000,1000,1000,1000,1000,1000,1000,1000,1000,1000,1000,1000,1000,1000,1000,1000,1000,1000,1000,1000,1000,1000,1000,1000,1000,1000,1000,1000,1000,1000,1000,1000,1000,1000,1000,1000,1000,1000,1000,1000,1000,1000,1000,1000,1000,1000,1000,1000,1000,1000,1000,1000,1000,1000,1000,1000,1000,1000,1000,1000,1000,1000,1000,1000,1000,1000,1000,1000,1000,1000,1000,1453.533,1450.492,1000,1000,1000,1000,1000,1000,1000,1000,1000,1000,1000,1000,1000,1000,1000,1000,1000,1000,1000,1000,1000,1000,1000,1000,1000,1000,1000,1000,1000,1000,1000,1000,1000,1000,1000,1000,1000,1000,1000,1000,1000,1000,1000,1000,1000,1000,1000,1000,1000,1000,1000,1000,1000,1000,1000,1000,1000,1000,1000,1000
1000,1000,1000,1000,1000,1000,1000,1000,1000,1000,1000,1000,1000,1000,1000,1000,1000,1000,1000,1000,1000,1000,1000,1000,1000,1000,1000,1000,1000,1000,1000,1000,1000,1000,1000,1000,1000,1000,1000,1000,1000,1000,1000,1000,1000,1000,1000,1000,1000,1203.232,1205.908,1205.908,1209.678,1214.3,1214.786,1218.192,1225.976,1229.868,1233.03,1240.327,1246.165,1250.057,1256.868,1262.706,1266.111,1274.868,1280.706,1286.544,1293.842,1300.652,1192.689,1192.841,1193.069,1193.525,1193.936,1194.856,1195.661,1196.786,1197.759,1199.462,1200.253,1202.624,1203.962,1205.117,1207.246,1210.286,1212.841,1216.003,1219.53,1220.868,1221.841,1224.273,1227.922,1232.787,1237.652,1243.976,1247.382,1252.49,1259.301,1264.652,1270.976,1277.301,1283.625,1288.49,1295.301,1301.139,1307.463,1310.382,1316.22,1208.447,1208.766,1209.154,1209.838,1211.229,1211.488,1212.81,1213.327,1214.209,1215.03,1216.307,1217.462,1220.077,1221.537,1224.395,1227.679,1229.138,1230.354,1233.76,1236.435,1239.354,1244.463,1249.084,1251.517,1253.219,1256.868,1261.49,1265.868,1273.895,1280.22,1288.49,1293.842,1304.058,1312.815,1321.085,1324.977,1223.787,1224.053,1224.243,1224.539,1225.071,1225.885,1226.432,1227.466,1228.226,1229.412,1229.777,1231.631,1233.76,1235.645,1237.408,1239.598,1242.152,1244.341,1247.99,1249.328,1253.949,1254.922,1256.382,1256.382,1263.922,1271.949,1281.436,1285.085,1288.004,1295.788,1296.76,1306.004,1313.788,1324.491,1327.41,1337.626,1341.518,1345.41,1239.354,1239.697,1240.054,1240.639,1241.255,1242.365,1243.338,1244.615,1245.344,1247.625,1250.118,1252.672,1254.557,1258.814,1262.706,1264.409,1269.517,1272.922,1274.625,1277.787,1283.625,1285.571,1288.004,1290.679,1296.274,1298.22,1304.058,1315.247,1324.977,1331.302,1342.977,1349.788,1357.086,1363.896,1255.188,1255.515,1255.986,1256.29,1256.823,1257.339,1258.601,1260.182,1261.733,1263.679,1266.537,1267.084,1267.936,1271.828,1275.476,1277.544,1282.287,1285.571,1291.166,1295.058,1299.193,1303.571,1309.653,1313.788,1321.572,1330.815,1339.572,1348.815,1355.626,1363.41,1369.734,1378.491,1272.74,1273.029,1273.31,1273.804,1273.964,1274.64,1275.568,1277.362,1278.639,1280.281,1280.95,1282.166,1284.294,1288.612,1294.206,1299.801,1304.544,1307.22,1310.382,1000,1000,1323.274,1330.085,1336.653,1335.68,1340.545,1347.842,1356.113,1362.437,1377.032,1389.194,1395.032,1292.01,1292.276,1292.595,1293.598,1294.663,1296.487,1297.703,1299.984,1301.869,1304.362,1306.125,1309.531,1311.72,1313.666,1316.95,1324.004,1328.869,1334.464,1344.68,1350.275,1353.68,1360.005,1366.329,1373.14,1384.816,1388.708,1404.762,1413.519,1309.523,1309.911,1310.618,1311.112,1312.055,1313.545,1315.034,1318.409,1000,1000,1152.82,1155.678,1154.948,1150.63,1000,1000,1350.761,1355.626,1360.248,1359.518,1363.41,1370.707,1379.951,1391.627,1402.329,1405.248,1000,1000,1000,1183.894,1188.273,1186.083,1000,1000,1000,1000,1234.003,1000,1000,1000,1000,1377.032,1374.599,1000,1000,1000,1000,1000,1000,1000,1000,1000,1000,1147.103,1147.103,1143.12,1144.397,1000,1000,1000,1000,1378.491,1383.356,1384.573,1385.545,1389.924,1403.546,1405.735,1419.843,1414.978,1420.816,1416.924,1000,1000,1000,1000,1000,1000,1000,1000,1000,1000,1000,1000,1000,1000,1000,1000,1000,1000,1000,1000,1000,1000,1000,1000,1000,1000,1000,1000,1000,1000,1000,1000,1000,1000,1000,1000,1000,1000,1000,1000,1000,1000,1000,1000,1000,1000,1000,1000,1000,1000,1000,1000,1000,1000,1000,1000,1000,1000,1000,1000,1000,1000,1000,1000,1000,1000,1000,1000,1000,1000,1000,1000,1000,1000,1000,1000,1000,1000,1000,1000,1000,1000,1000,1000,1000,1000,1000,1000,1000,1000,1000,1000,1000,1000,1000,1000,1000,1000,1000,1000,1000,1000,1000,1000,1000,1000,1000,1000,1000,1000,1000,1000,1000,1000,1000,1000,1000,1000,1000,1000,1000,1000,1000,1000,1000,1000,1000,1000,1000,1000,1000,1000,1000,1000,1000,1000,1000,1000,1000,1000,1000,1000,1000,1000,1000,1000,1000,1000,1000,1000,1000,1000,1000,1000,1000,1000,1000,1000,1000,1000,1000,1000,1000,1000,1000,1000,1000,1000,1000,1000,1000,1000,1000,1000,1000,1000,1000,1000,1000,1000,1000,1000,1000,1000,1000,1000,1000,1000,1000,1000,1000,1000,1000,1000,1000,1000,1000,1000,1000,1000,1000,1000,1000,1000,1000,1000,1000,1000,1000,1000,1000,1000,1000,1000,1000,1000,1000,1000,1000,1000,1000,1000,1000,1000,1000,1000,1000,1000,1000,1000,1000,1000,1000,1000,1000,1000,1000,1000,1000,1000,1000,1000,1000,1000,1000,1000,1000,1000,1000,1000,1000,1000,1000,1000,1000,1000,1000,1000,1000
1000,1000,1000,1000,1000,1000,1000,1000,1000,1000,1000,1000,1000,1000,1000,1000,1000,1000,1000,1000,1000,1000,1000,1000,1000,1000,1000,1000,1000,1000,1000,1000,1000,1000,1000,1000,1000,1000,1000,1000,1000,1000,1000,1000,1000,1000,1000,1000,1000,1203.719,1207.246,1206.395,1211.138,1214.3,1214.786,1218.678,1227.192,1230.354,1235.219,1240.814,1245.679,1250.057,1256.868,1261.733,1267.084,1275.841,1282.652,1286.544,1293.842,1301.625,1303.571,1192.765,1193.031,1193.35,1193.936,1194.552,1195.296,1195.92,1197.09,1198.094,1199.644,1201.651,1203.415,1204.266,1206.273,1208.462,1211.016,1214.422,1217.705,1219.53,1220.868,1223.787,1227.435,1232.3,1236.922,1243.49,1245.922,1249.571,1255.409,1260.76,1267.084,1272.922,1281.679,1285.571,1295.301,1299.193,1307.463,1309.409,1316.22,1208.333,1208.599,1209.093,1209.838,1210.743,1211.229,1212.202,1212.962,1213.844,1214.604,1216.489,1217.462,1219.53,1221.537,1223.787,1225.854,1228.408,1229.625,1232.057,1236.435,1238.381,1242.517,1247.868,1250.787,1252.49,1258.328,1263.679,1268.544,1278.76,1283.625,1289.463,1294.815,1302.112,1306.977,1316.707,1322.058,1327.896,1223.825,1224.053,1224.205,1224.782,1225.687,1226.554,1227.466,1228.53,1229.777,1229.989,1231.631,1233.273,1235.645,1236.8,1238.625,1241.422,1244.341,1247.625,1248.841,1253.463,1253.949,1254.922,1256.868,1263.922,1271.949,1280.706,1286.544,1290.923,1297.247,1298.22,1303.085,1311.842,1318.653,1324.491,1332.275,1340.545,1345.41,1239.468,1239.697,1240.107,1240.495,1240.974,1241.878,1243.034,1243.946,1245.344,1246.956,1249.328,1251.517,1254.192,1256.99,1261.125,1263.557,1268.544,1271.949,1274.625,1278.517,1283.139,1284.355,1288.004,1291.409,1296.274,1298.22,1306.49,1317.193,1326.437,1332.275,1343.95,1352.221,1357.086,1363.896,1255.226,1255.424,1255.857,1256.366,1257.02,1257.446,1258.601,1260.03,1261.125,1263.193,1265.99,1267.389,1268.848,1272.557,1275.476,1276.693,1279.612,1284.112,1287.031,1292.382,1297.004,1303.085,1307.707,1313.301,1320.599,1329.356,1337.139,1344.923,1350.761,1358.545,1364.383,1372.653,1272.55,1272.854,1273.082,1273.645,1273.645,1274.427,1275.324,1277.179,1277.696,1279.429,1280.281,1282.166,1284.051,1288.612,1294.571,1299.315,1303.571,1307.22,1310.382,1314.518,1317.437,1321.085,1327.166,1332.275,1333.734,1339.085,1346.869,1353.68,1361.464,1375.086,1387.248,1392.113,1292.01,1292.352,1292.831,1293.796,1294.906,1296.335,1297.521,1299.497,1301.869,1303.754,1306.49,1308.801,1311.355,1312.45,1314.882,1321.572,1327.166,1332.031,1342.734,1349.545,1350.761,1357.572,1363.896,1369.734,1380.924,1386.762,1401.356,1407.681,1309.409,1309.789,1310.344,1310.778,1311.614,1312.541,1314.153,1317.254,1000,1000,1151.421,1154.948,1152.82,1149.353,1000,1000,1346.869,1353.194,1360.248,1359.518,1362.68,1368.275,1376.545,1388.708,1400.384,1405.248,1000,1000,1000,1182.435,1188.273,1188.273,1000,1000,1000,1228.165,1239.841,1000,1000,1000,1000,1380.194,1378.248,1372.167,1000,1000,1000,1000,1000,1000,1000,1000,1149.597,1147.711,1145.917,1143.242,1144.093,1000,1000,1000,1000,1379.464,1385.059,1386.032,1383.843,1000,1000,1000,1000,1000,1000,1000,1000,1000,1000,1000,1000,1000,1000,1000,1000,1000,1000,1000,1000,1000,1000,1000,1000,1000,1000,1000,1000,1000,1000,1000,1000,1000,1000,1000,1000,1000,1000,1000,1000,1000,1000,1000,1000,1000,1000,1000,1000,1000,1000,1000,1000,1000,1000,1000,1000,1000,1000,1000,1000,1000,1000,1000,1000,1000,1000,1000,1000,1000,1000,1000,1000,1000,1000,1000,1000,1000,1000,1000,1000,1000,1000,1000,1000,1000,1000,1000,1000,1000,1000,1000,1000,1000,1000,1000,1000,1000,1000,1000,1000,1000,1000,1000,1000,1000,1000,1000,1000,1000,1000,1000,1000,1000,1000,1000,1000,1000,1000,1000,1000,1000,1000,1000,1000,1000,1000,1000,1000,1000,1000,1000,1000,1000,1000,1000,1000,1000,1000,1000,1000,1000,1000,1000,1000,1000,1000,1000,1000,1000,1000,1000,1000,1000,1000,1000,1000,1000,1000,1000,1000,1000,1000,1000,1000,1000,1000,1000,1000,1000,1000,1000,1000,1000,1000,1000,1000,1000,1000,1000,1000,1000,1000,1000,1000,1000,1000,1000,1000,1000,1000,1000,1000,1000,1000,1000,1000,1000,1000,1000,1000,1000,1000,1000,1000,1000,1000,1000,1000,1000,1000,1000,1000,1000,1000,1000,1000,1000,1000,1000,1000,1000,1000,1000,1000,1000,1000,1000,1000,1000,1000,1000,1000,1000,1000,1000,1000,1000,1000,1000,1000,1000,1000,1000,1000,1000,1000,1000,1000,1000,1000,1000,1000,1000,1000,1000,1000,1000,1000,1000,1000,1000,1000,1000,1000,1000,1000
1000,1000,1000,1000,1000,1000,1000,1000,1000,1000,1000,1000,1000,1000,1000,1000,1000,1000,1000,1000,1000,1000,1000,1000,1000,1000,1000,1000,1000,1000,1000,1000,1000,1000,1000,1000,1000,1000,1000,1000,1000,1000,1000,1000,1000,1000,1000,1000,1000,1000,1207.732,1208.705,1211.138,1215.273,1216.489,1218.678,1224.76,1230.354,1233.76,1237.895,1243.733,1250.057,1255.895,1261.247,1268.057,1276.814,1280.706,1286.544,1291.896,1297.734,1301.625,1192.765,1193.031,1193.297,1193.791,1194.354,1194.962,1195.783,1197.242,1198.641,1200.496,1201.651,1203.962,1204.813,1206.273,1207.246,1211.016,1212.841,1215.638,1217.341,1220.503,1222.327,1226.949,1231.814,1235.949,1240.814,1245.436,1248.841,1253.949,1259.301,1264.652,1271.949,1279.247,1284.598,1290.436,1297.247,1305.517,1307.463,1314.274,1208.333,1208.599,1208.971,1209.504,1210.423,1211.229,1212.354,1212.81,1213.327,1214.026,1215.638,1216.733,1218.983,1220.928,1222.814,1225.125,1227.679,1229.138,1232.057,1235.584,1237.408,1240.327,1245.679,1249.571,1253.219,1258.328,1265.868,1268.544,1275.355,1281.193,1286.544,1292.869,1300.166,1306.977,1315.734,1322.058,1327.896,1223.787,1224.053,1224.205,1224.722,1225.406,1226.31,1227.466,1228.378,1229.594,1229.989,1230.962,1232.543,1235.402,1236.496,1239.354,1242.517,1244.706,1246.773,1247.99,1251.638,1252.003,1254.922,1256.868,1262.22,1268.787,1279.247,1285.085,1290.436,1299.193,1299.193,1305.031,1310.869,1314.761,1321.572,1331.302,1340.545,1347.356,1239.582,1239.811,1240.229,1240.639,1241.346,1242,1242.76,1244.098,1245.344,1246.165,1248.841,1250.969,1253.584,1256.26,1260.76,1261.976,1266.233,1268.057,1270.003,1272.922,1277.787,1280.22,1285.085,1291.409,1298.22,1302.112,1309.896,1317.68,1326.437,1330.328,1342.977,1349.788,1357.086,1363.896,1255.264,1255.621,1256.207,1256.823,1257.339,1257.568,1258.328,1259.057,1260.182,1261.916,1264.409,1267.084,1268.848,1272.193,1275.476,1277.058,1279.612,1284.112,1287.031,1290.679,1297.004,1302.355,1306.977,1312.572,1319.139,1325.464,1331.788,1340.545,1345.896,1353.68,1361.464,1370.707,1272.474,1272.892,1273.188,1273.804,1273.721,1274.336,1275.324,1277.362,1278.821,1279.855,1280.95,1282.409,1283.504,1287.031,1294.571,1298.463,1302.599,1307.707,1310.869,1314.518,1319.382,1323.274,1327.896,1332.761,1333.734,1339.085,1346.869,1350.761,1360.491,1377.032,1383.843,1391.14,1291.972,1292.276,1292.77,1293.887,1295.164,1296.639,1297.886,1299.74,1301.139,1303.754,1306.125,1308.072,1309.896,1311.72,1313.301,1319.747,1324.491,1331.058,1340.545,1348.086,1350.761,1359.032,1363.896,1368.761,1379.951,1383.843,1394.546,1404.762,1309.409,1309.789,1310.618,1311.31,1311.933,1312.678,1314.153,1316.828,1324.612,1000,1152.576,1157.745,1152.82,1149.353,1147.711,1000,1000,1351.491,1357.572,1356.356,1360.248,1363.41,1369.734,1382.87,1400.384,1000,1000,1000,1000,1177.083,1182.435,1184.624,1000,1000,1000,1000,1234.003,1000,1000,1000,1000,1375.816,1377.032,1372.167,1000,1000,1000,1000,1000,1000,1000,1000,1151.421,1147.955,1145.917,1143.242,1144.397,1000,1000,1000,1000,1000,1000,1000,1000,1000,1000,1000,1000,1000,1000,1000,1000,1000,1000,1000,1000,1000,1000,1000,1000,1000,1000,1000,1000,1000,1000,1000,1000,1000,1000,1000,1000,1000,1000,1000,1000,1000,1000,1000,1000,1000,1000,1000,1000,1000,1000,1000,1000,1000,1000,1000,1000,1000,1000,1000,1000,1000,1000,1000,1000,1000,1000,1000,1000,1000,1000,1000,1000,1000,1000,1000,1000,1000,1000,1000,1000,1000,1000,1000,1000,1000,1000,1000,1000,1000,1000,1000,1000,1000,1000,1000,1000,1000,1000,1000,1000,1000,1000,1000,1000,1000,1000,1000,1000,1000,1000,1000,1000,1000,1000,1000,1000,1000,1000,1000,1000,1000,1000,1000,1000,1000,1000,1000,1000,1000,1000,1000,1000,1000,1000,1000,1000,1000,1000,1000,1000,1000,1000,1000,1000,1000,1000,1000,1000,1000,1000,1000,1000,1000,1000,1000,1000,1000,1000,1000,1000,1000,1000,1000,1000,1000,1000,1000,1000,1000,1000,1000,1000,1000,1000,1000,1000,1000,1000,1000,1000,1000,1000,1000,1000,1000,1000,1000,1000,1000,1000,1000,1000,1000,1000,1000,1000,1000,1000,1000,1000,1000,1000,1000,1000,1000,1000,1000,1000,1000,1000,1000,1000,1000,1000,1000,1000,1000,1000,1000,1000,1000,1000,1000,1000,1000,1000,1000,1000,1000,1000,1000,1000,1000,1000,1000,1000,1000,1000,1000,1000,1000,1000,1000,1000,1000,1000,1000,1000,1000,1000,1000,1000,1000,1000,1000,1000,1000,1000,1000,1000,1000,1000,1000,1000,1000,1000,1000,1000,1000,1000,1000,1000,1000,1000
1000,1000,1000,1000,1000,1000,1000,1000,1000,1000,1000,1000,1000,1000,1000,1000,1000,1000,1000,1000,1000,1000,1000,1000,1000,1000,1000,1000,1000,1000,1000,1000,1000,1000,1000,1000,1000,1000,1000,1000,1000,1000,1000,1000,1000,1000,1000,1000,1000,1000,1206.881,1208.219,1211.138,1214.3,1217.462,1219.895,1225.246,1230.354,1236.679,1238.868,1244.706,1250.057,1256.868,1261.733,1269.031,1276.814,1281.679,1285.571,1290.436,1296.76,1300.652,1192.765,1193.031,1193.198,1193.586,1194.019,1194.749,1195.54,1197.242,1198.854,1200.496,1201.165,1202.928,1203.962,1205.117,1205.969,1208.827,1211.746,1213.57,1216.854,1220.868,1222.814,1226.949,1232.3,1235.219,1240.084,1244.706,1248.111,1251.03,1256.868,1261.247,1268.057,1276.328,1283.625,1291.409,1297.247,1304.058,1307.463,1312.328,1317.193,1208.485,1208.721,1209.359,1210.21,1210.636,1211.624,1212.354,1212.962,1214.026,1215.212,1216.976,1218.983,1220.928,1222.814,1225.854,1227.314,1229.625,1232.057,1235.098,1238.381,1239.841,1244.463,1248.354,1253.219,1259.544,1266.598,1270.976,1276.328,1280.22,1286.544,1289.463,1296.274,1301.139,1311.842,1316.707,1323.031,1327.896,1223.863,1224.091,1224.486,1225.071,1226.204,1227.192,1228.53,1229.594,1230.172,1231.388,1232.057,1234.064,1236.253,1238.625,1240.692,1243.976,1245.557,1246.773,1250.179,1252.976,1255.409,1259.057,1265.868,1270.733,1277.787,1282.652,1288.49,1294.328,1298.22,1304.058,1310.382,1314.761,1319.626,1329.356,1338.599,1343.464,1239.43,1239.697,1240.054,1240.495,1241.346,1242,1243.186,1244.463,1245.344,1245.74,1248.598,1249.875,1252.064,1254.557,1258.449,1259.909,1263.557,1266.233,1269.031,1273.652,1279.004,1282.652,1286.787,1292.625,1297.734,1300.652,1307.463,1317.193,1323.031,1327.41,1340.058,1347.842,1357.086,1254.998,1255.469,1255.857,1256.625,1257.02,1257.446,1257.811,1258.328,1259.057,1260.03,1261.916,1263.922,1266.78,1268.24,1271.463,1275.476,1277.909,1280.463,1285.085,1286.544,1289.706,1295.058,1300.652,1305.031,1311.112,1318.166,1323.031,1330.815,1337.626,1344.923,1352.707,1361.464,1369.734,1378.491,1272.74,1272.983,1273.371,1273.5,1274.139,1274.96,1276.875,1278.426,1279.855,1281.193,1282.956,1284.598,1288.247,1294.206,1297.977,1302.112,1305.517,1308.193,1313.301,1316.707,1321.085,1326.437,1331.302,1331.302,1338.112,1345.896,1351.734,1361.464,1377.032,1381.897,1390.167,1291.972,1292.276,1292.77,1293.994,1295.164,1296.487,1297.521,1299.497,1300.409,1302.416,1304.362,1306.734,1307.707,1310.99,1312.085,1319.261,1324.004,1331.545,1340.545,1347.356,1351.734,1358.545,1360.491,1366.329,1374.113,1378.491,1384.816,1395.519,1407.681,1309.561,1310.162,1311.028,1311.827,1312.541,1313.849,1316.585,1000,1145.37,1152.82,1156.651,1153.428,1150.387,1148.624,1148.624,1000,1000,1357.572,1355.14,1359.518,1362.194,1371.194,1382.383,1399.411,1000,1000,1000,1000,1172.705,1179.759,1183.894,1000,1000,1000,1000,1234.003,1000,1000,1000,1000,1000,1367.302,1000,1000,1000,1000,1000,1000,1000,1000,1000,1152.82,1147.711,1145.552,1143.12,1145.036,1000,1000,1000,1000,1000,1000,1000,1000,1000,1000,1000,1000,1000,1000,1000,1000,1000,1000,1000,1000,1000,1000,1000,1000,1000,1000,1000,1000,1000,1000,1000,1000,1000,1000,1000,1000,1000,1000,1000,1000,1000,1000,1000,1000,1000,1000,1000,1000,1000,1000,1000,1000,1000,1000,1000,1000,1000,1000,1000,1000,1000,1000,1000,1000,1000,1000,1000,1000,1000,1000,1000,1000,1000,1000,1000,1000,1000,1000,1000,1000,1000,1000,1000,1000,1000,1000,1000,1000,1000,1000,1000,1000,1000,1000,1000,1000,1000,1000,1000,1000,1000,1000,1000,1000,1000,1000,1000,1000,1000,1000,1000,1000,1000,1000,1000,1000,1000,1000,1000,1000,1000,1000,1000,1000,1000,1000,1000,1000,1000,1000,1000,1000,1000,1000,1000,1000,1000,1000,1000,1000,1000,1000,1000,1000,1000,1000,1000,1000,1000,1000,1000,1000,1000,1000,1000,1000,1000,1000,1000,1000,1000,1000,1000,1000,1000,1000,1000,1000,1000,1000,1000,1000,1000,1000,1000,1000,1000,1000,1000,1000,1000,1000,1000,1000,1000,1000,1000,1000,1000,1000,1000,1000,1000,1000,1000,1000,1000,1000,1000,1000,1000,1000,1000,1000,1000,1000,1000,1000,1000,1000,1000,1000,1000,1000,1000,1000,1000,1000,1000,1000,1000,1000,1000,1000,1000,1000,1000,1000,1000,1000,1000,1000,1000,1000,1000,1000,1000,1000,1000,1000,1000,1000,1000,1000,1000,1000,1000,1000,1000,1000,1000,1000,1000,1000,1000,1000,1000,1000,1000,1000,1000,1000,1000,1000,1000,1000,1000,1000,1000,1000,1000,1000,1000,1000
1000,1000,1000,1000,1000,1000,1000,1000,1000,1000,1000,1000,1000,1000,1000,1000,1000,1000,1000,1000,1000,1000,1000,1000,1000,1000,1000,1000,1000,1000,1000,1000,1000,1000,1000,1000,1000,1000,1000,1000,1000,1000,1000,1000,1000,1000,1000,1000,1000,1000,1000,1206.881,1209.678,1212.597,1216.003,1216.976,1221.597,1225.976,1233.76,1237.408,1243.733,1249.571,1255.895,1260.274,1267.084,1272.922,1276.814,1281.679,1287.517,1295.788,1301.625,1192.841,1193.153,1193.297,1193.647,1194.095,1194.749,1195.783,1197.577,1199.036,1201.165,1202.138,1203.962,1204.813,1205.969,1205.969,1208.827,1210.286,1212.841,1215.638,1220.016,1221.354,1224.273,1229.625,1231.814,1236.922,1242.76,1245.922,1251.03,1255.895,1261.247,1268.057,1276.328,1282.652,1291.409,1295.301,1300.166,1304.058,1310.382,1317.193,1208.447,1208.637,1209.283,1209.587,1210.21,1211.107,1212.05,1212.962,1213.479,1215.638,1216.976,1218.496,1220.381,1221.537,1223.422,1225.489,1228.043,1230.841,1235.098,1238.381,1239.354,1246.652,1247.382,1252.003,1256.868,1262.949,1267.084,1271.463,1274.868,1278.76,1286.544,1291.896,1299.193,1306.977,1315.734,1322.058,1331.788,1223.977,1224.091,1224.486,1224.995,1226.204,1226.797,1228.226,1229.229,1229.989,1230.598,1231.388,1233.516,1235.949,1238.99,1241.787,1244.341,1245.922,1245.922,1249.814,1252.003,1254.922,1257.355,1265.868,1271.22,1278.517,1281.436,1286.544,1292.382,1295.788,1300.652,1307.463,1312.815,1316.707,1326.437,1335.193,1343.464,1239.506,1239.772,1240.168,1240.563,1241.255,1241.772,1243.034,1243.186,1244.615,1246.165,1248.598,1250.118,1252.672,1255.165,1257.719,1259.179,1261.976,1264.409,1267.206,1271.463,1277.787,1281.436,1285.571,1290.193,1294.815,1297.004,1304.058,1310.382,1317.68,1322.058,1334.22,1341.031,1353.194,1360.978,1255.188,1255.424,1256.062,1256.45,1257.02,1257.689,1258.191,1258.753,1260.365,1261.916,1263.679,1265.99,1267.936,1270.125,1273.652,1276.693,1280.463,1284.598,1288.004,1290.679,1295.788,1300.652,1306.247,1310.382,1317.68,1322.058,1328.383,1331.788,1339.572,1347.842,1359.518,1368.761,1377.518,1272.664,1272.892,1273.135,1273.249,1273.88,1274.534,1275.978,1277.544,1278.821,1280.281,1281.679,1283.504,1286.666,1291.896,1296.639,1301.139,1306.004,1308.193,1312.572,1314.518,1319.382,1323.761,1327.896,1328.626,1337.139,1343.464,1350.275,1362.437,1377.032,1383.843,1395.032,1292.048,1292.443,1292.891,1293.598,1294.663,1295.727,1296.821,1299.071,1300.409,1302.173,1304.605,1306.125,1307.463,1310.626,1312.45,1318.288,1324.491,1329.842,1336.896,1343.95,1348.086,1354.653,1357.572,1364.87,1370.221,1376.545,1380.924,1394.546,1406.708,1309.523,1310.002,1310.694,1311.203,1312.055,1313.545,1316.403,1000,1000,1151.421,1154.34,1152.272,1148.867,1147.103,1148.198,1000,1000,1357.572,1353.68,1358.788,1358.788,1369.248,1000,1000,1000,1000,1000,1207.732,1178.543,1181.219,1179.759,1000,1000,1000,1000,1000,1000,1000,1000,1000,1000,1000,1000,1000,1000,1000,1000,1000,1000,1000,1000,1151.178,1147.529,1145.218,1143.242,1144.397,1000,1000,1000,1000,1000,1000,1000,1000,1000,1000,1000,1000,1000,1000,1000,1000,1000,1000,1000,1000,1000,1000,1000,1000,1000,1000,1000,1000,1000,1000,1000,1000,1000,1000,1000,1000,1000,1000,1000,1000,1000,1000,1000,1000,1000,1000,1000,1000,1000,1000,1000,1000,1000,1000,1000,1000,1000,1000,1000,1000,1000,1000,1000,1000,1000,1000,1000,1000,1000,1000,1000,1000,1000,1000,1000,1000,1000,1000,1000,1000,1000,1000,1000,1000,1000,1000,1000,1000,1000,1000,1000,1000,1000,1000,1000,1000,1000,1000,1000,1000,1000,1000,1000,1000,1000,1000,1000,1000,1000,1000,1000,1000,1000,1000,1000,1000,1000,1000,1000,1000,1000,1000,1000,1000,1000,1000,1000,1000,1000,1000,1000,1000,1000,1000,1000,1000,1000,1000,1000,1000,1000,1000,1000,1000,1000,1000,1000,1000,1000,1000,1000,1000,1000,1000,1000,1000,1000,1000,1000,1000,1000,1000,1000,1000,1000,1000,1000,1000,1000,1000,1000,1000,1000,1000,1000,1000,1000,1000,1000,1000,1000,1000,1000,1000,1000,1000,1000,1000,1000,1000,1000,1000,1000,1000,1000,1000,1000,1000,1000,1000,1000,1000,1000,1000,1000,1000,1000,1000,1000,1000,1000,1000,1000,1000,1000,1000,1000,1000,1000,1000,1000,1000,1000,1000,1000,1000,1000,1000,1000,1000,1000,1000,1000,1000,1000,1000,1000,1000,1000,1000,1000,1000,1000,1000,1000,1000,1000,1000,1000,1000,1000,1000,1000,1000,1000,1000,1000,1000,1000,1000,1000,1000,1000,1000,1000,1000,1000,1000,1000,1000,1000,1000,1000,1000
1000,1000,1000,1000,1000,1000,1000,1000,1000,1000,1000,1000,1000,1000,1000,1000,1000,1000,1000,1000,1000,1000,1000,1000,1000,1000,1000,1000,1000,1000,1000,1000,1000,1000,1000,1000,1000,1000,1000,1000,1000,1000,1000,1000,1000,1000,1000,1000,1000,1000,1000,1000,1204.57,1208.219,1211.138,1213.327,1217.462,1222.814,1229.868,1234.49,1241.787,1248.598,1254.436,1258.328,1265.625,1270.003,1273.895,1279.733,1284.598,1292.869,1297.734,1192.841,1193.107,1193.404,1193.86,1194.354,1194.856,1195.783,1197.577,1198.641,1200.253,1200.922,1202.624,1203.415,1203.962,1205.361,1207.854,1208.827,1211.016,1214.422,1218.678,1221.841,1224.76,1228.895,1231.814,1236.435,1240.084,1245.436,1250.301,1255.409,1259.787,1268.057,1273.895,1279.733,1285.571,1294.328,1298.22,1301.139,1310.382,1208.295,1208.485,1208.865,1209.283,1209.504,1210.119,1210.53,1211.488,1212.05,1213.479,1215.212,1216.733,1218.496,1220.077,1221.233,1223.422,1225.125,1228.043,1230.841,1235.098,1238.381,1240.327,1245.679,1247.382,1251.517,1255.165,1260.274,1265.139,1268.544,1276.328,1281.193,1286.544,1286.544,1295.301,1302.112,1310.869,1319.626,1325.95,1223.863,1224.053,1224.334,1224.722,1225.778,1226.554,1227.922,1228.712,1229.594,1230.172,1231.631,1233.273,1235.645,1238.381,1240.327,1242.517,1243.611,1244.341,1247.138,1251.638,1254.436,1257.355,1265.868,1268.787,1273.166,1276.571,1282.166,1288.004,1294.815,1300.652,1306.49,1311.842,1316.707,1325.464,1334.22,1341.518,1348.329,1239.62,1239.811,1240.229,1240.882,1241.452,1242.243,1243.034,1245.344,1246.348,1248.354,1249.875,1252.064,1254.192,1255.53,1258.814,1260.274,1264.044,1266.72,1270.976,1275.598,1281.436,1286.301,1288.004,1292.139,1295.544,1302.112,1306.49,1315.247,1323.031,1333.248,1339.085,1349.788,1358.059,1254.998,1255.264,1255.735,1256.131,1256.625,1257.339,1257.932,1258.601,1259.848,1261.733,1263.193,1265.686,1267.632,1270.49,1273.652,1276.693,1280.463,1285.571,1290.193,1292.382,1297.49,1303.085,1306.247,1308.923,1316.22,1321.572,1324.491,1330.328,1337.139,1345.896,1356.599,1367.788,1373.626,1272.55,1272.778,1272.892,1273.135,1273.88,1274.534,1275.978,1277.879,1278.821,1280.524,1282.956,1284.598,1287.031,1291.896,1296.274,1298.828,1302.599,1305.031,1308.68,1310.382,1315.734,1319.869,1325.707,1327.896,1336.653,1344.437,1350.275,1361.464,1374.113,1379.951,1388.221,1291.934,1292.238,1292.542,1293.18,1293.994,1294.663,1296.031,1298.098,1299.071,1300.652,1303.207,1304.362,1306.49,1309.896,1312.085,1316.95,1323.031,1328.869,1333.977,1340.545,1345.896,1353.68,1356.113,1362.924,1369.734,1375.572,1376.545,1390.654,1402.329,1309.409,1309.865,1310.618,1310.937,1311.72,1312.815,1315.399,1000,1145.37,1151.178,1153.124,1152.272,1150.874,1147.955,1000,1000,1000,1350.761,1350.275,1352.707,1353.68,1363.41,1000,1000,1000,1000,1000,1206.273,1000,1181.219,1181.705,1000,1000,1000,1000,1000,1000,1000,1000,1000,1000,1000,1000,1000,1000,1000,1000,1000,1000,1000,1000,1150.083,1147.711,1144.397,1143.12,1000,1000,1000,1000,1000,1000,1000,1000,1000,1000,1000,1000,1000,1000,1000,1000,1000,1000,1000,1000,1000,1000,1000,1000,1000,1000,1000,1000,1000,1000,1000,1000,1000,1000,1000,1000,1000,1000,1000,1000,1000,1000,1000,1000,1000,1000,1000,1000,1000,1000,1000,1000,1000,1000,1000,1000,1000,1000,1000,1000,1000,1000,1000,1000,1000,1000,1000,1000,1000,1000,1000,1000,1000,1000,1000,1000,1000,1000,1000,1000,1000,1000,1000,1000,1000,1000,1000,1000,1000,1000,1000,1000,1000,1000,1000,1000,1000,1000,1000,1000,1000,1000,1000,1000,1000,1000,1000,1000,1000,1000,1000,1000,1000,1000,1000,1000,1000,1000,1000,1000,1000,1000,1000,1000,1000,1000,1000,1000,1000,1000,1000,1000,1000,1000,1000,1000,1000,1000,1000,1000,1000,1000,1000,1000,1000,1000,1000,1000,1000,1000,1000,1000,1000,1000,1000,1000,1000,1000,1000,1000,1000,1000,1000,1000,1000,1000,1000,1000,1000,1000,1000,1000,1000,1000,1000,1000,1000,1000,1000,1000,1000,1000,1000,1000,1000,1000,1000,1000,1000,1000,1000,1000,1000,1000,1000,1000,1000,1000,1000,1000,1000,1000,1000,1000,1000,1000,1000,1000,1000,1000,1000,1000,1000,1000,1000,1000,1000,1000,1000,1000,1000,1000,1000,1000,1000,1000,1000,1000,1000,1000,1000,1000,1000,1000,1000,1000,1000,1000,1000,1000,1000,1000,1000,1000,1000,1000,1000,1000,1000,1000,1000,1000,1000,1000,1000,1000,1000,1000,1000,1000,1000,1000,1000,1000,1000,1000,1000,1000,1000,1000,1000,1000,1000,1000,1000
1000,1000,1000,1000,1000,1000,1000,1000,1000,1000,1000,1000,1000,1000,1000,1000,1000,1000,1000,1000,1000,1000,1000,1000,1000,1000,1000,1000,1000,1000,1000,1000,1000,1000,1000,1000,1000,1000,1000,1000,1000,1000,1000,1000,1000,1000,1000,1000,1000,1000,1000,1000,1203.232,1207.246,1210.651,1211.138,1216.003,1219.895,1225.976,1229.868,1238.868,1245.679,1252.49,1257.355,1267.084,1270.976,1273.895,1278.76,1283.625,1288.49,1295.788,1192.765,1193.031,1193.297,1193.791,1194.27,1194.962,1195.92,1197.394,1198.459,1199.644,1200.07,1201.651,1202.624,1204.509,1205.117,1207.489,1208.219,1211.016,1213.57,1218.192,1220.868,1224.273,1228.895,1231.814,1235.949,1240.814,1246.652,1251.517,1255.895,1260.76,1265.625,1274.868,1279.733,1285.571,1289.463,1297.247,1301.139,1311.355,1208.219,1208.675,1208.766,1209.215,1209.359,1209.663,1210.119,1210.864,1211.898,1212.658,1214.604,1215.82,1217.462,1218.983,1219.834,1222.449,1224.395,1227.314,1230.354,1235.098,1237.895,1240.814,1243.49,1247.382,1251.517,1254.436,1259.544,1263.679,1266.598,1270.003,1276.328,1284.112,1289.463,1294.815,1300.166,1310.869,1315.734,1324.004,1223.787,1224.091,1224.38,1224.722,1225.581,1225.991,1227.055,1227.618,1228.895,1229.229,1231.206,1232.787,1235.402,1236.8,1238.625,1240.327,1241.422,1243.246,1246.773,1251.152,1254.922,1258.084,1267.571,1268.057,1273.166,1275.112,1280.706,1285.571,1292.382,1298.22,1303.085,1309.409,1312.815,1322.545,1332.275,1343.464,1239.354,1239.62,1239.811,1240.419,1240.723,1241.346,1242.243,1243.642,1245.162,1246.348,1248.598,1250.118,1251.517,1253.584,1255.53,1257.719,1260.76,1263.193,1265.382,1269.031,1274.139,1277.787,1282.652,1285.085,1288.004,1291.409,1297.734,1303.571,1312.328,1320.599,1331.302,1338.112,1345.896,1356.113,1361.951,1255.036,1255.469,1255.918,1256.366,1257.568,1257.932,1258.601,1259.848,1261.125,1262.524,1265.199,1267.084,1270.125,1272.922,1277.058,1280.463,1285.571,1291.166,1294.571,1298.707,1305.031,1308.923,1311.112,1316.22,1319.626,1323.031,1328.383,1335.193,1343.95,1355.626,1363.41,1370.707,1272.436,1272.702,1272.74,1273.029,1273.645,1274.336,1275.568,1277.879,1279.004,1280.706,1283.2,1284.598,1286.362,1290.801,1294.571,1297.49,1301.139,1303.571,1307.22,1308.193,1313.301,1318.653,1323.761,1326.437,1335.68,1344.437,1350.761,1362.437,1374.113,1380.924,1386.275,1291.896,1292.162,1292.352,1292.831,1293.69,1294.206,1295.575,1297.521,1298.463,1300.166,1302.659,1304.605,1306.734,1310.99,1314.031,1317.923,1323.518,1328.869,1333.248,1338.842,1344.68,1351.734,1354.653,1360.491,1368.761,1375.572,1375.572,1391.627,1402.329,1413.519,1309.751,1310.55,1310.937,1312.298,1313.545,1315.977,1000,1145.218,1148.867,1150.083,1000,1150.083,1000,1000,1000,1000,1000,1000,1000,1000,1000,1000,1000,1000,1000,1000,1203.84,1000,1181.705,1179.273,1000,1000,1000,1208.705,1206.759,1000,1000,1000,1000,1000,1000,1000,1000,1000,1000,1000,1000,1000,1000,1000,1000,1000,1000,1000,1000,1000,1000,1000,1000,1000,1000,1000,1000,1000,1000,1000,1000,1000,1000,1000,1000,1000,1000,1000,1000,1000,1000,1000,1000,1000,1000,1000,1000,1000,1000,1000,1000,1000,1000,1000,1000,1000,1000,1000,1000,1000,1000,1000,1000,1000,1000,1000,1000,1000,1000,1000,1000,1000,1000,1000,1000,1000,1000,1000,1000,1000,1000,1000,1000,1000,1000,1000,1000,1000,1000,1000,1000,1000,1000,1000,1000,1000,1000,1000,1000,1000,1000,1000,1000,1000,1000,1000,1000,1000,1000,1000,1000,1000,1000,1000,1000,1000,1000,1000,1000,1000,1000,1000,1000,1000,1000,1000,1000,1000,1000,1000,1000,1000,1000,1000,1000,1000,1000,1000,1000,1000,1000,1000,1000,1000,1000,1000,1000,1000,1000,1000,1000,1000,1000,1000,1000,1000,1000,1000,1000,1000,1000,1000,1000,1000,1000,1000,1000,1000,1000,1000,1000,1000,1000,1000,1000,1000,1000,1000,1000,1000,1000,1000,1000,1000,1000,1000,1000,1000,1000,1000,1000,1000,1000,1000,1000,1000,1000,1000,1000,1000,1000,1000,1000,1000,1000,1000,1000,1000,1000,1000,1000,1000,1000,1000,1000,1000,1000,1000,1000,1000,1000,1000,1000,1000,1000,1000,1000,1000,1000,1000,1000,1000,1000,1000,1000,1000,1000,1000,1000,1000,1000,1000,1000,1000,1000,1000,1000,1000,1000,1000,1000,1000,1000,1000,1000,1000,1000,1000,1000,1000,1000,1000,1000,1000,1000,1000,1000,1000,1000,1000,1000,1000,1000,1000,1000,1000,1000,1000,1000,1000,1000,1000,1000,1000,1000,1000,1000,1000,1000,1000,1000,1000,1000
1000,1000,1000,1000,1000,1000,1000,1000,1000,1000,1000,1000,1000,1000,1000,1000,1000,1000,1000,1000,1000,1000,1000,1000,1000,1000,1000,1000,1000,1000,1000,1000,1000,1000,1000,1000,1000,1000,1000,1000,1000,1000,1000,1000,1000,1000,1000,1000,1000,1000,1000,1000,1000,1206.395,1209.678,1211.138,1216.003,1218.192,1224.76,1228.408,1236.679,1240.814,1248.598,1254.436,1262.706,1267.084,1274.868,1277.787,1283.625,1288.49,1293.842,1301.625,1192.917,1193.153,1193.647,1194.354,1195.068,1195.783,1196.938,1197.577,1198.276,1198.854,1200.07,1201.408,1203.415,1204.509,1207.246,1208.827,1212.111,1214.422,1220.016,1222.814,1224.76,1228.408,1232.787,1235.949,1240.814,1246.652,1251.03,1255.409,1260.76,1263.679,1269.517,1271.949,1280.706,1283.625,1291.409,1296.274,1306.49,1314.274,1208.485,1208.637,1209.093,1209.215,1209.504,1210.21,1210.864,1211.761,1212.658,1214.604,1215.82,1217.219,1219.287,1220.928,1221.841,1225.125,1228.408,1230.354,1236.071,1238.381,1241.3,1245.192,1248.354,1250.787,1253.949,1256.868,1261.003,1267.084,1273.895,1278.76,1286.544,1290.436,1293.842,1300.166,1306.004,1310.869,1317.68,1329.842,1223.901,1224.167,1224.433,1225.071,1225.687,1226.918,1227.466,1228.712,1229.229,1230.962,1232.3,1234.854,1235.949,1238.017,1238.99,1240.692,1241.787,1245.557,1250.179,1253.949,1257.355,1265.868,1267.571,1273.166,1274.625,1279.247,1283.625,1291.896,1296.76,1302.112,1306.49,1312.815,1321.572,1328.383,1338.599,1345.41,1239.468,1239.697,1240.107,1240.495,1241.057,1242.121,1243.338,1245.162,1246.53,1247.625,1248.841,1250.118,1251.517,1253.949,1257.355,1259.909,1262.706,1264.409,1269.031,1274.139,1276.328,1280.22,1283.139,1284.355,1288.004,1294.815,1302.112,1311.355,1320.599,1330.328,1337.139,1344.923,1354.167,1356.113,1254.922,1255.34,1255.735,1256.207,1257.568,1257.932,1258.905,1260.03,1261.49,1262.767,1265.199,1266.78,1270.125,1272.557,1275.476,1278.274,1283.139,1288.004,1291.896,1297.004,1303.571,1308.193,1310.382,1313.301,1319.139,1323.518,1328.383,1336.167,1346.869,1355.626,1363.41,1369.734,1377.518,1272.626,1272.74,1273.082,1273.645,1274.336,1275.568,1277.544,1278.639,1280.524,1282.713,1284.294,1286.058,1289.706,1293.842,1297.125,1300.288,1302.599,1306.004,1307.707,1312.572,1317.437,1323.274,1327.166,1335.68,1345.41,1353.68,1362.437,1373.14,1379.951,1386.275,1396.005,1292.124,1292.276,1292.595,1293.34,1293.887,1295.027,1297.004,1298.281,1299.984,1302.416,1304.605,1307.099,1310.626,1314.031,1318.288,1323.518,1328.869,1333.248,1338.112,1342.004,1348.086,1351.734,1358.545,1367.302,1378.491,1379.951,1392.6,1398.438,1409.627,1309.447,1310.056,1310.344,1311.933,1313.089,1315.612,1000,1146.1,1148.867,1150.083,1000,1155.678,1000,1000,1000,1000,1000,1000,1000,1000,1000,1000,1000,1000,1000,1000,1196.543,1181.219,1181.705,1181.219,1000,1000,1213.084,1221.354,1219.408,1000,1000,1000,1000,1000,1000,1000,1000,1000,1000,1000,1000,1000,1000,1000,1000,1147.529,1000,1000,1000,1000,1000,1000,1000,1000,1000,1000,1000,1000,1000,1000,1000,1000,1000,1000,1000,1000,1000,1000,1000,1000,1000,1000,1000,1000,1000,1000,1000,1000,1000,1000,1000,1000,1000,1000,1000,1000,1000,1000,1000,1000,1000,1000,1000,1000,1000,1000,1000,1000,1000,1000,1000,1000,1000,1000,1000,1000,1000,1000,1000,1000,1000,1000,1000,1000,1000,1000,1000,1000,1000,1000,1000,1000,1000,1000,1000,1000,1000,1000,1000,1000,1000,1000,1000,1000,1000,1000,1000,1000,1000,1000,1000,1000,1000,1000,1000,1000,1000,1000,1000,1000,1000,1000,1000,1000,1000,1000,1000,1000,1000,1000,1000,1000,1000,1000,1000,1000,1000,1000,1000,1000,1000,1000,1000,1000,1000,1000,1000,1000,1000,1000,1000,1000,1000,1000,1000,1000,1000,1000,1000,1000,1000,1000,1000,1000,1000,1000,1000,1000,1000,1000,1000,1000,1000,1000,1000,1000,1000,1000,1000,1000,1000,1000,1000,1000,1000,1000,1000,1000,1000,1000,1000,1000,1000,1000,1000,1000,1000,1000,1000,1000,1000,1000,1000,1000,1000,1000,1000,1000,1000,1000,1000,1000,1000,1000,1000,1000,1000,1000,1000,1000,1000,1000,1000,1000,1000,1000,1000,1000,1000,1000,1000,1000,1000,1000,1000,1000,1000,1000,1000,1000,1000,1000,1000,1000,1000,1000,1000,1000,1000,1000,1000,1000,1000,1000,1000,1000,1000,1000,1000,1000,1000,1000,1000,1000,1000,1000,1000,1000,1000,1000,1000,1000,1000,1000,1000,1000,1000,1000,1000,1000,1000,1000,1000,1000,1000,1000,1000,1000,1000,1000,1000,1000,1000
1000,1000,1000,1000,1000,1000,1000,1000,1000,1000,1000,1000,1000,1000,1000,1000,1000,1000,1000,1000,1000,1000,1000,1000,1000,1000,1000,1000,1000,1000,1000,1000,1000,1000,1000,1000,1000,1000,1000,1000,1000,1000,1000,1000,1000,1000,1000,1000,1000,1000,1000,1000,1000,1205.908,1208.705,1210.165,1213.814,1216.489,1221.597,1226.462,1235.219,1240.327,1246.165,1250.057,1257.355,1262.706,1269.031,1274.868,1282.652,1287.517,1293.842,1301.625,1192.879,1193.198,1193.791,1194.552,1195.296,1195.783,1196.938,1197.394,1198.276,1199.036,1200.253,1201.651,1203.719,1204.266,1207.246,1208.827,1211.746,1213.57,1218.678,1220.868,1222.814,1225.733,1231.084,1234.733,1239.598,1245.436,1252.976,1255.895,1262.22,1265.625,1268.544,1269.517,1278.274,1281.679,1289.463,1294.328,1312.328,1315.247,1208.485,1208.599,1208.971,1209.032,1209.283,1209.922,1210.423,1211.107,1212.05,1213.844,1214.786,1215.82,1217.462,1219.287,1220.928,1223.422,1226.949,1229.989,1233.76,1236.922,1240.814,1243.49,1247.382,1249.571,1253.219,1256.868,1260.274,1266.598,1270.003,1276.814,1284.112,1288.49,1293.842,1298.22,1303.085,1310.869,1317.68,1326.923,1223.863,1224.167,1224.486,1225.071,1225.581,1226.554,1227.466,1228.712,1229.047,1230.962,1232.057,1234.55,1235.949,1237.713,1238.99,1241.422,1242.881,1246.409,1249.328,1252.976,1255.409,1261.247,1265.139,1271.22,1274.625,1279.247,1285.571,1290.923,1297.247,1302.112,1305.031,1310.869,1321.572,1327.41,1339.572,1347.356,1239.544,1239.734,1240,1240.35,1240.799,1241.772,1242.486,1244.615,1245.922,1247.199,1248.598,1250.118,1251.213,1253.28,1256.26,1259.544,1262.706,1264.044,1270.003,1274.139,1275.598,1278.517,1281.922,1284.355,1288.004,1294.815,1301.139,1311.355,1320.599,1329.356,1336.167,1342.977,1352.221,1354.167,1363.896,1255.302,1255.735,1256.366,1257.568,1257.932,1258.905,1260.182,1261.733,1263.01,1265.199,1267.632,1271.098,1273.287,1277.058,1279.977,1283.139,1286.058,1291.166,1295.788,1302.355,1306.977,1310.382,1311.842,1316.707,1321.572,1325.95,1333.248,1342.977,1353.68,1360.491,1367.788,1376.545,1272.474,1272.588,1272.816,1273.432,1273.88,1275.446,1277.179,1278.821,1280.524,1283.2,1284.598,1286.362,1288.977,1292.99,1296.274,1298.828,1301.625,1305.517,1308.193,1312.085,1316.707,1321.815,1326.437,1332.761,1342.004,1351.734,1359.518,1370.221,1378.978,1386.275,1396.978,1292.124,1292.314,1292.709,1293.34,1293.598,1294.541,1296.183,1297.521,1300.166,1303.207,1305.822,1309.166,1312.085,1314.031,1317.923,1322.545,1328.139,1332.761,1338.112,1342.004,1348.086,1352.221,1360.005,1371.194,1383.843,1389.681,1402.329,1409.627,1415.465,1309.523,1309.865,1310.109,1311.31,1312.541,1314.67,1000,1145.37,1147.711,1150.083,1000,1000,1000,1000,1000,1000,1000,1000,1000,1000,1000,1000,1000,1000,1000,1000,1195.57,1184.624,1188.273,1189.732,1000,1000,1208.705,1217.949,1212.111,1000,1000,1000,1000,1000,1000,1000,1000,1000,1000,1000,1000,1000,1000,1000,1000,1147.286,1000,1000,1000,1000,1000,1000,1000,1000,1000,1000,1000,1000,1000,1000,1000,1000,1000,1000,1000,1000,1000,1000,1000,1000,1000,1000,1000,1000,1000,1000,1000,1000,1000,1000,1000,1000,1000,1000,1000,1000,1000,1000,1000,1000,1000,1000,1000,1000,1000,1000,1000,1000,1000,1000,1000,1000,1000,1000,1000,1000,1000,1000,1000,1000,1000,1000,1000,1000,1000,1000,1000,1000,1000,1000,1000,1000,1000,1000,1000,1000,1000,1000,1000,1000,1000,1000,1000,1000,1000,1000,1000,1000,1000,1000,1000,1000,1000,1000,1000,1000,1000,1000,1000,1000,1000,1000,1000,1000,1000,1000,1000,1000,1000,1000,1000,1000,1000,1000,1000,1000,1000,1000,1000,1000,1000,1000,1000,1000,1000,1000,1000,1000,1000,1000,1000,1000,1000,1000,1000,1000,1000,1000,1000,1000,1000,1000,1000,1000,1000,1000,1000,1000,1000,1000,1000,1000,1000,1000,1000,1000,1000,1000,1000,1000,1000,1000,1000,1000,1000,1000,1000,1000,1000,1000,1000,1000,1000,1000,1000,1000,1000,1000,1000,1000,1000,1000,1000,1000,1000,1000,1000,1000,1000,1000,1000,1000,1000,1000,1000,1000,1000,1000,1000,1000,1000,1000,1000,1000,1000,1000,1000,1000,1000,1000,1000,1000,1000,1000,1000,1000,1000,1000,1000,1000,1000,1000,1000,1000,1000,1000,1000,1000,1000,1000,1000,1000,1000,1000,1000,1000,1000,1000,1000,1000,1000,1000,1000,1000,1000,1000,1000,1000,1000,1000,1000,1000,1000,1000,1000,1000,1000,1000,1000,1000,1000,1000,1000,1000,1000,1000,1000,1000,1000,1000,1000,1000,1000
1000,1000,1000,1000,1000,1000,1000,1000,1000,1000,1000,1000,1000,1000,1000,1000,1000,1000,1000,1000,1000,1000,1000,1000,1000,1000,1000,1000,1000,1000,1000,1000,1000,1000,1000,1000,1000,1000,1000,1000,1000,1000,1000,1000,1000,1000,1000,1000,1000,1000,1000,1000,1000,1000,1209.192,1208.705,1213.327,1215.273,1218.678,1221.597,1228.408,1235.219,1242.273,1247.138,1255.895,1262.706,1268.057,1274.868,1282.652,1286.544,1289.463,1297.734,1192.689,1192.955,1193.464,1194.354,1194.856,1195.418,1196.193,1196.938,1197.394,1198.459,1199.462,1200.922,1203.172,1204.509,1207.489,1208.827,1212.111,1214.057,1218.678,1221.354,1224.76,1228.895,1233.516,1235.949,1240.814,1245.436,1251.517,1255.409,1260.76,1263.193,1267.084,1267.084,1272.922,1278.274,1286.544,1291.409,1302.112,1310.382,1208.257,1208.561,1208.865,1209.032,1209.154,1209.838,1210.317,1210.864,1211.761,1213.661,1214.786,1216.064,1217.462,1219.287,1220.685,1224.03,1226.949,1230.841,1234.246,1236.922,1240.327,1243.49,1246.165,1250.301,1254.436,1257.598,1262.949,1268.544,1271.463,1277.787,1283.625,1288.49,1290.923,1298.22,1303.085,1308.923,1314.761,1325.95,1223.787,1224.129,1224.38,1224.722,1225.315,1226.204,1227.329,1228.378,1228.895,1230.172,1231.631,1234.064,1235.949,1238.017,1239.963,1242.517,1243.976,1245.557,1249.328,1252.003,1254.436,1257.355,1262.22,1265.868,1271.949,1277.787,1284.112,1290.436,1298.22,1302.112,1306.49,1311.842,1322.545,1327.41,1337.626,1346.383,1239.43,1239.62,1239.902,1240.289,1240.495,1241.346,1242.243,1243.642,1244.979,1246.165,1247.199,1248.841,1250.665,1252.368,1256.625,1259.179,1262.341,1264.409,1270.003,1271.949,1274.625,1277.301,1281.922,1283.625,1288.004,1295.544,1302.599,1309.896,1318.653,1328.383,1335.193,1342.004,1352.221,1357.086,1255.036,1255.378,1255.857,1256.541,1257.446,1257.689,1258.601,1259.513,1260.73,1262.098,1263.679,1266.233,1269.517,1272.193,1275.112,1279.125,1281.801,1285.085,1289.22,1295.058,1300.652,1306.247,1308.923,1313.788,1317.68,1323.031,1327.896,1335.193,1342.004,1353.68,1357.572,1364.383,1372.653,1379.464,1272.55,1272.892,1273.432,1273.964,1275.203,1276.875,1278.426,1280.524,1283.504,1285.45,1287.274,1288.977,1292.26,1294.571,1297.125,1300.288,1305.031,1308.68,1313.301,1317.437,1323.274,1327.896,1335.193,1344.437,1355.14,1365.356,1376.059,1382.87,1388.221,1396.978,1292.086,1292.238,1292.595,1293.264,1293.796,1294.419,1295.575,1296.639,1299.497,1301.382,1304.909,1307.463,1311.355,1312.815,1316.585,1321.572,1329.842,1335.193,1340.545,1345.167,1352.221,1356.113,1362.924,1375.572,1385.789,1392.6,1400.384,1406.708,1407.681,1416.438,1309.713,1310.056,1311.31,1312.952,1314.335,1000,1146.313,1150.083,1151.725,1000,1000,1000,1000,1000,1000,1000,1000,1000,1000,1000,1000,1000,1000,1000,1000,1187.3,1178.543,1181.705,1000,1000,1000,1218.435,1222.327,1217.949,1000,1000,1000,1000,1000,1000,1000,1000,1000,1000,1000,1000,1000,1000,1000,1000,1148.624,1000,1000,1000,1000,1000,1000,1000,1000,1000,1000,1000,1000,1000,1000,1000,1000,1000,1000,1000,1000,1000,1000,1000,1000,1000,1000,1000,1000,1000,1000,1000,1000,1000,1000,1000,1000,1000,1000,1000,1000,1000,1000,1000,1000,1000,1000,1000,1000,1000,1000,1000,1000,1000,1000,1000,1000,1000,1000,1000,1000,1000,1000,1000,1000,1000,1000,1000,1000,1000,1000,1000,1000,1000,1000,1000,1000,1000,1000,1000,1000,1000,1000,1000,1000,1000,1000,1000,1000,1000,1000,1000,1000,1000,1000,1000,1000,1000,1000,1000,1000,1000,1000,1000,1000,1000,1000,1000,1000,1000,1000,1000,1000,1000,1000,1000,1000,1000,1000,1000,1000,1000,1000,1000,1000,1000,1000,1000,1000,1000,1000,1000,1000,1000,1000,1000,1000,1000,1000,1000,1000,1000,1000,1000,1000,1000,1000,1000,1000,1000,1000,1000,1000,1000,1000,1000,1000,1000,1000,1000,1000,1000,1000,1000,1000,1000,1000,1000,1000,1000,1000,1000,1000,1000,1000,1000,1000,1000,1000,1000,1000,1000,1000,1000,1000,1000,1000,1000,1000,1000,1000,1000,1000,1000,1000,1000,1000,1000,1000,1000,1000,1000,1000,1000,1000,1000,1000,1000,1000,1000,1000,1000,1000,1000,1000,1000,1000,1000,1000,1000,1000,1000,1000,1000,1000,1000,1000,1000,1000,1000,1000,1000,1000,1000,1000,1000,1000,1000,1000,1000,1000,1000,1000,1000,1000,1000,1000,1000,1000,1000,1000,1000,1000,1000,1000,1000,1000,1000,1000,1000,1000,1000,1000,1000,1000,1000,1000,1000,1000,1000,1000,1000,1000,1000,1000,1000,1000,1000
1000,1000,1000,1000,1000,1000,1000,1000,1000,1000,1000,1000,1000,1000,1000,1000,1000,1000,1000,1000,1000,1000,1000,1000,1000,1000,1000,1000,1000,1000,1000,1000,1000,1000,1000,1000,1000,1000,1000,1000,1000,1000,1000,1000,1000,1000,1000,1000,1000,1000,1000,1000,1000,1000,1209.678,1209.678,1214.3,1216.003,1219.165,1221.111,1226.462,1233.03,1240.814,1244.706,1252.003,1259.301,1266.111,1271.949,1282.652,1287.517,1289.463,1296.76,1192.689,1192.879,1193.198,1193.86,1194.354,1194.856,1195.661,1196.634,1197.242,1198.276,1199.644,1201.165,1202.624,1204.813,1206.881,1208.462,1211.016,1214.422,1218.678,1221.354,1224.273,1227.922,1232.3,1234.003,1238.868,1243.976,1249.571,1255.409,1262.22,1260.76,1265.625,1269.517,1271.949,1276.328,1286.544,1292.382,1303.085,1310.382,1317.193,1208.485,1208.721,1208.865,1209.215,1209.747,1210.21,1210.743,1212.05,1213.145,1213.844,1214.786,1216.733,1218.192,1219.834,1222.814,1225.854,1229.625,1233.273,1236.071,1240.327,1244.463,1247.868,1252.003,1255.165,1257.598,1260.274,1267.084,1268.544,1275.355,1281.679,1287.517,1290.923,1298.22,1302.112,1307.95,1315.734,1329.842,1332.761,1224.091,1224.433,1224.661,1225.489,1226.098,1227.055,1227.922,1228.53,1229.594,1231.206,1233.03,1234.854,1238.017,1240.692,1242.517,1244.706,1246.773,1248.476,1250.179,1253.463,1255.409,1259.544,1265.139,1272.436,1277.787,1284.112,1290.436,1298.22,1300.652,1305.031,1309.409,1319.626,1324.491,1334.22,1343.464,1239.468,1239.697,1239.902,1240.168,1240.495,1241.255,1242.243,1243.642,1244.979,1246.165,1247.868,1249.328,1250.422,1252.368,1254.922,1256.99,1260.76,1262.341,1269.031,1271.463,1273.652,1276.814,1281.436,1283.625,1289.463,1297.004,1303.571,1309.896,1316.22,1324.977,1333.248,1343.95,1353.194,1359.032,1254.998,1255.302,1255.621,1256.541,1257.446,1257.932,1258.905,1259.666,1260.365,1261.733,1263.436,1266.233,1269.152,1271.828,1274.017,1278.274,1279.612,1283.139,1288.004,1295.058,1298.707,1304.301,1308.193,1311.112,1313.301,1322.058,1325.95,1335.193,1341.518,1352.707,1355.626,1365.356,1371.68,1272.436,1272.626,1272.892,1273.31,1274.055,1275.081,1276.419,1278.426,1280.037,1281.679,1283.504,1285.146,1286.362,1289.342,1292.99,1296.274,1300.288,1305.517,1310.382,1314.518,1318.653,1323.761,1327.166,1333.734,1342.004,1354.653,1365.356,1377.032,1382.87,1390.167,1291.896,1292.048,1292.2,1292.542,1293.264,1293.887,1294.663,1295.879,1297.156,1299.984,1301.625,1304.605,1307.099,1310.99,1312.085,1316.585,1320.599,1329.356,1333.248,1338.842,1342.734,1350.275,1356.113,1363.896,1375.572,1387.735,1394.546,1400.384,1408.654,1409.627,1309.409,1309.751,1310.162,1311.203,1313.393,1314.67,1000,1145.552,1147.955,1000,1000,1000,1000,1000,1000,1000,1000,1000,1000,1000,1000,1000,1000,1000,1000,1000,1000,1186.083,1185.354,1190.219,1000,1000,1222.327,1224.76,1221.354,1000,1000,1000,1000,1000,1000,1000,1000,1000,1000,1000,1000,1000,1000,1000,1000,1150.63,1147.529,1147.955,1000,1000,1000,1000,1000,1000,1000,1000,1000,1000,1000,1000,1000,1000,1000,1000,1000,1000,1000,1000,1000,1000,1000,1000,1000,1000,1000,1000,1000,1000,1000,1000,1000,1000,1000,1000,1000,1000,1000,1000,1000,1000,1000,1000,1000,1000,1000,1000,1000,1000,1000,1000,1000,1000,1000,1000,1000,1000,1000,1000,1000,1000,1000,1000,1000,1000,1000,1000,1000,1000,1000,1000,1000,1000,1000,1000,1000,1000,1000,1000,1000,1000,1000,1000,1000,1000,1000,1000,1000,1000,1000,1000,1000,1000,1000,1000,1000,1000,1000,1000,1000,1000,1000,1000,1000,1000,1000,1000,1000,1000,1000,1000,1000,1000,1000,1000,1000,1000,1000,1000,1000,1000,1000,1000,1000,1000,1000,1000,1000,1000,1000,1000,1000,1000,1000,1000,1000,1000,1000,1000,1000,1000,1000,1000,1000,1000,1000,1000,1000,1000,1000,1000,1000,1000,1000,1000,1000,1000,1000,1000,1000,1000,1000,1000,1000,1000,1000,1000,1000,1000,1000,1000,1000,1000,1000,1000,1000,1000,1000,1000,1000,1000,1000,1000,1000,1000,1000,1000,1000,1000,1000,1000,1000,1000,1000,1000,1000,1000,1000,1000,1000,1000,1000,1000,1000,1000,1000,1000,1000,1000,1000,1000,1000,1000,1000,1000,1000,1000,1000,1000,1000,1000,1000,1000,1000,1000,1000,1000,1000,1000,1000,1000,1000,1000,1000,1000,1000,1000,1000,1000,1000,1000,1000,1000,1000,1000,1000,1000,1000,1000,1000,1000,1000,1000,1000,1000,1000,1000,1000,1000,1000,1000,1000,1000,1000,1000,1000,1000,1000,1000,1000,1000,1000,1000,1000
1000,1000,1000,1000,1000,1000,1000,1000,1000,1000,1000,1000,1000,1000,1000,1000,1000,1000,1000,1000,1000,1000,1000,1000,1000,1000,1000,1000,1000,1000,1000,1000,1000,1000,1000,1000,1000,1000,1000,1000,1000,1000,1000,1000,1000,1000,1000,1000,1000,1000,1000,1000,1000,1000,1000,1207.732,1211.138,1212.597,1216.489,1219.895,1224.03,1229.868,1235.219,1238.868,1244.706,1253.463,1260.274,1267.084,1277.787,1282.652,1285.571,1293.842,1300.652,1192.765,1193.069,1193.586,1193.936,1194.445,1195.418,1196.634,1197.577,1199.462,1200.253,1201.895,1202.928,1203.962,1206.273,1208.827,1210.651,1212.841,1216.854,1219.043,1222.327,1225.246,1230.111,1231.084,1235.219,1240.814,1246.652,1251.03,1256.868,1259.787,1263.193,1267.084,1270.976,1277.301,1283.625,1290.436,1298.22,1306.49,1312.328,1208.333,1208.561,1208.766,1209.093,1209.838,1210.317,1210.864,1212.05,1213.327,1214.422,1215.395,1216.489,1218.496,1219.834,1222.145,1225.489,1228.773,1232.057,1235.584,1240.327,1243.003,1245.679,1249.571,1252.003,1253.949,1259.057,1264.409,1267.084,1275.355,1281.193,1286.544,1291.896,1298.22,1303.085,1309.896,1318.653,1325.95,1332.761,1223.901,1224.288,1224.486,1225.231,1225.885,1227.192,1227.77,1228.53,1229.229,1230.78,1232.3,1234.307,1237.104,1239.598,1241.422,1243.246,1245.557,1246.773,1248.841,1251.638,1254.436,1259.057,1263.436,1271.949,1277.058,1282.166,1288.49,1298.22,1300.652,1306.49,1311.842,1323.518,1326.437,1335.193,1343.464,1239.392,1239.697,1239.947,1240.168,1240.563,1241.452,1242,1243.338,1244.797,1245.922,1247.625,1248.841,1249.328,1251.213,1254.557,1256.625,1261.49,1264.409,1269.517,1271.949,1275.112,1277.301,1281.436,1285.085,1290.679,1297.734,1303.571,1311.355,1317.193,1324.977,1330.328,1342.977,1352.221,1359.032,1254.998,1255.34,1255.621,1256.29,1256.823,1257.689,1258.464,1259.513,1260.365,1261.916,1263.01,1265.99,1268.24,1271.098,1272.557,1277.058,1278.274,1281.801,1286.058,1293.355,1296.274,1301.139,1305.031,1310.382,1313.301,1323.031,1327.896,1337.626,1342.004,1351.734,1354.653,1364.383,1368.761,1378.491,1272.664,1272.892,1273.188,1273.88,1274.853,1275.978,1278.061,1280.037,1282.166,1284.051,1285.146,1286.666,1289.342,1292.26,1296.274,1300.652,1306.004,1312.572,1316.707,1321.815,1328.626,1331.302,1335.68,1342.977,1351.734,1363.41,1376.059,1380.924,1390.167,1396.005,1291.934,1292.162,1292.489,1293.34,1294.206,1295.164,1296.031,1297.521,1300.409,1302.173,1304.058,1306.734,1310.626,1311.355,1315.247,1320.599,1328.139,1332.761,1337.626,1342.004,1348.815,1355.14,1363.896,1375.572,1383.843,1392.6,1396.492,1406.708,1411.573,1309.485,1309.751,1310.162,1310.55,1312.055,1000,1000,1000,1151.968,1000,1000,1000,1000,1000,1000,1000,1000,1000,1000,1000,1000,1000,1000,1000,1000,1000,1198.975,1190.219,1191.192,1000,1000,1000,1000,1231.084,1000,1000,1000,1000,1000,1000,1000,1000,1000,1000,1000,1000,1000,1000,1000,1000,1000,1148.867,1145.552,1145.036,1000,1000,1000,1000,1000,1000,1000,1000,1000,1000,1000,1000,1000,1000,1000,1000,1000,1000,1000,1000,1000,1000,1000,1000,1000,1000,1000,1000,1000,1000,1000,1000,1000,1000,1000,1000,1000,1000,1000,1000,1000,1000,1000,1000,1000,1000,1000,1000,1000,1000,1000,1000,1000,1000,1000,1000,1000,1000,1000,1000,1000,1000,1000,1000,1000,1000,1000,1000,1000,1000,1000,1000,1000,1000,1000,1000,1000,1000,1000,1000,1000,1000,1000,1000,1000,1000,1000,1000,1000,1000,1000,1000,1000,1000,1000,1000,1000,1000,1000,1000,1000,1000,1000,1000,1000,1000,1000,1000,1000,1000,1000,1000,1000,1000,1000,1000,1000,1000,1000,1000,1000,1000,1000,1000,1000,1000,1000,1000,1000,1000,1000,1000,1000,1000,1000,1000,1000,1000,1000,1000,1000,1000,1000,1000,1000,1000,1000,1000,1000,1000,1000,1000,1000,1000,1000,1000,1000,1000,1000,1000,1000,1000,1000,1000,1000,1000,1000,1000,1000,1000,1000,1000,1000,1000,1000,1000,1000,1000,1000,1000,1000,1000,1000,1000,1000,1000,1000,1000,1000,1000,1000,1000,1000,1000,1000,1000,1000,1000,1000,1000,1000,1000,1000,1000,1000,1000,1000,1000,1000,1000,1000,1000,1000,1000,1000,1000,1000,1000,1000,1000,1000,1000,1000,1000,1000,1000,1000,1000,1000,1000,1000,1000,1000,1000,1000,1000,1000,1000,1000,1000,1000,1000,1000,1000,1000,1000,1000,1000,1000,1000,1000,1000,1000,1000,1000,1000,1000,1000,1000,1000,1000,1000,1000,1000,1000,1000,1000,1000,1000,1000,1000,1000,1000,1000,1000
1000,1000,1000,1000,1000,1000,1000,1000,1000,1000,1000,1000,1000,1000,1000,1000,1000,1000,1000,1000,1000,1000,1000,1000,1000,1000,1000,1000,1000,1000,1000,1000,1000,1000,1000,1000,1000,1000,1000,1000,1000,1000,1000,1000,1000,1000,1000,1000,1000,1000,1000,1000,1000,1000,1000,1206.881,1209.192,1213.814,1216.976,1218.678,1222.814,1227.679,1233.03,1235.949,1242.273,1252.49,1258.328,1266.111,1276.814,1281.679,1286.544,1296.76,1301.625,1192.803,1193.069,1193.464,1193.647,1194.179,1195.068,1196.193,1197.394,1199.036,1199.644,1200.922,1202.138,1203.415,1204.813,1207.246,1209.192,1211.746,1215.638,1219.043,1222.327,1225.733,1227.922,1231.084,1234.003,1239.598,1243.49,1247.382,1255.895,1259.301,1263.679,1268.544,1271.949,1277.301,1283.625,1290.436,1298.22,1308.436,1314.274,1208.371,1208.599,1208.721,1209.093,1209.587,1210.119,1210.53,1211.761,1212.81,1214.209,1214.786,1216.976,1217.949,1219.834,1221.537,1225.489,1228.043,1231.206,1233.76,1236.922,1240.327,1243.003,1247.382,1250.301,1253.949,1260.274,1262.949,1267.084,1272.922,1280.22,1283.625,1288.49,1296.274,1305.031,1311.842,1322.058,1330.815,1223.863,1224.015,1224.38,1224.661,1225.406,1225.778,1226.918,1227.329,1228.378,1229.047,1230.354,1231.875,1233.273,1235.645,1237.713,1241.057,1242.152,1243.976,1246.773,1248.476,1250.665,1253.949,1260.76,1263.922,1272.436,1277.787,1281.436,1287.031,1295.788,1298.22,1304.058,1309.409,1318.653,1324.491,1334.22,1342.491,1239.468,1239.697,1239.856,1240,1240.419,1241.057,1241.559,1242.76,1244.28,1245.557,1246.956,1248.841,1249.632,1250.969,1253.949,1255.895,1259.909,1265.382,1269.517,1271.949,1275.598,1279.004,1280.22,1285.085,1290.193,1296.274,1300.652,1307.463,1314.761,1324.004,1328.383,1341.031,1349.788,1356.113,1360.978,1255.112,1255.226,1255.735,1256.207,1256.914,1257.568,1258.753,1259.848,1261.125,1262.341,1265.199,1267.084,1269.517,1271.463,1276.693,1278.274,1282.287,1285.085,1290.679,1292.382,1298.22,1301.869,1307.707,1312.572,1322.058,1326.923,1333.248,1336.167,1347.842,1351.734,1361.464,1366.329,1377.518,1272.664,1272.778,1272.983,1273.645,1274.427,1275.203,1277.879,1279.612,1282.409,1284.051,1286.362,1286.666,1289.342,1291.531,1295.788,1299.315,1305.517,1310.869,1314.518,1319.869,1325.707,1330.085,1335.68,1342.004,1350.275,1361.464,1372.167,1378.005,1389.194,1291.896,1292.01,1292.276,1292.709,1293.34,1294.1,1295.164,1295.879,1297.338,1299.74,1301.869,1303.207,1306.49,1309.531,1310.626,1313.301,1319.261,1326.68,1331.058,1336.167,1343.95,1350.761,1359.032,1369.734,1378.491,1383.843,1390.654,1391.627,1407.681,1408.654,1309.485,1309.789,1310.55,1310.344,1312.541,1000,1000,1000,1000,1000,1000,1000,1000,1000,1000,1000,1000,1149.597,1150.874,1151.968,1000,1000,1000,1000,1000,1206.273,1196.543,1191.192,1188.273,1202.867,1000,1000,1000,1000,1000,1000,1000,1000,1000,1000,1000,1000,1000,1000,1000,1000,1000,1000,1000,1000,1000,1150.083,1146.677,1146.313,1000,1000,1000,1000,1000,1000,1000,1000,1000,1000,1000,1000,1000,1000,1000,1000,1000,1000,1000,1000,1000,1000,1000,1000,1000,1000,1000,1000,1000,1000,1000,1000,1000,1000,1000,1000,1000,1000,1000,1000,1000,1000,1000,1000,1000,1000,1000,1000,1000,1000,1000,1000,1000,1000,1000,1000,1000,1000,1000,1000,1000,1000,1000,1000,1000,1000,1000,1000,1000,1000,1000,1000,1000,1000,1000,1000,1000,1000,1000,1000,1000,1000,1000,1000,1000,1000,1000,1000,1000,1000,1000,1000,1000,1000,1000,1000,1000,1000,1000,1000,1000,1000,1000,1000,1000,1000,1000,1000,1000,1000,1000,1000,1000,1000,1000,1000,1000,1000,1000,1000,1000,1000,1000,1000,1000,1000,1000,1000,1000,1000,1000,1000,1000,1000,1000,1000,1000,1000,1000,1000,1000,1000,1000,1000,1000,1000,1000,1000,1000,1000,1000,1000,1000,1000,1000,1000,1000,1000,1000,1000,1000,1000,1000,1000,1000,1000,1000,1000,1000,1000,1000,1000,1000,1000,1000,1000,1000,1000,1000,1000,1000,1000,1000,1000,1000,1000,1000,1000,1000,1000,1000,1000,1000,1000,1000,1000,1000,1000,1000,1000,1000,1000,1000,1000,1000,1000,1000,1000,1000,1000,1000,1000,1000,1000,1000,1000,1000,1000,1000,1000,1000,1000,1000,1000,1000,1000,1000,1000,1000,1000,1000,1000,1000,1000,1000,1000,1000,1000,1000,1000,1000,1000,1000,1000,1000,1000,1000,1000,1000,1000,1000,1000,1000,1000,1000,1000,1000,1000,1000,1000,1000,1000,1000,1000,1000,1000,1000,1000,1000,1000,1000,1000,1000,1000,1000
1000,1000,1000,1000,1000,1000,1000,1000,1000,1000,1000,1000,1000,1000,1000,1000,1000,1000,1000,1000,1000,1000,1000,1000,1000,1000,1000,1000,1000,1000,1000,1000,1000,1000,1000,1000,1000,1000,1000,1000,1000,1000,1000,1000,1000,1000,1000,1000,1000,1000,1000,1000,1000,1000,1000,1000,1208.219,1211.624,1215.273,1218.192,1224.03,1229.138,1235.219,1237.408,1243.733,1252.003,1256.868,1263.679,1271.949,1277.787,1282.652,1291.896,1297.734,1192.651,1192.955,1193.244,1193.404,1193.936,1194.749,1195.661,1196.634,1198.641,1199.462,1200.922,1202.381,1203.719,1204.813,1207.246,1209.192,1211.381,1214.786,1218.192,1221.354,1224.76,1228.895,1231.814,1234.733,1238.381,1240.814,1245.436,1251.03,1255.895,1261.247,1266.111,1270.976,1276.328,1283.625,1287.517,1296.274,1304.058,1311.355,1208.333,1208.675,1208.721,1209.154,1209.663,1210.013,1210.423,1211.898,1212.81,1214.209,1215.212,1217.219,1217.705,1220.685,1222.145,1225.854,1228.773,1231.571,1233.76,1237.408,1239.841,1243.003,1246.165,1250.787,1253.219,1259.544,1262.949,1267.084,1272.436,1280.22,1283.625,1289.463,1297.247,1305.031,1309.896,1321.085,1330.815,1223.825,1224.015,1224.243,1224.6,1225.071,1225.406,1226.432,1227.055,1227.77,1228.53,1229.777,1231.206,1233.03,1235.098,1237.104,1239.598,1241.422,1243.611,1246.409,1248.476,1251.152,1255.409,1259.057,1264.652,1271.949,1275.841,1279.247,1285.571,1291.896,1296.76,1304.058,1308.436,1317.68,1328.383,1337.626,1340.545,1239.468,1239.734,1239.811,1239.902,1240.419,1240.974,1241.346,1242.76,1244.28,1244.979,1246.53,1249.084,1249.632,1251.821,1255.165,1256.99,1259.544,1265.382,1267.571,1270.003,1272.922,1277.301,1278.517,1282.652,1288.733,1296.274,1299.68,1306.49,1314.761,1321.572,1325.95,1337.139,1343.95,1348.815,1355.14,1254.96,1255.15,1255.621,1256.062,1256.716,1257.339,1258.464,1259.361,1260.912,1262.098,1264.409,1265.686,1267.936,1270.125,1274.382,1277.058,1282.774,1285.571,1290.193,1291.166,1296.274,1298.22,1305.031,1307.707,1316.707,1320.599,1328.383,1331.788,1342.004,1348.815,1360.491,1365.356,1378.491,1272.702,1272.983,1273.188,1273.964,1274.427,1275.081,1276.571,1278.821,1281.193,1283.504,1286.058,1288.612,1290.801,1293.355,1297.977,1301.625,1304.544,1309.896,1314.518,1319.382,1324.491,1328.626,1335.68,1341.031,1350.275,1361.464,1372.167,1378.978,1389.194,1394.059,1291.934,1292.162,1292.595,1293.34,1294.541,1295.575,1296.487,1298.281,1300.409,1301.869,1303.207,1305.822,1308.072,1309.531,1312.45,1319.261,1325.464,1329.842,1335.193,1341.275,1349.545,1356.113,1367.788,1377.518,1383.843,1386.762,1389.681,1402.329,1405.735,1309.447,1310.223,1311.401,1311.507,1000,1000,1000,1000,1000,1000,1000,1000,1000,1000,1000,1000,1000,1149.597,1151.178,1000,1000,1000,1000,1000,1000,1206.759,1197.03,1191.192,1188.273,1200.435,1000,1000,1234.003,1238.868,1240.814,1000,1000,1000,1000,1000,1000,1000,1000,1000,1000,1000,1000,1000,1000,1000,1000,1147.103,1146.495,1145.37,1000,1000,1000,1000,1000,1000,1000,1000,1000,1000,1000,1000,1000,1000,1000,1000,1000,1000,1000,1000,1000,1000,1000,1000,1000,1000,1000,1000,1000,1000,1000,1000,1000,1000,1000,1000,1000,1000,1000,1000,1000,1000,1000,1000,1000,1000,1000,1000,1000,1000,1000,1000,1000,1000,1000,1000,1000,1000,1000,1000,1000,1000,1000,1000,1000,1000,1000,1000,1000,1000,1000,1000,1000,1000,1000,1000,1000,1000,1000,1000,1000,1000,1000,1000,1000,1000,1000,1000,1000,1000,1000,1000,1000,1000,1000,1000,1000,1000,1000,1000,1000,1000,1000,1000,1000,1000,1000,1000,1000,1000,1000,1000,1000,1000,1000,1000,1000,1000,1000,1000,1000,1000,1000,1000,1000,1000,1000,1000,1000,1000,1000,1000,1000,1000,1000,1000,1000,1000,1000,1000,1000,1000,1000,1000,1000,1000,1000,1000,1000,1000,1000,1000,1000,1000,1000,1000,1000,1000,1000,1000,1000,1000,1000,1000,1000,1000,1000,1000,1000,1000,1000,1000,1000,1000,1000,1000,1000,1000,1000,1000,1000,1000,1000,1000,1000,1000,1000,1000,1000,1000,1000,1000,1000,1000,1000,1000,1000,1000,1000,1000,1000,1000,1000,1000,1000,1000,1000,1000,1000,1000,1000,1000,1000,1000,1000,1000,1000,1000,1000,1000,1000,1000,1000,1000,1000,1000,1000,1000,1000,1000,1000,1000,1000,1000,1000,1000,1000,1000,1000,1000,1000,1000,1000,1000,1000,1000,1000,1000,1000,1000,1000,1000,1000,1000,1000,1000,1000,1000,1000,1000,1000,1000,1000,1000,1000,1000,1000,1000,1000,1000,1000,1000,1000,1000,1000
1000,1000,1000,1000,1000,1000,1000,1000,1000,1000,1000,1000,1000,1000,1000,1000,1000,1000,1000,1000,1000,1000,1000,1000,1000,1000,1000,1000,1000,1000,1000,1000,1000,1000,1000,1000,1000,1000,1000,1000,1000,1000,1000,1000,1000,1000,1000,1000,1000,1000,1000,1000,1000,1000,1000,1000,1000,1211.138,1214.786,1218.192,1223.3,1227.192,1233.76,1235.219,1242.273,1250.057,1255.895,1261.247,1270.003,1274.868,1280.706,1289.463,1297.734,1303.571,1192.955,1193.198,1193.525,1194.019,1194.749,1195.54,1196.634,1197.911,1198.459,1199.827,1200.922,1202.138,1202.928,1205.665,1208.462,1209.922,1213.57,1217.341,1220.016,1222.327,1226.219,1228.895,1231.814,1235.949,1240.084,1243.49,1248.111,1252.976,1261.247,1266.111,1270.976,1276.328,1283.625,1286.544,1295.301,1303.085,1312.328,1208.257,1208.637,1208.675,1209.032,1209.427,1209.747,1210.119,1211.351,1212.05,1213.479,1214.786,1216.976,1217.705,1220.381,1221.233,1224.76,1226.584,1229.138,1231.206,1235.098,1237.408,1240.814,1246.165,1250.301,1252.49,1259.057,1261.49,1266.598,1270.003,1277.787,1278.76,1288.49,1292.869,1301.139,1306.004,1315.734,1325.95,1331.788,1223.939,1224.243,1224.539,1224.782,1225.489,1226.204,1226.918,1228.074,1228.895,1230.172,1230.962,1232.543,1234.064,1235.949,1238.017,1239.598,1242.881,1245.922,1248.841,1252.49,1258.571,1261.247,1265.868,1270.003,1273.166,1276.571,1282.652,1289.463,1296.76,1300.652,1306.49,1310.382,1320.599,1330.328,1337.626,1347.356,1239.62,1239.697,1239.902,1240.289,1241.255,1241.665,1243.642,1244.615,1245.162,1246.348,1249.328,1249.875,1252.064,1255.165,1256.26,1258.449,1263.193,1264.895,1267.571,1271.949,1276.328,1278.517,1284.355,1289.463,1295.544,1299.193,1306.49,1314.761,1320.599,1325.95,1335.193,1342.004,1346.869,1355.14,1254.922,1255.15,1255.568,1255.986,1256.716,1257.689,1258.905,1260.03,1261.733,1263.436,1265.199,1266.78,1268.544,1271.098,1273.652,1277.058,1281.801,1285.571,1288.004,1289.706,1293.355,1295.788,1301.869,1307.707,1316.707,1320.599,1327.896,1331.788,1338.599,1347.842,1359.518,1365.356,1377.518,1272.74,1272.892,1273.249,1274.055,1274.534,1275.203,1276.571,1278.821,1280.95,1282.956,1285.45,1288.977,1290.436,1293.842,1298.463,1302.599,1304.058,1309.896,1312.572,1318.166,1323.274,1330.085,1335.193,1340.545,1348.329,1357.086,1366.329,1373.14,1386.275,1395.032,1396.978,1292.162,1292.648,1293.18,1294.206,1295.727,1296.335,1299.071,1300.896,1302.416,1303.511,1307.463,1307.463,1309.531,1312.085,1318.774,1321.572,1326.68,1331.545,1336.896,1343.95,1350.761,1361.464,1370.221,1384.816,1383.843,1393.573,1405.735,1309.485,1309.599,1310.55,1310.778,1000,1000,1000,1000,1000,1000,1000,1000,1000,1000,1000,1000,1000,1000,1151.725,1000,1000,1000,1000,1000,1000,1000,1201.408,1195.57,1191.192,1189.732,1200.435,1000,1000,1000,1239.841,1245.679,1238.868,1000,1000,1000,1000,1000,1000,1000,1000,1000,1000,1000,1000,1000,1000,1000,1145.036,1143.652,1142.998,1000,1000,1000,1000,1000,1000,1000,1000,1000,1000,1000,1000,1000,1000,1000,1000,1000,1000,1000,1000,1000,1000,1000,1000,1000,1000,1000,1000,1000,1000,1000,1000,1000,1000,1000,1000,1000,1000,1000,1000,1000,1000,1000,1000,1000,1000,1000,1000,1000,1000,1000,1000,1000,1000,1000,1000,1000,1000,1000,1000,1000,1000,1000,1000,1000,1000,1000,1000,1000,1000,1000,1000,1000,1000,1000,1000,1000,1000,1000,1000,1000,1000,1000,1000,1000,1000,1000,1000,1000,1000,1000,1000,1000,1000,1000,1000,1000,1000,1000,1000,1000,1000,1000,1000,1000,1000,1000,1000,1000,1000,1000,1000,1000,1000,1000,1000,1000,1000,1000,1000,1000,1000,1000,1000,1000,1000,1000,1000,1000,1000,1000,1000,1000,1000,1000,1000,1000,1000,1000,1000,1000,1000,1000,1000,1000,1000,1000,1000,1000,1000,1000,1000,1000,1000,1000,1000,1000,1000,1000,1000,1000,1000,1000,1000,1000,1000,1000,1000,1000,1000,1000,1000,1000,1000,1000,1000,1000,1000,1000,1000,1000,1000,1000,1000,1000,1000,1000,1000,1000,1000,1000,1000,1000,1000,1000,1000,1000,1000,1000,1000,1000,1000,1000,1000,1000,1000,1000,1000,1000,1000,1000,1000,1000,1000,1000,1000,1000,1000,1000,1000,1000,1000,1000,1000,1000,1000,1000,1000,1000,1000,1000,1000,1000,1000,1000,1000,1000,1000,1000,1000,1000,1000,1000,1000,1000,1000,1000,1000,1000,1000,1000,1000,1000,1000,1000,1000,1000,1000,1000,1000,1000,1000,1000,1000,1000,1000,1000,1000,1000,1000,1000,1000,1000,1000,1000
1000,1000,1000,1000,1000,1000,1000,1000,1000,1000,1000,1000,1000,1000,1000,1000,1000,1000,1000,1000,1000,1000,1000,1000,1000,1000,1000,1000,1000,1000,1000,1000,1000,1000,1000,1000,1000,1000,1000,1000,1000,1000,1000,1000,1000,1000,1000,1000,1000,1000,1000,1000,1000,1000,1000,1000,1000,1209.192,1212.597,1216.489,1222.814,1227.192,1234.49,1235.949,1242.273,1247.625,1251.03,1255.895,1264.652,1269.031,1276.814,1285.571,1292.869,1298.707,1192.803,1192.993,1193.35,1193.936,1194.552,1195.175,1196.33,1197.577,1197.759,1198.854,1200.496,1201.651,1202.138,1205.117,1208.219,1209.557,1212.841,1216.003,1219.53,1221.354,1225.733,1228.895,1232.3,1235.949,1238.868,1242.76,1247.382,1252.49,1258.328,1264.652,1270.976,1274.868,1281.679,1283.625,1295.301,1304.058,1315.247,1208.219,1208.523,1208.637,1208.812,1209.093,1209.359,1209.922,1210.864,1211.898,1213.327,1215.212,1216.976,1218.739,1220.685,1221.537,1224.03,1225.854,1228.773,1230.354,1233.273,1236.435,1240.327,1243.003,1248.354,1252.003,1258.328,1260.274,1265.139,1268.544,1274.868,1276.328,1285.085,1288.49,1297.247,1305.031,1313.788,1323.031,1330.815,1223.825,1224.053,1224.243,1224.6,1225.071,1225.885,1226.554,1227.922,1228.712,1229.989,1231.206,1233.03,1234.307,1236.253,1238.017,1239.598,1242.517,1245.922,1248.476,1251.152,1258.084,1262.22,1266.355,1269.517,1273.166,1276.571,1282.652,1288.49,1295.788,1300.652,1307.463,1311.842,1319.626,1328.383,1335.193,1345.41,1239.468,1239.544,1239.811,1240.168,1241.057,1241.452,1242.76,1243.49,1244.28,1245.557,1248.841,1249.875,1252.368,1255.53,1256.625,1258.084,1263.193,1264.409,1266.72,1271.463,1275.112,1277.301,1283.625,1288.733,1296.274,1299.68,1305.031,1313.788,1319.626,1323.031,1330.328,1341.031,1344.923,1353.194,1361.951,1255.112,1255.378,1255.918,1256.716,1257.568,1258.753,1259.848,1260.912,1262.767,1263.922,1265.199,1267.084,1270.125,1272.193,1276.328,1280.463,1282.287,1285.571,1288.004,1292.869,1296.274,1303.571,1309.653,1317.68,1319.626,1326.923,1331.788,1338.599,1347.842,1358.545,1365.356,1376.545,1272.74,1272.983,1273.5,1273.964,1274.534,1275.324,1276.723,1278.426,1280.95,1283.2,1285.754,1289.342,1291.166,1294.571,1297.977,1302.112,1303.085,1308.193,1310.869,1316.22,1322.545,1329.356,1334.22,1339.572,1346.869,1353.68,1362.437,1372.167,1385.302,1391.14,1396.005,1292.276,1292.77,1293.18,1294.1,1295.301,1295.727,1298.463,1300.409,1302.173,1303.207,1307.099,1305.822,1306.734,1309.896,1317.437,1316.585,1321.572,1330.328,1333.248,1336.896,1345.896,1361.464,1364.87,1000,1386.762,1000,1000,1000,1000,1000,1000,1000,1000,1000,1000,1000,1000,1000,1000,1000,1000,1000,1000,1165.164,1161.88,1154.705,1151.725,1000,1000,1000,1000,1000,1000,1198.003,1193.138,1188.273,1191.192,1195.084,1000,1000,1221.354,1234.976,1239.841,1242.76,1000,1000,1000,1000,1000,1000,1000,1000,1000,1000,1000,1000,1000,1000,1000,1142.421,1142.877,1142.314,1000,1000,1000,1000,1000,1000,1000,1000,1000,1000,1000,1000,1000,1000,1000,1000,1000,1000,1000,1000,1000,1000,1000,1000,1000,1000,1000,1000,1000,1000,1000,1000,1000,1000,1000,1000,1000,1000,1000,1000,1000,1000,1000,1000,1000,1000,1000,1000,1000,1000,1000,1000,1000,1000,1000,1000,1000,1000,1000,1000,1000,1000,1000,1000,1000,1000,1000,1000,1000,1000,1000,1000,1000,1000,1000,1000,1000,1000,1000,1000,1000,1000,1000,1000,1000,1000,1000,1000,1000,1000,1000,1000,1000,1000,1000,1000,1000,1000,1000,1000,1000,1000,1000,1000,1000,1000,1000,1000,1000,1000,1000,1000,1000,1000,1000,1000,1000,1000,1000,1000,1000,1000,1000,1000,1000,1000,1000,1000,1000,1000,1000,1000,1000,1000,1000,1000,1000,1000,1000,1000,1000,1000,1000,1000,1000,1000,1000,1000,1000,1000,1000,1000,1000,1000,1000,1000,1000,1000,1000,1000,1000,1000,1000,1000,1000,1000,1000,1000,1000,1000,1000,1000,1000,1000,1000,1000,1000,1000,1000,1000,1000,1000,1000,1000,1000,1000,1000,1000,1000,1000,1000,1000,1000,1000,1000,1000,1000,1000,1000,1000,1000,1000,1000,1000,1000,1000,1000,1000,1000,1000,1000,1000,1000,1000,1000,1000,1000,1000,1000,1000,1000,1000,1000,1000,1000,1000,1000,1000,1000,1000,1000,1000,1000,1000,1000,1000,1000,1000,1000,1000,1000,1000,1000,1000,1000,1000,1000,1000,1000,1000,1000,1000,1000,1000,1000,1000,1000,1000,1000,1000,1000,1000,1000,1000,1000,1000,1000,1000,1000,1000,1000,1000,1000,1000,1000
1000,1000,1000,1000,1000,1000,1000,1000,1000,1000,1000,1000,1000,1000,1000,1000,1000,1000,1000,1000,1000,1000,1000,1000,1000,1000,1000,1000,1000,1000,1000,1000,1000,1000,1000,1000,1000,1000,1000,1000,1000,1000,1000,1000,1000,1000,1000,1000,1000,1000,1000,1000,1000,1000,1000,1000,1000,1000,1214.3,1218.192,1224.03,1228.408,1235.949,1237.895,1244.706,1248.598,1252.49,1257.355,1265.625,1271.949,1279.733,1287.517,1295.788,1300.652,1192.765,1193.031,1193.35,1193.791,1194.354,1195.068,1195.661,1196.938,1197.242,1198.641,1200.07,1201.408,1201.895,1204.813,1207.489,1210.286,1213.205,1216.489,1220.016,1222.814,1225.246,1229.625,1234.003,1236.922,1239.598,1243.976,1245.922,1251.517,1258.328,1262.22,1268.057,1270.976,1276.328,1278.274,1290.436,1299.193,1308.436,1316.22,1208.447,1208.523,1208.675,1208.918,1209.093,1209.587,1210.317,1211.488,1212.506,1214.422,1216.064,1217.949,1220.077,1221.537,1224.03,1225.854,1227.679,1229.989,1232.422,1235.098,1238.868,1243.976,1249.084,1253.949,1259.544,1261.003,1265.139,1268.057,1272.922,1272.922,1281.679,1286.058,1293.842,1302.112,1309.896,1322.058,1327.896,1223.825,1223.977,1224.205,1224.38,1224.661,1225.406,1226.098,1227.329,1228.378,1230.354,1231.631,1234.064,1235.098,1237.408,1238.625,1240.327,1241.422,1244.706,1246.773,1249.328,1254.436,1260.03,1263.436,1265.868,1270.003,1273.895,1280.706,1287.031,1294.328,1298.22,1303.085,1309.409,1317.68,1324.491,1333.248,1340.545,1239.354,1239.392,1239.697,1240.054,1240.799,1240.974,1242,1242.623,1243.49,1244.28,1247.625,1249.632,1252.368,1254.922,1255.895,1256.625,1260.274,1262.706,1266.233,1270.003,1275.598,1279.49,1284.355,1288.733,1295.544,1299.193,1302.599,1309.896,1317.193,1321.572,1327.41,1339.085,1342.977,1352.221,1360.978,1254.998,1255.302,1255.735,1256.45,1257.446,1258.464,1259.666,1260.73,1262.341,1263.436,1264.652,1266.78,1269.76,1271.828,1275.476,1279.612,1281.314,1282.774,1285.571,1290.193,1294.085,1299.923,1307.707,1315.247,1317.68,1324.491,1331.788,1341.518,1348.815,1359.518,1366.329,1378.491,1272.74,1273.029,1273.645,1274.336,1274.853,1275.568,1276.723,1278.061,1280.281,1282.409,1284.598,1287.639,1291.166,1294.571,1297.977,1300.652,1302.599,1305.517,1308.193,1312.572,1319.382,1325.22,1332.275,1337.139,1345.896,1351.734,1359.518,1369.248,1380.924,1386.275,1394.059,1292.2,1000,1292.77,1293.34,1293.887,1294.313,1297.004,1298.098,1299.071,1300.652,1305.213,1304.058,1305.213,1309.166,1316.585,1316.099,1000,1000,1335.68,1339.329,1350.275,1360.005,1374.113,1000,1392.6,1000,1000,1000,1000,1000,1000,1000,1000,1000,1000,1000,1000,1000,1000,1000,1000,1000,1164.799,1164.799,1163.948,1154.948,1150.874,1000,1000,1000,1000,1000,1000,1184.624,1181.219,1178.543,1186.083,1187.3,1000,1000,1000,1000,1225.733,1228.165,1000,1000,1000,1000,1000,1000,1000,1000,1000,1000,1000,1000,1000,1000,1000,1143.652,1143.652,1143.379,1000,1000,1000,1000,1000,1000,1000,1000,1000,1000,1000,1000,1000,1000,1000,1000,1000,1000,1000,1000,1000,1000,1000,1000,1000,1000,1000,1000,1000,1000,1000,1000,1000,1000,1000,1000,1000,1000,1000,1000,1000,1000,1000,1000,1000,1000,1000,1000,1000,1000,1000,1000,1000,1000,1000,1000,1000,1000,1000,1000,1000,1000,1000,1000,1000,1000,1000,1000,1000,1000,1000,1000,1000,1000,1000,1000,1000,1000,1000,1000,1000,1000,1000,1000,1000,1000,1000,1000,1000,1000,1000,1000,1000,1000,1000,1000,1000,1000,1000,1000,1000,1000,1000,1000,1000,1000,1000,1000,1000,1000,1000,1000,1000,1000,1000,1000,1000,1000,1000,1000,1000,1000,1000,1000,1000,1000,1000,1000,1000,1000,1000,1000,1000,1000,1000,1000,1000,1000,1000,1000,1000,1000,1000,1000,1000,1000,1000,1000,1000,1000,1000,1000,1000,1000,1000,1000,1000,1000,1000,1000,1000,1000,1000,1000,1000,1000,1000,1000,1000,1000,1000,1000,1000,1000,1000,1000,1000,1000,1000,1000,1000,1000,1000,1000,1000,1000,1000,1000,1000,1000,1000,1000,1000,1000,1000,1000,1000,1000,1000,1000,1000,1000,1000,1000,1000,1000,1000,1000,1000,1000,1000,1000,1000,1000,1000,1000,1000,1000,1000,1000,1000,1000,1000,1000,1000,1000,1000,1000,1000,1000,1000,1000,1000,1000,1000,1000,1000,1000,1000,1000,1000,1000,1000,1000,1000,1000,1000,1000,1000,1000,1000,1000,1000,1000,1000,1000,1000,1000,1000,1000,1000,1000,1000,1000,1000,1000,1000,1000,1000,1000,1000,1000,1000,1000,1000
1000,1000,1000,1000,1000,1000,1000,1000,1000,1000,1000,1000,1000,1000,1000,1000,1000,1000,1000,1000,1000,1000,1000,1000,1000,1000,1000,1000,1000,1000,1000,1000,1000,1000,1000,1000,1000,1000,1000,1000,1000,1000,1000,1000,1000,1000,1000,1000,1000,1000,1000,1000,1000,1000,1000,1000,1000,1000,1211.138,1216.489,1223.3,1229.868,1238.868,1243.733,1247.138,1247.138,1250.057,1254.922,1259.301,1265.625,1273.895,1281.679,1290.436,1296.76,1192.651,1192.955,1193.297,1193.525,1194.019,1194.749,1195.661,1196.786,1197.577,1199.036,1200.07,1200.922,1201.895,1205.117,1207.246,1209.922,1212.476,1214.422,1217.705,1220.016,1222.814,1227.435,1233.516,1235.949,1240.084,1243.976,1248.111,1251.517,1257.355,1260.76,1267.084,1270.976,1275.355,1277.301,1288.49,1295.301,1304.058,1311.355,1208.333,1208.447,1208.561,1208.812,1209.032,1209.504,1210.119,1211.107,1212.202,1214.026,1215.395,1217.219,1218.983,1221.233,1223.057,1224.76,1226.949,1230.354,1232.908,1236.435,1239.354,1245.192,1248.354,1252.003,1256.868,1260.274,1263.679,1268.057,1273.895,1276.814,1282.652,1288.49,1292.869,1300.166,1309.896,1317.68,1324.004,1331.788,1223.863,1224.091,1224.38,1224.661,1225.315,1225.991,1227.329,1228.074,1229.777,1231.388,1233.273,1235.098,1237.408,1239.354,1241.057,1242.881,1244.341,1246.409,1248.476,1252.976,1258.571,1263.922,1265.868,1270.733,1274.625,1279.977,1287.031,1293.355,1298.22,1303.085,1308.436,1315.734,1325.464,1331.302,1338.599,1347.356,1239.392,1239.734,1240.054,1240.723,1241.255,1242,1242.623,1243.794,1244.615,1247.625,1249.632,1252.368,1254.192,1255.53,1256.625,1259.909,1261.976,1265.382,1268.057,1272.922,1279.004,1285.085,1290.679,1298.22,1302.599,1304.058,1308.923,1315.247,1319.626,1324.004,1335.193,1342.004,1350.761,1359.032,1255.112,1255.34,1255.796,1256.541,1257.689,1258.328,1259.513,1260.03,1261.916,1262.767,1263.679,1265.443,1268.544,1270.49,1274.747,1278.76,1280.95,1282.287,1286.544,1290.193,1295.058,1301.869,1310.382,1315.247,1318.166,1325.95,1335.193,1341.518,1348.815,1356.599,1365.356,1374.599,1272.588,1273.029,1273.88,1274.336,1274.747,1275.841,1276.571,1277.696,1279.612,1282.166,1283.747,1287.639,1291.166,1295.058,1297.125,1300.652,1301.139,1304.544,1307.22,1312.085,1318.166,1322.545,1329.356,1334.22,1343.464,1351.734,1360.491,1371.194,1380.924,1386.275,1390.167,1292.2,1292.314,1000,1292.831,1293.104,1293.18,1295.301,1296.335,1298.463,1301.625,1306.49,1305.517,1306.734,1308.801,1314.518,1314.031,1000,1000,1000,1000,1000,1000,1000,1000,1395.519,1000,1000,1000,1416.438,1000,1000,1000,1000,1000,1000,1000,1000,1000,1000,1000,1000,1170.759,1169.299,1170.272,1169.786,1158.11,1000,1000,1000,1000,1000,1000,1000,1000,1182.435,1183.894,1192.651,1000,1000,1000,1211.138,1221.354,1220.381,1220.381,1000,1000,1000,1000,1000,1000,1000,1000,1000,1000,1000,1000,1000,1000,1000,1142.421,1142.998,1142.877,1000,1000,1000,1000,1321.815,1000,1000,1000,1000,1000,1000,1000,1000,1000,1000,1000,1000,1000,1000,1000,1000,1000,1000,1000,1000,1000,1000,1000,1000,1000,1000,1000,1000,1000,1000,1000,1000,1000,1000,1000,1000,1000,1000,1000,1000,1000,1000,1000,1000,1000,1000,1000,1000,1000,1000,1000,1000,1000,1000,1000,1000,1000,1000,1000,1000,1000,1000,1000,1000,1000,1000,1000,1000,1000,1000,1000,1000,1000,1000,1000,1000,1000,1000,1000,1000,1000,1000,1000,1000,1000,1000,1000,1000,1000,1000,1000,1000,1000,1000,1000,1000,1000,1000,1000,1000,1000,1000,1000,1000,1000,1000,1000,1000,1000,1000,1000,1000,1000,1000,1000,1000,1000,1000,1000,1000,1000,1000,1000,1000,1000,1000,1000,1000,1000,1000,1000,1000,1000,1000,1000,1000,1000,1000,1000,1000,1000,1000,1000,1000,1000,1000,1000,1000,1000,1000,1000,1000,1000,1000,1000,1000,1000,1000,1000,1000,1000,1000,1000,1000,1000,1000,1000,1000,1000,1000,1000,1000,1000,1000,1000,1000,1000,1000,1000,1000,1000,1000,1000,1000,1000,1000,1000,1000,1000,1000,1000,1000,1000,1000,1000,1000,1000,1000,1000,1000,1000,1000,1000,1000,1000,1000,1000,1000,1000,1000,1000,1000,1000,1000,1000,1000,1000,1000,1000,1000,1000,1000,1000,1000,1000,1000,1000,1000,1000,1000,1000,1000,1000,1000,1000,1000,1000,1000,1000,1000,1000,1000,1000,1000,1000,1000,1000,1000,1000,1000,1000,1000,1000,1000,1000,1000,1000,1000,1000,1000,1000,1000,1000,1000,1000,1000,1000,1000,1000,1000
1000,1000,1000,1000,1000,1000,1000,1000,1000,1000,1000,1000,1000,1000,1000,1000,1000,1000,1000,1000,1000,1000,1000,1000,1000,1000,1000,1000,1000,1000,1000,1000,1000,1000,1000,1000,1000,1000,1000,1000,1000,1000,1000,1000,1000,1000,1000,1000,1000,1000,1000,1000,1000,1000,1000,1000,1000,1000,1000,1216.003,1222.327,1228.408,1237.408,1240.814,1246.165,1247.138,1250.057,1255.895,1261.247,1266.111,1274.868,1280.706,1286.544,1292.869,1302.599,1192.765,1193.198,1193.464,1193.936,1194.445,1195.418,1196.193,1197.09,1198.094,1199.036,1200.07,1200.922,1203.719,1205.969,1208.462,1211.016,1212.841,1215.638,1218.192,1220.016,1224.273,1230.598,1234.003,1238.381,1244.706,1246.652,1250.301,1253.949,1259.301,1264.652,1268.057,1270.976,1275.355,1281.679,1289.463,1298.22,1307.463,1316.22,1208.409,1208.561,1208.766,1209.154,1209.587,1210.013,1211.107,1212.05,1213.661,1215.03,1216.733,1218.739,1220.381,1221.537,1223.787,1225.854,1228.773,1231.571,1235.098,1238.381,1243.49,1245.679,1249.571,1253.949,1257.598,1261.003,1266.598,1272.922,1276.814,1283.625,1290.923,1291.896,1301.139,1306.977,1314.761,1319.626,1326.923,1331.788,1223.977,1224.205,1224.486,1225.071,1225.885,1227.055,1228.074,1230.172,1230.962,1233.03,1234.307,1236.8,1238.99,1240.327,1242.517,1243.976,1245.557,1247.138,1252.003,1258.084,1264.652,1267.571,1272.436,1275.841,1279.247,1286.544,1291.896,1294.815,1301.625,1306.004,1312.815,1318.653,1327.41,1333.248,1342.491,1239.392,1239.811,1240.229,1240.974,1241.452,1242.121,1242.623,1243.794,1244.979,1247.625,1249.875,1252.672,1254.557,1255.165,1256.26,1259.179,1261.976,1265.382,1269.517,1274.625,1281.436,1287.517,1292.625,1297.734,1301.139,1303.571,1308.923,1315.247,1321.572,1325.95,1338.112,1343.95,1350.761,1357.086,1255.074,1255.15,1255.568,1256.207,1257.127,1257.811,1258.905,1259.513,1261.49,1263.01,1263.679,1265.686,1268.24,1269.152,1272.557,1277.544,1280.463,1282.774,1288.004,1291.896,1297.49,1303.085,1313.301,1319.626,1324.491,1331.788,1338.599,1342.977,1347.842,1354.653,1361.464,1373.626,1272.55,1272.892,1273.645,1274.055,1274.23,1275.324,1276.723,1277.544,1279.247,1281.679,1282.956,1284.294,1288.004,1291.896,1294.206,1297.49,1299.801,1305.031,1306.734,1311.599,1318.653,1322.545,1327.896,1334.22,1339.085,1345.896,1359.032,1365.356,1374.113,1380.924,1381.897,1388.221,1388.221,1396.978,1292.01,1292.314,1292.443,1293.598,1294.663,1295.727,1298.889,1304.909,1306.734,1307.463,1310.99,1000,1000,1000,1000,1000,1000,1000,1000,1000,1000,1000,1000,1000,1000,1000,1000,1000,1000,1000,1000,1000,1000,1000,1000,1000,1000,1000,1173.191,1170.759,1172.218,1172.218,1000,1000,1000,1000,1000,1000,1000,1000,1000,1175.867,1179.273,1185.354,1000,1000,1000,1217.949,1220.381,1218.435,1216.976,1000,1000,1000,1000,1000,1000,1000,1000,1000,1000,1000,1000,1000,1000,1000,1000,1142.998,1142.755,1000,1000,1000,1000,1318.653,1000,1000,1000,1000,1000,1000,1000,1000,1000,1000,1000,1000,1000,1000,1000,1000,1000,1000,1000,1000,1000,1000,1000,1000,1000,1000,1000,1000,1000,1000,1000,1000,1000,1000,1000,1000,1000,1000,1000,1000,1000,1000,1000,1000,1000,1000,1000,1000,1000,1000,1000,1000,1000,1000,1000,1000,1000,1000,1000,1000,1000,1000,1000,1000,1000,1000,1000,1000,1000,1000,1000,1000,1000,1000,1000,1000,1000,1000,1000,1000,1000,1000,1000,1000,1000,1000,1000,1000,1000,1000,1000,1000,1000,1000,1000,1000,1000,1000,1000,1000,1000,1000,1000,1000,1000,1000,1000,1000,1000,1000,1000,1000,1000,1000,1000,1000,1000,1000,1000,1000,1000,1000,1000,1000,1000,1000,1000,1000,1000,1000,1000,1000,1000,1000,1000,1000,1000,1000,1000,1000,1000,1000,1000,1000,1000,1000,1000,1000,1000,1000,1000,1000,1000,1000,1000,1000,1000,1000,1000,1000,1000,1000,1000,1000,1000,1000,1000,1000,1000,1000,1000,1000,1000,1000,1000,1000,1000,1000,1000,1000,1000,1000,1000,1000,1000,1000,1000,1000,1000,1000,1000,1000,1000,1000,1000,1000,1000,1000,1000,1000,1000,1000,1000,1000,1000,1000,1000,1000,1000,1000,1000,1000,1000,1000,1000,1000,1000,1000,1000,1000,1000,1000,1000,1000,1000,1000,1000,1000,1000,1000,1000,1000,1000,1000,1000,1000,1000,1000,1000,1000,1000,1000,1000,1000,1000,1000,1000,1000,1000,1000,1000,1000,1000,1000,1000,1000,1000,1000,1000,1000,1000,1000,1000,1000,1000,1000,1000,1000,1000,1000
1000,1000,1000,1000,1000,1000,1000,1000,1000,1000,1000,1000,1000,1000,1000,1000,1000,1000,1000,1000,1000,1000,1000,1000,1000,1000,1000,1000,1000,1000,1000,1000,1000,1000,1000,1000,1000,1000,1000,1000,1000,1000,1000,1000,1000,1000,1000,1000,1000,1000,1000,1000,1000,1000,1000,1000,1000,1000,1000,1214.786,1221.111,1227.679,1234.49,1239.354,1243.733,1246.165,1249.571,1257.355,1259.301,1267.084,1274.868,1280.706,1284.598,1292.869,1300.652,1192.765,1193.107,1193.404,1194.019,1194.445,1195.418,1196.482,1197.242,1198.094,1199.462,1200.07,1200.922,1203.719,1205.117,1207.854,1209.922,1212.111,1214.786,1218.678,1220.016,1224.273,1228.408,1231.814,1236.435,1240.084,1243.976,1249.571,1252.976,1256.868,1262.22,1264.652,1268.544,1271.949,1279.733,1287.517,1297.247,1307.463,1315.247,1208.371,1208.599,1208.721,1209.154,1209.747,1210.317,1211.624,1212.81,1213.844,1215.03,1216.489,1217.949,1218.739,1220.928,1223.422,1225.489,1228.773,1231.206,1234.246,1237.895,1241.3,1243.49,1247.868,1251.517,1255.165,1258.328,1267.084,1270.003,1276.814,1282.652,1290.436,1293.842,1302.112,1307.95,1315.734,1321.085,1325.95,1331.788,1223.939,1224.205,1224.38,1225.071,1225.489,1226.797,1227.922,1229.594,1230.962,1233.03,1234.064,1236.496,1238.017,1239.598,1241.787,1243.611,1244.341,1246.409,1249.328,1255.409,1262.949,1268.787,1275.112,1278.517,1282.166,1288.004,1291.896,1294.815,1300.652,1306.49,1310.869,1317.68,1328.383,1335.193,1341.518,1239.392,1239.811,1240.107,1240.563,1240.974,1241.346,1242,1243.186,1244.797,1246.956,1249.328,1251.517,1254.192,1255.53,1256.26,1259.179,1263.557,1265.747,1268.057,1274.139,1278.517,1283.625,1288.004,1294.085,1298.22,1302.599,1307.95,1316.22,1321.572,1325.95,1333.248,1339.085,1342.977,1354.167,1254.922,1255.112,1255.568,1256.29,1257.127,1257.689,1258.753,1259.361,1261.307,1263.01,1263.922,1265.686,1268.544,1269.517,1272.193,1276.328,1278.76,1281.314,1287.031,1290.679,1296.274,1301.869,1311.112,1316.22,1323.031,1330.815,1339.572,1344.923,1347.842,1353.68,1359.518,1372.653,1272.436,1272.938,1273.576,1273.88,1274.139,1275.203,1276.571,1276.875,1278.243,1280.706,1282.713,1284.294,1291.166,1295.423,1295.423,1298.463,1300.288,1304.058,1306.004,1310.869,1316.707,1315.004,1321.815,1325.22,1328.626,1339.085,1352.707,1356.113,1360.491,1375.086,1379.951,1381.897,1386.275,1291.972,1291.934,1000,1292.276,1292.595,1293.34,1294.313,1297.004,1302.963,1304.909,1304.909,1307.463,1000,1000,1000,1000,1000,1000,1000,1000,1000,1000,1000,1000,1000,1000,1402.329,1000,1000,1000,1000,1000,1000,1000,1000,1150.63,1000,1159.205,1000,1165.651,1165.164,1168.326,1000,1000,1000,1000,1000,1141.25,1000,1000,1000,1000,1179.759,1183.165,1187.3,1000,1000,1000,1215.516,1216.003,1213.57,1214.543,1000,1000,1000,1000,1000,1000,1000,1000,1000,1000,1000,1000,1000,1000,1000,1000,1145.036,1146.1,1000,1000,1000,1313.788,1315.734,1313.788,1307.707,1299.801,1000,1000,1000,1000,1000,1000,1000,1274.534,1000,1000,1000,1000,1000,1000,1000,1000,1000,1000,1000,1000,1000,1000,1000,1000,1000,1000,1000,1000,1000,1000,1000,1000,1000,1000,1000,1000,1000,1000,1000,1000,1000,1000,1000,1000,1000,1000,1000,1000,1000,1000,1000,1000,1000,1000,1000,1000,1000,1000,1000,1000,1000,1000,1000,1000,1000,1000,1000,1000,1000,1000,1000,1000,1000,1000,1000,1000,1000,1000,1000,1000,1000,1000,1000,1000,1000,1000,1000,1000,1000,1000,1000,1000,1000,1000,1000,1000,1000,1000,1000,1000,1000,1000,1000,1000,1000,1000,1000,1000,1369.772,1000,1000,1000,1000,1000,1000,1000,1000,1000,1000,1000,1000,1000,1000,1000,1000,1000,1000,1000,1000,1000,1000,1000,1000,1000,1000,1000,1000,1000,1000,1000,1000,1000,1000,1000,1000,1000,1000,1000,1000,1000,1000,1000,1000,1000,1000,1000,1000,1000,1000,1000,1000,1000,1000,1000,1000,1000,1000,1000,1000,1000,1000,1000,1000,1000,1000,1000,1000,1000,1000,1000,1000,1000,1000,1000,1000,1000,1000,1000,1000,1000,1000,1000,1000,1000,1000,1000,1000,1000,1000,1000,1000,1000,1000,1000,1000,1000,1000,1000,1000,1000,1000,1000,1000,1000,1000,1000,1000,1000,1000,1000,1000,1000,1000,1000,1000,1000,1000,1000,1000,1000,1000,1000,1000,1000,1000,1000,1000,1000,1000,1000,1000,1000,1000,1000,1000,1000,1000,1000,1000,1000,1000,1000,1000,1000,1000,1000,1000,1000,1000,1000,1000,1000,1000,1000,1000,1000,1000
1000,1000,1000,1000,1000,1000,1000,1000,1000,1000,1000,1000,1000,1000,1000,1000,1000,1000,1000,1000,1000,1000,1000,1000,1000,1000,1000,1000,1000,1000,1000,1000,1000,1000,1000,1000,1000,1000,1000,1000,1000,1000,1000,1000,1000,1000,1000,1000,1000,1000,1000,1000,1000,1000,1000,1000,1000,1000,1000,1000,1220.381,1227.679,1234.49,1238.868,1243.246,1244.706,1248.598,1255.895,1258.328,1267.084,1273.895,1277.787,1283.625,1289.463,1296.76,1192.727,1193.031,1193.297,1193.936,1194.27,1195.068,1196.057,1196.938,1197.577,1199.036,1199.462,1200.739,1203.172,1204.813,1207.854,1210.286,1211.746,1214.422,1218.192,1219.53,1222.327,1227.922,1230.598,1234.003,1236.922,1242.76,1244.706,1250.301,1252.976,1261.247,1266.111,1268.057,1271.949,1276.328,1284.598,1292.382,1302.112,1315.247,1208.295,1208.561,1208.766,1209.093,1209.663,1210.636,1211.761,1212.81,1213.661,1214.604,1215.82,1217.219,1218.192,1220.685,1221.537,1223.787,1226.584,1229.989,1232.422,1236.071,1239.841,1242.517,1245.679,1248.354,1252.49,1257.598,1266.598,1271.463,1277.787,1283.625,1289.463,1290.436,1298.22,1304.058,1310.869,1316.707,1323.031,1330.815,1223.901,1224.167,1224.38,1224.995,1225.581,1226.797,1228.074,1229.594,1230.78,1232.3,1233.273,1235.402,1237.408,1239.354,1242.152,1243.246,1244.706,1245.557,1248.841,1253.463,1262.949,1267.084,1271.949,1273.895,1277.058,1282.166,1287.031,1291.896,1299.68,1306.004,1314.761,1320.599,1330.328,1336.653,1346.383,1239.354,1239.856,1240.054,1240.419,1240.799,1241.346,1241.878,1243.034,1244.615,1246.956,1248.841,1250.969,1253.584,1255.53,1256.99,1259.544,1262.706,1264.895,1266.72,1272.436,1279.004,1283.139,1288.004,1293.355,1297.734,1302.599,1309.896,1317.68,1323.031,1330.328,1335.193,1341.031,1345.896,1355.14,1254.96,1255.188,1255.469,1255.986,1256.716,1257.339,1258.328,1259.057,1260.73,1262.767,1264.895,1266.233,1269.517,1270.49,1272.922,1276.693,1280.463,1281.801,1287.031,1289.22,1294.571,1298.707,1309.653,1313.788,1323.518,1330.815,1337.626,1341.518,1345.896,1351.734,1355.626,1370.707,1379.464,1272.892,1273.5,1273.964,1274.139,1275.081,1276.723,1277.027,1278.061,1279.612,1282.409,1284.294,1291.896,1294.571,1296.274,1298.463,1297.125,1297.977,1301.139,1305.031,1309.409,1314.518,1323.761,1328.626,1331.302,1342.004,1347.842,1352.707,1356.113,1374.113,1382.87,1391.14,1394.059,1292.352,1292.238,1000,1000,1000,1000,1294.541,1295.879,1301.382,1302.963,1000,1000,1000,1000,1000,1000,1000,1000,1000,1000,1000,1000,1000,1000,1000,1000,1000,1000,1000,1000,1000,1000,1000,1147.711,1000,1154.34,1160.299,1166.989,1169.299,1170.272,1000,1000,1000,1000,1000,1000,1141.174,1140.756,1000,1000,1000,1000,1167.597,1169.299,1163.218,1000,1000,1211.138,1218.435,1216.976,1215.516,1210.651,1204.327,1000,1000,1000,1000,1000,1000,1000,1000,1000,1000,1000,1000,1000,1000,1000,1146.1,1148.38,1000,1000,1000,1310.382,1313.788,1309.409,1303.571,1296.639,1292.99,1286.362,1284.598,1000,1000,1000,1276.267,1274.64,1273.432,1273.029,1000,1372.653,1000,1000,1000,1000,1000,1000,1000,1000,1000,1000,1000,1000,1000,1000,1000,1000,1000,1000,1000,1000,1000,1000,1000,1000,1000,1000,1000,1000,1000,1000,1000,1000,1000,1000,1000,1000,1000,1000,1000,1000,1000,1000,1000,1000,1000,1000,1000,1000,1000,1000,1000,1000,1000,1000,1000,1000,1000,1000,1000,1000,1000,1000,1000,1000,1000,1000,1000,1000,1000,1000,1000,1000,1000,1000,1000,1000,1000,1000,1000,1000,1000,1000,1000,1000,1000,1000,1000,1000,1000,1000,1000,1000,1000,1000,1000,1000,1433.952,1000,1000,1000,1000,1000,1000,1000,1000,1000,1000,1000,1000,1000,1000,1000,1000,1000,1000,1000,1000,1000,1000,1000,1000,1000,1000,1000,1000,1000,1000,1000,1000,1000,1000,1000,1000,1000,1000,1000,1000,1000,1000,1000,1000,1000,1000,1000,1000,1000,1000,1000,1000,1000,1000,1000,1000,1000,1000,1000,1000,1000,1000,1000,1000,1000,1000,1000,1000,1000,1000,1000,1000,1000,1000,1000,1000,1000,1000,1000,1000,1000,1000,1000,1000,1000,1000,1000,1000,1000,1000,1000,1000,1000,1000,1000,1000,1000,1000,1000,1000,1000,1000,1000,1000,1000,1000,1000,1000,1000,1000,1000,1000,1000,1000,1000,1000,1000,1000,1000,1000,1000,1000,1000,1000,1000,1000,1000,1000,1000,1000,1000,1000,1000,1000,1000,1000,1000,1000,1000,1000,1000,1000,1000,1000,1000,1000,1000,1000,1000,1000,1000,1000,1000,1000,1000,1000,1000,1000
1000,1000,1000,1000,1000,1000,1000,1000,1000,1000,1000,1000,1000,1000,1000,1000,1000,1000,1000,1000,1000,1000,1000,1000,1000,1000,1000,1000,1000,1000,1000,1000,1000,1000,1000,1000,1000,1000,1000,1000,1000,1000,1000,1000,1000,1000,1000,1000,1000,1000,1000,1000,1000,1000,1000,1000,1000,1000,1000,1000,1218.678,1226.462,1234.49,1237.408,1240.814,1242.273,1244.706,1252.003,1255.895,1265.625,1273.895,1276.814,1280.706,1287.517,1294.815,1300.652,1192.917,1193.244,1193.715,1194.095,1194.962,1195.661,1196.33,1197.09,1198.094,1198.641,1199.827,1201.895,1204.266,1206.577,1209.192,1211.746,1214.786,1217.341,1219.043,1222.327,1225.733,1227.435,1231.084,1233.516,1237.652,1242.03,1249.571,1253.949,1263.193,1268.057,1270.976,1272.922,1279.733,1285.571,1297.247,1304.058,1316.22,1208.409,1208.485,1208.599,1208.971,1209.427,1210.317,1211.624,1212.658,1213.661,1214.786,1215.395,1216.733,1217.462,1219.287,1220.685,1222.814,1225.125,1228.408,1231.206,1235.098,1237.895,1240.327,1243.976,1247.868,1252.003,1255.652,1265.139,1270.976,1278.76,1283.625,1290.436,1291.896,1298.22,1305.031,1309.896,1316.707,1322.058,1331.788,1223.825,1224.243,1224.539,1225.315,1225.687,1226.554,1227.618,1228.895,1230.172,1231.206,1232.3,1234.064,1235.949,1238.017,1241.422,1242.152,1243.246,1245.192,1247.138,1251.152,1262.949,1269.517,1272.436,1274.625,1275.841,1282.166,1287.031,1290.923,1297.247,1305.031,1311.842,1315.734,1326.437,1333.248,1342.491,1347.356,1239.772,1239.947,1240.229,1240.799,1241.665,1242.486,1243.49,1245.557,1247.199,1249.084,1250.665,1253.28,1254.557,1255.895,1258.084,1261.125,1262.706,1265.747,1270.003,1275.598,1281.436,1287.517,1292.625,1297.734,1304.058,1308.923,1318.653,1324.977,1332.275,1336.167,1342.977,1346.869,1354.167,1254.998,1255.34,1255.675,1256.29,1257.127,1257.568,1258.753,1259.513,1261.307,1262.767,1264.166,1265.686,1268.848,1270.125,1272.557,1276.328,1280.95,1284.112,1288.004,1289.706,1295.058,1299.193,1308.193,1315.247,1324.491,1332.761,1337.626,1338.599,1340.545,1346.869,1352.707,1367.788,1372.653,1272.702,1273.029,1273.432,1273.5,1274.336,1275.978,1275.978,1276.723,1000,1283.747,1287.031,1293.842,1295.058,1000,1000,1000,1000,1298.828,1303.571,1305.517,1309.409,1316.707,1323.761,1325.707,1345.896,1352.707,1358.059,1359.518,1379.951,1000,1395.032,1000,1000,1292.443,1000,1000,1000,1000,1000,1296.183,1300.896,1302.963,1000,1000,1000,1000,1000,1000,1000,1000,1000,1000,1000,1000,1000,1000,1000,1000,1000,1000,1000,1000,1000,1000,1000,1000,1000,1153.124,1158.475,1167.962,1000,1000,1000,1000,1000,1000,1000,1000,1141.045,1140.612,1000,1000,1000,1000,1169.786,1176.597,1165.407,1000,1000,1204.813,1221.354,1223.787,1224.76,1223.787,1219.408,1000,1000,1000,1000,1000,1000,1000,1000,1000,1000,1000,1000,1000,1000,1000,1145.917,1147.529,1000,1000,1000,1306.004,1308.193,1304.058,1297.977,1293.355,1000,1000,1284.051,1000,1000,1275.705,1274.96,1273.371,1272.938,1272.664,1000,1000,1000,1337.626,1330.815,1330.328,1000,1000,1000,1000,1000,1000,1000,1000,1000,1000,1000,1000,1000,1000,1000,1000,1000,1000,1000,1000,1000,1000,1000,1000,1000,1000,1000,1000,1000,1000,1000,1000,1000,1000,1000,1000,1000,1000,1000,1000,1000,1000,1000,1000,1000,1000,1000,1000,1000,1000,1000,1000,1000,1000,1000,1000,1000,1000,1000,1000,1000,1000,1000,1000,1000,1000,1000,1000,1000,1000,1000,1000,1000,1000,1000,1000,1000,1000,1000,1000,1000,1000,1000,1000,1000,1000,1000,1000,1000,1000,1000,1000,1395.275,1000,1377.153,1000,1000,1000,1382.87,1000,1000,1000,1364.87,1000,1000,1366.086,1000,1000,1000,1000,1000,1000,1000,1000,1000,1000,1000,1000,1000,1000,1000,1000,1000,1000,1000,1000,1000,1000,1000,1000,1000,1000,1000,1000,1000,1000,1000,1000,1000,1000,1000,1000,1000,1000,1000,1000,1000,1000,1000,1000,1000,1000,1000,1000,1000,1000,1000,1000,1000,1000,1000,1000,1000,1000,1000,1000,1000,1000,1000,1000,1000,1000,1000,1000,1000,1000,1000,1000,1000,1000,1000,1000,1000,1000,1000,1000,1000,1000,1000,1000,1000,1000,1000,1000,1000,1000,1000,1000,1000,1000,1000,1000,1000,1000,1000,1000,1000,1000,1000,1000,1000,1000,1000,1000,1000,1000,1000,1000,1000,1000,1000,1000,1000,1000,1000,1000,1000,1000,1000,1000,1000,1000,1000,1000,1000,1000,1000,1000,1000,1000,1000,1000,1000,1000,1000,1000,1000,1000,1000,1000,1000
1000,1000,1000,1000,1000,1000,1000,1000,1000,1000,1000,1000,1000,1000,1000,1000,1000,1000,1000,1000,1000,1000,1000,1000,1000,1000,1000,1000,1000,1000,1000,1000,1000,1000,1000,1000,1000,1000,1000,1000,1000,1000,1000,1000,1000,1000,1000,1000,1000,1000,1000,1000,1000,1000,1000,1000,1000,1000,1000,1000,1000,1228.408,1232.3,1235.219,1237.895,1241.787,1243.246,1251.03,1254.922,1266.111,1271.949,1276.814,1281.679,1288.49,1293.842,1301.625,1192.879,1193.244,1193.647,1193.86,1194.445,1195.175,1195.92,1196.786,1197.911,1198.459,1199.219,1200.922,1203.415,1205.665,1208.462,1212.111,1214.422,1217.341,1218.678,1221.354,1222.327,1224.76,1227.435,1230.111,1233.516,1240.084,1245.922,1252.49,1259.301,1265.625,1270.49,1274.868,1282.652,1289.463,1301.139,1309.409,1208.219,1208.371,1208.409,1208.485,1208.766,1209.154,1209.922,1211.351,1212.354,1213.327,1214.026,1215.638,1216.307,1217.219,1218.739,1220.077,1222.145,1224.395,1228.408,1230.841,1234.611,1236.922,1238.868,1240.814,1245.679,1249.571,1255.165,1262.949,1268.057,1276.328,1281.193,1286.544,1289.463,1297.247,1302.112,1308.923,1315.734,1321.085,1329.842,1223.939,1224.205,1224.433,1225.315,1225.687,1226.432,1227.618,1228.53,1230.598,1231.388,1232.057,1233.76,1235.098,1236.8,1239.598,1240.692,1242.517,1244.706,1245.192,1247.99,1256.382,1264.652,1268.057,1272.436,1274.625,1280.706,1285.571,1290.923,1297.247,1306.004,1311.842,1315.734,1324.491,1330.328,1335.193,1343.464,1239.582,1239.856,1240.107,1240.639,1241.346,1242.365,1243.49,1245.344,1246.956,1249.084,1250.969,1253.28,1254.192,1256.26,1257.355,1259.909,1261.976,1266.72,1270.49,1275.598,1280.22,1285.085,1289.463,1293.355,1300.652,1307.463,1318.653,1324.004,1333.248,1336.167,1343.95,1343.95,1352.221,1363.896,1255.378,1255.675,1256.45,1257.127,1257.811,1258.601,1259.848,1261.307,1263.436,1264.409,1266.78,1269.152,1270.733,1272.557,1276.693,1280.463,1285.085,1286.544,1289.706,1291.166,1295.788,1303.085,1311.112,1319.626,1330.815,1334.22,1337.626,1339.572,1346.869,1346.869,1362.437,1371.68,1272.55,1272.74,1273.31,1273.432,1274.055,1275.324,1275.203,1275.203,1000,1279.855,1000,1000,1290.436,1292.26,1000,1000,1000,1000,1000,1309.896,1000,1319.869,1000,1330.085,1353.68,1363.41,1359.518,1000,1381.897,1000,1000,1000,1292.709,1292.709,1000,1000,1000,1294.419,1000,1296.639,1000,1000,1000,1000,1000,1000,1000,1000,1000,1000,1000,1000,1000,1000,1000,1000,1000,1000,1000,1000,1000,1000,1000,1000,1000,1000,1000,1000,1155.921,1161.88,1000,1166.989,1000,1000,1000,1000,1000,1000,1140.756,1248.111,1000,1000,1000,1000,1171.002,1167.597,1160.543,1000,1000,1209.678,1226.706,1230.111,1227.192,1231.084,1230.111,1000,1000,1000,1000,1000,1000,1000,1147.529,1000,1000,1000,1000,1000,1000,1144.397,1145.37,1146.495,1000,1000,1000,1000,1309.409,1000,1296.639,1295.788,1000,1000,1282.409,1280.281,1276.115,1274.534,1273.576,1272.816,1272.55,1272.436,1364.383,1359.518,1353.68,1340.545,1325.95,1324.491,1305.761,1303.085,1305.031,1304.301,1000,1000,1000,1000,1000,1000,1000,1000,1000,1000,1000,1000,1000,1000,1000,1000,1000,1000,1000,1000,1000,1000,1000,1000,1000,1000,1000,1000,1000,1000,1000,1000,1000,1000,1000,1000,1000,1000,1000,1000,1000,1000,1000,1000,1000,1000,1000,1000,1000,1000,1000,1000,1000,1000,1000,1000,1000,1000,1000,1000,1000,1000,1000,1000,1000,1000,1000,1000,1000,1000,1000,1000,1000,1000,1000,1000,1000,1000,1000,1000,1000,1000,1000,1000,1000,1000,1000,1000,1000,1000,1359.518,1361.89,1362.133,1000,1000,1363.288,1000,1000,1357.268,1356.265,1000,1357.268,1000,1000,1000,1356.66,1000,1000,1000,1000,1000,1000,1000,1000,1000,1000,1000,1000,1000,1000,1000,1000,1000,1000,1000,1000,1000,1000,1000,1000,1000,1000,1000,1000,1000,1000,1000,1000,1000,1000,1000,1000,1000,1000,1000,1000,1000,1000,1000,1000,1000,1000,1000,1000,1000,1000,1000,1000,1000,1000,1000,1000,1000,1000,1000,1000,1000,1000,1000,1000,1000,1000,1000,1000,1000,1000,1000,1000,1000,1000,1000,1000,1000,1000,1000,1000,1000,1000,1000,1000,1000,1000,1000,1000,1000,1000,1000,1000,1000,1000,1000,1000,1000,1000,1000,1000,1000,1000,1000,1000,1000,1000,1000,1000,1000,1000,1000,1000,1000,1000,1000,1000,1000,1000,1000,1000,1000,1000,1000,1000,1000,1000,1000,1000,1000,1000,1000,1000,1000,1000,1000,1000,1000,1000,1000,1000,1000
1000,1000,1000,1000,1000,1000,1000,1000,1000,1000,1000,1000,1000,1000,1000,1000,1000,1000,1000,1000,1000,1000,1000,1000,1000,1000,1000,1000,1000,1000,1000,1000,1000,1000,1000,1000,1000,1000,1000,1000,1000,1000,1000,1000,1000,1000,1000,1000,1000,1000,1000,1000,1000,1000,1000,1000,1000,1000,1000,1000,1000,1000,1230.354,1235.219,1236.679,1240.814,1243.246,1252.003,1254.922,1265.625,1270.976,1278.76,1284.598,1292.869,1297.734,1192.727,1192.955,1193.244,1193.525,1193.86,1194.27,1195.296,1196.057,1197.09,1198.276,1198.854,1199.462,1200.496,1201.895,1204.266,1206.577,1211.016,1212.841,1215.638,1218.192,1221.354,1220.868,1224.76,1226.949,1229.625,1232.787,1240.084,1245.922,1253.949,1259.787,1265.625,1269.517,1271.949,1276.328,1286.544,1299.193,1309.409,1317.193,1208.257,1208.371,1208.485,1208.675,1209.032,1209.587,1210.743,1211.761,1212.81,1213.844,1215.395,1216.489,1217.462,1219.53,1220.928,1222.814,1225.125,1228.043,1229.625,1232.908,1234.611,1236.922,1242.517,1245.679,1250.301,1255.652,1262.949,1265.139,1272.922,1276.814,1281.679,1286.058,1293.842,1301.139,1307.95,1316.707,1321.085,1330.815,1223.825,1224.205,1224.486,1225.071,1225.406,1226.31,1227.055,1228.226,1229.777,1231.388,1232.057,1234.064,1235.098,1236.496,1238.99,1241.057,1242.152,1243.976,1244.341,1248.476,1255.895,1261.247,1267.084,1270.733,1273.166,1280.706,1287.031,1293.355,1302.112,1308.436,1311.842,1317.68,1323.518,1329.356,1334.22,1339.572,1239.392,1239.658,1239.856,1240.229,1240.882,1241.878,1243.186,1244.797,1246.165,1248.111,1249.084,1250.969,1252.368,1254.922,1256.625,1259.544,1261.976,1265.747,1270.49,1275.112,1280.22,1283.139,1288.004,1290.679,1297.734,1303.571,1315.247,1318.653,1330.328,1329.356,1337.139,1339.085,1348.815,1362.924,1255.515,1255.857,1256.625,1257.689,1258.191,1259.057,1260.182,1260.73,1262.098,1263.679,1265.686,1267.632,1271.828,1274.017,1275.841,1278.274,1281.314,1281.314,1282.774,1286.544,1291.166,1299.193,1306.247,1314.761,1322.058,1000,1331.788,1336.167,1339.572,1345.896,1354.653,1369.734,1272.474,1272.778,1273.188,1273.432,1273.804,1274.747,1274.747,1275.203,1000,1278.639,1282.409,1287.274,1287.031,1289.342,1000,1000,1000,1303.571,1310.382,1309.409,1000,1000,1000,1000,1000,1371.194,1367.302,1368.275,1379.951,1382.87,1000,1292.162,1000,1000,1000,1000,1000,1000,1000,1297.703,1000,1000,1000,1000,1000,1000,1000,1000,1000,1000,1000,1000,1000,1000,1000,1000,1000,1000,1000,1000,1000,1000,1000,1000,1000,1000,1147.711,1150.63,1155.313,1161.88,1168.813,1000,1000,1000,1000,1000,1000,1000,1140.262,1239.841,1000,1000,1000,1000,1171.732,1169.786,1000,1000,1000,1000,1222.327,1226.706,1222.327,1228.165,1225.733,1000,1000,1000,1000,1000,1000,1000,1150.387,1000,1000,1000,1000,1000,1000,1143.789,1144.245,1145.735,1000,1000,1000,1000,1312.085,1000,1000,1000,1000,1000,1000,1279.247,1276.115,1274.747,1273.721,1272.983,1272.588,1378.491,1361.464,1355.626,1347.842,1332.761,1317.68,1312.572,1292.869,1289.22,1285.085,1284.598,1279.125,1279.977,1278.274,1000,1000,1000,1000,1000,1000,1000,1000,1000,1000,1000,1000,1000,1000,1000,1000,1000,1000,1000,1000,1000,1000,1000,1000,1000,1000,1000,1000,1000,1000,1000,1000,1000,1000,1000,1000,1000,1000,1000,1000,1000,1000,1000,1000,1000,1000,1000,1000,1000,1000,1000,1000,1000,1000,1000,1000,1000,1000,1000,1000,1000,1000,1000,1000,1000,1000,1000,1000,1000,1000,1376.302,1000,1000,1000,1000,1000,1000,1000,1000,1000,1000,1000,1000,1000,1000,1000,1352.798,1352.479,1353.285,1000,1351.643,1352.266,1351.643,1000,1000,1000,1000,1000,1000,1000,1000,1000,1000,1000,1000,1000,1000,1000,1000,1000,1000,1000,1000,1000,1000,1000,1000,1000,1000,1000,1000,1000,1000,1000,1000,1000,1000,1000,1000,1000,1000,1000,1000,1000,1000,1000,1000,1000,1000,1000,1000,1000,1000,1000,1000,1000,1000,1000,1000,1000,1000,1000,1000,1000,1000,1000,1000,1000,1000,1000,1000,1000,1000,1000,1000,1000,1000,1000,1000,1000,1000,1000,1000,1000,1000,1000,1000,1000,1000,1000,1000,1000,1000,1000,1000,1000,1000,1000,1000,1000,1000,1000,1000,1000,1000,1000,1000,1000,1000,1000,1000,1000,1000,1000,1000,1000,1000,1000,1000,1000,1000,1000,1000,1000,1000,1000,1000,1000,1000,1000,1000,1000,1000,1000,1000,1000,1000,1000,1000,1000,1000,1000,1000,1000,1000,1000,1000,1000,1000,1000,1000,1000,1000,1000
1000,1000,1000,1000,1000,1000,1000,1000,1000,1000,1000,1000,1000,1000,1000,1000,1000,1000,1000,1000,1000,1000,1000,1000,1000,1000,1000,1000,1000,1000,1000,1000,1000,1000,1000,1000,1000,1000,1000,1000,1000,1000,1000,1000,1000,1000,1000,1000,1000,1000,1000,1000,1000,1000,1000,1000,1000,1000,1000,1000,1000,1000,1234.49,1237.408,1238.868,1240.814,1242.273,1248.598,1254.436,1263.679,1267.084,1275.841,1282.652,1291.896,1294.815,1192.651,1192.841,1193.153,1193.35,1193.715,1193.936,1194.749,1195.418,1196.634,1197.577,1199.036,1199.827,1200.739,1203.172,1204.813,1206.881,1210.651,1212.841,1215.273,1217.705,1220.503,1220.503,1223.787,1226.219,1230.111,1234.003,1240.084,1245.436,1252.49,1257.355,1264.652,1268.057,1271.949,1278.274,1288.49,1296.274,1306.49,1314.274,1208.295,1208.371,1208.485,1208.766,1209.093,1209.427,1210.21,1211.229,1212.202,1213.327,1215.395,1216.489,1218.192,1220.381,1221.537,1222.814,1225.125,1227.314,1228.773,1232.057,1234.246,1236.435,1241.787,1246.652,1253.219,1257.598,1263.679,1268.057,1273.895,1274.868,1279.247,1283.625,1289.463,1295.301,1305.031,1312.815,1321.085,1326.923,1223.825,1224.091,1224.539,1225.071,1225.489,1226.31,1227.192,1228.074,1229.412,1230.78,1232.543,1233.76,1235.098,1236.496,1238.625,1240.692,1241.787,1243.246,1244.706,1247.99,1257.355,1261.247,1265.868,1268.057,1271.22,1277.787,1285.571,1291.896,1302.112,1306.49,1311.842,1316.707,1321.572,1328.383,1335.193,1341.518,1239.468,1239.658,1239.811,1240.289,1240.974,1241.772,1242.76,1244.098,1245.344,1247.442,1249.084,1250.969,1252.368,1255.895,1257.355,1259.179,1261.976,1268.544,1270.976,1276.814,1281.922,1286.301,1290.679,1294.085,1299.193,1305.031,1315.247,1319.626,1327.41,1330.328,1340.058,1343.95,1350.761,1254.922,1255.378,1255.621,1256.29,1257.127,1257.568,1258.328,1259.666,1259.513,1260.73,1261.916,1264.166,1265.686,1270.125,1273.287,1275.112,1277.909,1279.612,1279.977,1280.95,1285.085,1290.193,1299.923,1305.031,1000,1000,1000,1319.626,1324.491,1326.923,1344.923,1358.545,1372.653,1000,1273.082,1273.645,1274.055,1274.336,1275.203,1275.978,1276.723,1000,1000,1000,1000,1285.146,1286.058,1000,1000,1293.842,1299.315,1000,1307.22,1000,1000,1000,1000,1369.248,1372.167,1373.14,1000,1381.897,1385.302,1389.194,1292.086,1292.443,1292.276,1000,1000,1000,1000,1298.889,1301.139,1302.963,1306.734,1000,1000,1000,1000,1000,1000,1000,1000,1000,1000,1000,1000,1000,1401.356,1000,1000,1000,1000,1000,1000,1000,1000,1000,1000,1148.38,1150.083,1153.124,1159.205,1167.475,1000,1000,1000,1000,1000,1000,1000,1000,1000,1000,1216.489,1000,1190.219,1174.651,1172.218,1166.867,1000,1000,1000,1223.787,1230.111,1227.192,1230.111,1229.138,1000,1000,1000,1000,1000,1000,1000,1149.597,1000,1000,1000,1000,1000,1145.218,1144.245,1143.652,1144.093,1000,1000,1000,1000,1000,1000,1000,1000,1000,1000,1280.037,1278.426,1275.705,1274.427,1273.645,1272.892,1272.474,1372.653,1358.545,1347.842,1337.626,1324.491,1312.572,1305.031,1291.896,1286.544,1281.314,1277.909,1274.747,1271.828,1000,1272.557,1270.125,1000,1000,1000,1000,1000,1000,1000,1000,1000,1000,1000,1000,1000,1000,1000,1000,1000,1000,1000,1000,1000,1000,1000,1000,1000,1000,1000,1000,1000,1000,1000,1000,1000,1000,1000,1000,1000,1000,1000,1000,1000,1000,1000,1000,1000,1000,1000,1000,1000,1000,1000,1000,1000,1368.64,1000,1000,1000,1000,1000,1000,1000,1000,1000,1000,1000,1000,1000,1000,1361.89,1359.275,1354.258,1352.798,1351.643,1351.643,1351.559,1000,1000,1000,1000,1000,1000,1000,1000,1000,1000,1452.438,1000,1453.411,1000,1443.681,1000,1000,1000,1000,1000,1000,1000,1000,1000,1000,1000,1400.87,1000,1000,1000,1000,1000,1000,1000,1000,1000,1000,1000,1000,1000,1000,1000,1000,1000,1000,1000,1000,1000,1000,1000,1000,1000,1000,1000,1000,1000,1000,1000,1000,1000,1000,1000,1000,1000,1000,1000,1000,1000,1000,1000,1000,1000,1000,1000,1000,1000,1000,1000,1000,1000,1000,1000,1000,1000,1000,1000,1000,1000,1000,1000,1000,1000,1000,1000,1000,1000,1000,1000,1000,1000,1000,1000,1000,1000,1000,1000,1000,1000,1000,1000,1000,1000,1000,1000,1000,1000,1000,1000,1000,1000,1000,1000,1000,1000,1000,1000,1000,1000,1000,1000,1000,1000,1000,1000,1000,1000,1000,1000,1000,1000,1000,1000,1000,1000,1000,1000,1000,1000,1000,1000,1000,1000,1000,1000,1000,1000,1000,1000,1000,1000,1000,1000,1000,1000,1000,1000,1000
1000,1000,1000,1000,1000,1000,1000,1000,1000,1000,1000,1000,1000,1000,1000,1000,1000,1000,1000,1000,1000,1000,1000,1000,1000,1000,1000,1000,1000,1000,1000,1000,1000,1000,1000,1000,1000,1000,1000,1000,1000,1000,1000,1000,1000,1000,1000,1000,1000,1000,1000,1000,1000,1000,1000,1000,1000,1000,1000,1000,1000,1000,1000,1237.408,1239.354,1242.273,1243.246,1252.003,1254.922,1263.679,1266.111,1275.841,1279.733,1289.463,1292.869,1301.625,1192.689,1193.031,1193.069,1193.464,1193.715,1194.445,1195.418,1196.634,1197.394,1198.641,1199.644,1200.253,1201.895,1203.415,1205.665,1209.192,1211.381,1214.057,1215.638,1220.016,1219.043,1223.3,1225.733,1229.625,1232.3,1239.598,1243.49,1252.49,1257.355,1264.652,1267.084,1274.868,1278.274,1287.517,1294.328,1304.058,1310.382,1315.247,1208.219,1208.447,1208.721,1208.971,1209.215,1210.013,1210.53,1211.624,1212.81,1214.422,1215.82,1217.705,1220.685,1222.145,1224.03,1226.584,1228.408,1229.138,1232.422,1235.584,1237.408,1242.517,1245.679,1252.49,1255.652,1262.22,1265.139,1270.976,1272.922,1277.787,1284.112,1290.923,1297.247,1306.004,1316.707,1322.058,1327.896,1223.787,1224.015,1224.486,1224.851,1225.315,1226.204,1226.797,1227.329,1229.047,1230.962,1232.057,1234.064,1235.402,1237.104,1238.99,1239.963,1241.787,1243.976,1244.341,1248.841,1256.868,1262.22,1268.057,1271.949,1275.841,1281.436,1288.49,1294.815,1300.652,1306.49,1310.869,1315.734,1318.653,1328.383,1335.193,1343.464,1239.43,1239.658,1239.811,1240.289,1240.723,1241.772,1242.76,1243.946,1244.979,1246.956,1248.354,1250.118,1250.969,1254.922,1255.53,1257.719,1262.341,1269.031,1270.976,1276.814,1281.922,1283.625,1288.004,1290.679,1295.544,1300.652,1309.896,1312.815,1320.599,1321.572,1331.302,1336.167,1345.896,1361.951,1255.264,1255.469,1256.207,1257.02,1258.191,1259.057,1261.916,1260.73,1262.098,1261.49,1263.679,1263.193,1268.848,1270.733,1273.287,1274.382,1276.693,1276.693,1278.274,1278.76,1288.004,1293.355,1300.652,1000,1000,1000,1000,1000,1000,1000,1365.356,1000,1000,1000,1273.721,1000,1000,1000,1000,1000,1000,1000,1000,1000,1286.058,1286.666,1285.754,1288.977,1293.842,1000,1000,1000,1000,1000,1000,1000,1000,1378.978,1372.167,1380.924,1379.951,1381.897,1000,1000,1000,1000,1000,1000,1000,1000,1000,1300.409,1000,1307.099,1000,1000,1000,1000,1000,1000,1000,1000,1000,1000,1000,1000,1000,1000,1000,1000,1000,1000,1000,1000,1000,1000,1000,1145.036,1149.353,1149.597,1151.421,1154.036,1162.245,1000,1000,1000,1000,1000,1000,1000,1000,1000,1000,1000,1000,1192.651,1183.894,1177.083,1000,1000,1000,1205.786,1217.949,1230.111,1226.706,1234.976,1232.057,1000,1000,1000,1000,1000,1000,1000,1000,1000,1000,1000,1155.678,1148.198,1146.677,1145.37,1143.789,1143.242,1000,1000,1000,1000,1000,1000,1000,1000,1000,1283.2,1278.821,1277.179,1274.96,1274.23,1273.249,1272.778,1272.436,1374.599,1359.518,1349.788,1341.518,1327.896,1311.112,1301.869,1288.49,1282.287,1277.544,1273.652,1271.463,1271.098,1268.24,1265.99,1265.443,1264.409,1260.182,1000,1000,1000,1000,1000,1000,1000,1000,1000,1000,1000,1000,1000,1000,1000,1000,1000,1000,1000,1406.465,1000,1000,1000,1000,1000,1000,1000,1000,1000,1000,1000,1000,1000,1000,1000,1000,1000,1000,1000,1000,1000,1000,1000,1367.545,1000,1000,1000,1000,1000,1000,1000,1357.268,1355.717,1355.018,1355.383,1355.018,1000,1000,1000,1000,1000,1000,1000,1000,1355.535,1000,1354.41,1000,1000,1000,1000,1439.303,1443.681,1436.384,1000,1000,1000,1000,1440.276,1424.708,1424.708,1423.735,1000,1406.708,1000,1410.113,1000,1399.411,1398.438,1000,1000,1000,1000,1000,1000,1000,1000,1000,1000,1369.734,1375.086,1000,1000,1000,1000,1000,1000,1000,1000,1000,1000,1000,1000,1000,1000,1000,1000,1000,1000,1000,1000,1000,1000,1000,1000,1000,1000,1000,1000,1000,1000,1000,1000,1000,1000,1000,1000,1000,1000,1000,1000,1000,1000,1000,1000,1000,1000,1000,1000,1000,1000,1000,1000,1000,1000,1000,1000,1000,1000,1000,1000,1000,1000,1000,1000,1000,1000,1000,1000,1000,1000,1000,1000,1000,1000,1000,1000,1000,1000,1000,1000,1000,1000,1000,1000,1000,1000,1000,1000,1000,1000,1000,1000,1000,1000,1000,1000,1000,1000,1000,1000,1000,1000,1000,1000,1000,1000,1000,1000,1000,1000,1000,1000,1000,1000,1000,1000,1000,1000,1000,1000,1000,1000,1000,1000,1000,1000,1000,1000,1000,1000,1000,1000,1000,1000,1000,1000,1000,1000,1000
1000,1000,1000,1000,1000,1000,1000,1000,1000,1000,1000,1000,1000,1000,1000,1000,1000,1000,1000,1000,1000,1000,1000,1000,1000,1000,1000,1000,1000,1000,1000,1000,1000,1000,1000,1000,1000,1000,1000,1000,1000,1000,1000,1000,1000,1000,1000,1000,1000,1000,1000,1000,1000,1000,1000,1000,1000,1000,1000,1000,1000,1000,1000,1235.219,1238.868,1241.787,1244.706,1252.003,1254.922,1261.247,1262.706,1270.976,1275.841,1283.625,1289.463,1300.652,1303.571,1192.993,1193.107,1193.525,1193.647,1194.27,1195.068,1196.193,1196.938,1197.911,1199.219,1200.253,1201.408,1202.928,1205.117,1207.489,1209.192,1213.205,1216.003,1218.678,1218.678,1222.814,1224.273,1227.435,1231.084,1236.435,1241.3,1250.301,1256.868,1262.22,1268.057,1274.868,1278.274,1284.598,1291.409,1300.166,1303.085,1307.463,1315.247,1208.409,1208.561,1208.812,1209.032,1209.587,1210.21,1211.229,1212.506,1214.422,1216.064,1217.462,1220.928,1222.145,1224.395,1226.949,1228.408,1228.773,1232.422,1234.611,1236.071,1240.327,1245.192,1249.571,1254.436,1260.274,1264.409,1270.003,1271.463,1276.328,1281.679,1286.544,1293.842,1303.085,1313.788,1319.626,1327.896,1329.842,1223.901,1224.288,1224.6,1225.155,1225.991,1226.554,1226.918,1228.53,1229.989,1231.206,1233.516,1235.645,1237.104,1238.99,1241.422,1242.881,1244.706,1246.773,1250.179,1258.084,1261.733,1267.571,1271.949,1277.058,1282.166,1290.436,1294.815,1301.625,1304.058,1310.869,1315.734,1320.599,1331.302,1338.599,1346.383,1239.506,1239.582,1239.734,1239.902,1240.289,1241.057,1242.365,1243.49,1244.615,1246.53,1247.868,1249.328,1250.969,1254.922,1256.99,1259.909,1264.044,1270.49,1274.139,1279.49,1281.436,1281.922,1284.355,1284.355,1289.463,1296.274,1306.004,1307.95,1315.247,1316.22,1327.41,1336.167,1350.761,1363.896,1255.34,1255.226,1255.621,1255.857,1257.568,1258.191,1261.307,1260.365,1261.916,1260.912,1263.01,1263.193,1000,1269.517,1268.848,1268.848,1269.517,1271.098,1273.652,1277.909,1000,1299.193,1000,1000,1308.923,1000,1000,1000,1000,1000,1359.518,1000,1272.588,1273.432,1273.5,1000,1000,1000,1000,1000,1000,1000,1000,1000,1000,1287.639,1000,1294.571,1296.639,1000,1000,1000,1000,1000,1000,1000,1000,1371.194,1361.464,1370.221,1366.329,1371.194,1000,1000,1000,1000,1000,1000,1000,1294.1,1296.183,1300.409,1000,1308.801,1000,1000,1000,1000,1000,1000,1000,1000,1000,1000,1000,1000,1000,1000,1000,1000,1000,1000,1000,1000,1000,1000,1000,1147.529,1149.11,1149.11,1149.353,1149.84,1154.34,1000,1000,1000,1000,1000,1000,1000,1000,1000,1000,1000,1000,1193.138,1185.354,1000,1000,1000,1000,1000,1213.57,1223.787,1221.354,1225.733,1000,1000,1000,1000,1000,1000,1000,1000,1000,1000,1000,1000,1154.036,1147.286,1144.549,1144.093,1142.208,1142.101,1000,1000,1000,1000,1000,1000,1000,1000,1000,1281.679,1278.061,1277.027,1274.96,1274.055,1273.082,1272.626,1371.68,1365.356,1354.653,1345.896,1335.193,1323.031,1308.193,1300.652,1288.49,1284.112,1277.909,1272.922,1268.544,1268.24,1264.895,1262.524,1262.098,1261.125,1257.446,1256.062,1255.568,1000,1000,1000,1000,1000,1000,1000,1000,1000,1000,1000,1000,1000,1000,1000,1000,1000,1000,1000,1000,1000,1000,1000,1000,1000,1000,1000,1000,1000,1000,1000,1000,1000,1000,1000,1000,1000,1000,1000,1000,1000,1000,1000,1000,1000,1000,1000,1000,1000,1351.149,1351.149,1350.541,1350.693,1350.655,1000,1000,1000,1000,1000,1434.438,1000,1000,1000,1000,1446.6,1441.735,1000,1000,1000,1000,1410.113,1402.329,1000,1000,1000,1000,1395.519,1382.87,1378.978,1377.518,1369.005,1366.329,1372.653,1000,1373.14,1371.437,1372.653,1000,1000,1000,1000,1000,1000,1000,1000,1000,1000,1353.559,1355.748,1000,1000,1000,1000,1000,1000,1000,1000,1000,1000,1000,1000,1000,1000,1000,1000,1000,1000,1000,1000,1000,1000,1000,1000,1000,1000,1000,1000,1000,1000,1000,1000,1000,1000,1000,1000,1000,1000,1000,1000,1000,1000,1000,1000,1000,1000,1000,1000,1000,1000,1000,1000,1000,1000,1000,1000,1000,1000,1000,1000,1000,1000,1000,1000,1000,1000,1000,1000,1000,1000,1000,1000,1000,1000,1000,1000,1000,1000,1000,1000,1000,1000,1000,1000,1000,1000,1000,1000,1000,1000,1000,1000,1000,1000,1000,1000,1000,1000,1000,1000,1000,1000,1000,1000,1000,1000,1000,1000,1000,1000,1000,1000,1000,1000,1000,1000,1000,1000,1000,1000,1000,1000,1000,1000,1000,1000,1000,1000,1000,1000,1000,1000,1000,1000,1000,1000,1000,1000,1000
1000,1000,1000,1000,1000,1000,1000,1000,1000,1000,1000,1000,1000,1000,1000,1000,1000,1000,1000,1000,1000,1000,1000,1000,1000,1000,1000,1000,1000,1000,1000,1000,1000,1000,1000,1000,1000,1000,1000,1000,1000,1000,1000,1000,1000,1000,1000,1000,1000,1000,1000,1000,1000,1000,1000,1000,1000,1000,1000,1000,1000,1000,1000,1000,1238.868,1240.327,1243.246,1248.598,1253.463,1257.355,1260.274,1268.057,1273.895,1281.679,1288.49,1297.734,1302.599,1192.879,1192.955,1193.244,1193.586,1194.095,1194.643,1195.418,1196.482,1197.242,1198.641,1199.827,1201.408,1202.381,1204.509,1205.665,1207.854,1210.651,1213.57,1217.341,1218.678,1222.327,1224.273,1226.219,1230.598,1235.949,1242.03,1250.301,1257.355,1262.22,1266.111,1270.49,1276.328,1280.706,1287.517,1295.301,1298.22,1304.058,1311.355,1208.257,1208.447,1208.812,1209.032,1209.663,1210.317,1211.107,1212.202,1213.479,1215.638,1216.733,1220.077,1221.537,1223.057,1225.125,1227.679,1227.314,1231.206,1233.273,1234.611,1238.868,1243.003,1247.382,1250.787,1256.868,1260.274,1266.598,1268.544,1273.895,1281.679,1286.058,1292.869,1300.166,1309.896,1315.734,1323.031,1324.977,1223.863,1224.167,1224.486,1225.071,1226.098,1226.797,1227.192,1228.378,1229.594,1230.78,1233.273,1235.645,1237.408,1239.598,1242.152,1243.246,1245.192,1247.99,1252.003,1261.733,1267.084,1271.22,1273.166,1279.977,1284.112,1290.923,1295.788,1302.112,1302.112,1309.409,1313.788,1317.68,1329.356,1337.626,1345.41,1239.468,1239.506,1239.544,1239.772,1240.168,1240.799,1242.121,1243.186,1244.098,1244.797,1245.74,1247.442,1249.084,1252.976,1256.26,1260.274,1264.895,1271.463,1276.814,1281.922,1283.139,1283.139,1285.085,1282.652,1285.571,1290.679,1295.544,1300.652,1309.896,1314.761,1328.383,1345.896,1355.14,1363.896,1254.998,1255.074,1255.264,1255.735,1257.689,1259.848,1262.098,1261.307,1262.098,1262.524,1263.01,1263.679,1265.443,1269.517,1266.537,1000,1269.152,1000,1000,1000,1000,1000,1304.301,1000,1000,1000,1000,1000,1000,1000,1362.437,1378.491,1272.664,1273.576,1273.432,1273.371,1000,1000,1000,1000,1000,1000,1000,1000,1000,1288.977,1292.625,1295.058,1298.828,1000,1000,1000,1000,1000,1000,1000,1000,1000,1000,1000,1000,1000,1000,1000,1000,1000,1000,1000,1000,1294.784,1000,1299.315,1000,1000,1000,1000,1000,1000,1000,1000,1000,1000,1000,1000,1000,1000,1000,1000,1000,1000,1000,1000,1000,1000,1000,1000,1149.11,1148.38,1149.353,1149.84,1150.083,1150.083,1153.124,1000,1000,1000,1000,1000,1000,1000,1000,1000,1000,1000,1000,1000,1184.624,1000,1000,1000,1000,1000,1218.435,1225.733,1231.084,1225.733,1000,1000,1000,1000,1000,1000,1000,1000,1000,1000,1000,1155.678,1150.083,1146.921,1144.853,1144.549,1142.314,1142.421,1000,1000,1000,1000,1000,1000,1000,1000,1000,1280.95,1278.426,1276.571,1274.853,1273.88,1273.135,1272.702,1377.518,1368.761,1358.545,1343.95,1331.788,1316.22,1305.031,1296.274,1287.031,1281.801,1275.841,1270.733,1267.084,1265.99,1262.767,1261.125,1259.848,1258.328,1256.541,1255.621,1255.226,1000,1347.842,1341.031,1333.248,1328.383,1324.004,1323.031,1000,1000,1000,1000,1000,1000,1000,1000,1000,1000,1000,1000,1000,1000,1000,1000,1000,1000,1000,1000,1000,1351.149,1350.313,1441.735,1439.303,1450.492,1000,1000,1000,1442.708,1429.573,1436.384,1000,1000,1000,1000,1000,1000,1000,1000,1000,1000,1424.708,1427.627,1000,1413.519,1000,1000,1000,1000,1396.005,1396.978,1394.546,1397.465,1402.329,1000,1000,1398.438,1000,1000,1000,1000,1000,1000,1000,1000,1000,1000,1000,1369.005,1363.653,1358.545,1353.072,1348.694,1347.599,1348.694,1353.559,1351.491,1351.856,1352.707,1348.329,1341.579,1341.335,1338.842,1000,1000,1336.47,1000,1000,1000,1000,1000,1000,1000,1000,1000,1000,1000,1000,1000,1000,1000,1000,1000,1000,1000,1000,1000,1000,1000,1000,1000,1000,1000,1000,1000,1000,1000,1000,1000,1000,1000,1000,1000,1000,1000,1000,1000,1000,1000,1000,1000,1000,1000,1000,1000,1000,1000,1000,1000,1000,1000,1000,1000,1000,1000,1000,1000,1000,1000,1000,1000,1000,1000,1000,1000,1000,1000,1000,1000,1000,1000,1000,1000,1000,1000,1000,1000,1000,1000,1000,1000,1000,1000,1000,1000,1000,1000,1000,1000,1000,1000,1000,1000,1000,1000,1000,1000,1000,1000,1000,1000,1000,1000,1000,1000,1000,1000,1000,1000,1000,1000,1000,1000,1000,1000,1000,1000,1000,1000,1000,1000,1000,1000,1000,1000,1000,1000,1000,1000,1000,1000,1000,1000,1000,1000,1000,1000,1000,1000,1000
1000,1000,1000,1000,1000,1000,1000,1000,1000,1000,1000,1000,1000,1000,1000,1000,1000,1000,1000,1000,1000,1000,1000,1000,1000,1000,1000,1000,1000,1000,1000,1000,1000,1000,1000,1000,1000,1000,1000,1000,1000,1000,1000,1000,1000,1000,1000,1000,1000,1000,1000,1000,1000,1000,1000,1000,1000,1000,1000,1000,1000,1000,1000,1000,1238.868,1238.868,1243.246,1246.165,1253.463,1256.868,1257.355,1261.733,1268.057,1273.895,1280.706,1291.896,1297.734,1192.727,1192.917,1193.069,1193.404,1193.86,1194.27,1194.962,1195.783,1196.634,1198.641,1199.827,1201.651,1202.928,1205.361,1205.665,1208.219,1211.016,1213.57,1216.003,1218.678,1221.354,1224.273,1225.733,1229.625,1234.003,1239.598,1246.652,1254.436,1259.787,1265.625,1270.976,1276.328,1280.706,1285.571,1292.382,1296.274,1302.112,1306.49,1316.22,1208.333,1208.637,1208.865,1209.427,1210.119,1210.864,1212.354,1213.661,1215.03,1216.064,1218.983,1219.53,1220.928,1222.814,1226.219,1226.584,1229.989,1232.908,1234.611,1237.408,1241.3,1246.652,1250.301,1256.382,1259.544,1265.868,1269.517,1274.868,1280.22,1286.544,1291.896,1298.22,1306.977,1311.842,1323.031,1325.95,1223.825,1224.167,1224.486,1224.927,1225.687,1226.432,1226.918,1227.922,1228.712,1230.172,1232.3,1235.098,1237.713,1240.327,1243.246,1244.341,1246.409,1248.476,1251.638,1259.544,1266.355,1270.003,1272.436,1277.787,1282.652,1288.49,1295.788,1299.68,1302.112,1306.49,1309.409,1314.761,1328.383,1337.626,1345.41,1239.506,1239.468,1239.506,1239.697,1240.054,1240.639,1242,1243.034,1243.49,1243.946,1245.74,1247.625,1249.632,1252.976,1254.557,1256.625,1260.274,1265.747,1271.463,1279.004,1281.922,1284.355,1285.571,1283.625,1287.517,1291.409,1000,1000,1308.923,1314.761,1324.977,1338.112,1347.842,1354.167,1354.167,1358.059,1000,1254.998,1256.131,1258.464,1260.182,1260.365,1263.436,1261.916,1261.916,1000,1000,1000,1000,1000,1000,1000,1000,1000,1000,1000,1000,1000,1000,1000,1000,1000,1000,1000,1366.329,1378.491,1272.626,1273.371,1000,1000,1000,1000,1000,1000,1000,1000,1000,1000,1000,1292.26,1000,1298.828,1302.112,1000,1000,1000,1000,1000,1000,1000,1000,1000,1000,1000,1000,1000,1000,1000,1000,1000,1000,1000,1000,1293.994,1294.906,1296.821,1000,1301.869,1000,1000,1000,1000,1000,1000,1000,1000,1000,1000,1000,1000,1000,1000,1000,1000,1000,1000,1000,1000,1000,1000,1150.083,1148.867,1149.353,1149.597,1149.353,1149.597,1151.725,1000,1000,1000,1000,1000,1000,1000,1000,1000,1000,1000,1000,1195.084,1183.894,1000,1000,1000,1000,1000,1218.435,1230.111,1236.922,1232.057,1000,1000,1000,1000,1000,1000,1000,1000,1000,1000,1146.677,1151.968,1147.103,1145.37,1144.397,1144.245,1142.208,1142.527,1000,1000,1000,1000,1000,1000,1000,1000,1000,1000,1000,1275.324,1274.139,1273.371,1272.816,1378.491,1370.707,1365.356,1355.626,1342.977,1332.761,1318.166,1306.977,1296.274,1288.004,1281.801,1275.841,1270.125,1266.78,1264.895,1261.733,1260.365,1258.905,1257.689,1256.29,1255.378,1360.978,1342.977,1330.328,1319.626,1309.896,1301.139,1295.544,1294.815,1000,1000,1000,1000,1000,1000,1000,1000,1000,1000,1000,1000,1000,1000,1000,1000,1000,1000,1000,1000,1000,1430.546,1411.086,1407.194,1404.762,1000,1000,1000,1000,1405.735,1396.978,1000,1000,1000,1000,1000,1000,1000,1000,1384.329,1000,1385.789,1387.248,1389.194,1000,1000,1000,1000,1000,1000,1000,1000,1368.032,1363.167,1000,1000,1359.518,1359.518,1000,1000,1000,1000,1000,1000,1000,1000,1000,1349.788,1350.64,1000,1347.599,1344.437,1339.937,1336.714,1335.437,1335.68,1336.045,1336.045,1337.869,1000,1000,1000,1333.795,1332.275,1000,1000,1000,1000,1000,1000,1000,1000,1000,1000,1000,1000,1000,1000,1000,1000,1000,1000,1000,1000,1000,1000,1000,1000,1000,1000,1000,1000,1000,1000,1000,1000,1000,1000,1000,1000,1000,1000,1000,1000,1000,1000,1000,1000,1000,1000,1000,1000,1000,1000,1000,1000,1000,1000,1000,1000,1000,1000,1000,1000,1000,1000,1000,1000,1000,1000,1000,1000,1000,1000,1000,1000,1000,1000,1000,1000,1000,1000,1000,1000,1000,1000,1000,1000,1000,1000,1000,1000,1000,1000,1000,1000,1000,1000,1000,1000,1000,1000,1000,1000,1000,1000,1000,1000,1000,1000,1000,1000,1000,1000,1000,1000,1000,1000,1000,1000,1000,1000,1000,1000,1000,1000,1000,1000,1000,1000,1000,1000,1000,1000,1000,1000,1000,1000,1000,1000,1000,1000,1000,1000,1000,1000,1000,1000,1000,1000,1000
1000,1000,1000,1000,1000,1000,1000,1000,1000,1000,1000,1000,1000,1000,1000,1000,1000,1000,1000,1000,1000,1000,1000,1000,1000,1000,1000,1000,1000,1000,1000,1000,1000,1000,1000,1000,1000,1000,1000,1000,1000,1000,1000,1000,1000,1000,1000,1000,1000,1000,1000,1000,1000,1000,1000,1000,1000,1000,1000,1000,1000,1000,1000,1000,1000,1238.868,1243.733,1247.138,1252.003,1254.922,1256.868,1258.328,1264.652,1270.003,1276.814,1286.544,1294.815,1302.599,1192.803,1192.955,1193.198,1193.586,1194.095,1194.856,1195.661,1196.482,1198.276,1199.462,1200.496,1201.895,1204.509,1204.813,1207.246,1211.381,1214.057,1216.854,1219.53,1221.841,1223.787,1224.76,1228.895,1234.003,1240.084,1247.382,1255.409,1259.301,1263.679,1268.544,1272.922,1277.301,1283.625,1288.49,1295.301,1298.22,1303.085,1314.274,1208.295,1208.523,1208.865,1209.427,1210.21,1211.351,1212.354,1213.661,1215.212,1215.638,1217.705,1218.192,1219.834,1221.537,1225.854,1226.949,1230.354,1233.273,1236.071,1237.895,1240.814,1245.192,1248.354,1254.436,1258.328,1265.139,1271.463,1277.787,1284.112,1289.463,1294.815,1300.166,1305.031,1309.896,1321.085,1325.95,1223.825,1224.167,1224.6,1224.782,1225.581,1225.991,1226.675,1227.329,1228.378,1229.229,1231.388,1233.516,1235.645,1238.625,1241.787,1242.881,1244.706,1247.138,1249.328,1257.355,1265.868,1271.949,1273.895,1281.436,1285.085,1290.436,1293.355,1295.788,1297.247,1299.68,1304.058,1310.382,1321.572,1332.275,1338.599,1347.356,1348.329,1239.354,1239.468,1240.107,1240.799,1242.365,1243.794,1244.615,1243.946,1245.74,1246.53,1248.111,1249.084,1251.517,1252.976,1257.719,1262.341,1270.003,1277.301,1280.22,1282.652,1283.625,1281.436,1286.787,1290.193,1000,1000,1306.49,1312.328,1321.572,1329.356,1343.95,1347.842,1344.923,1357.086,1254.998,1254.998,1255.986,1259.057,1258.753,1260.182,1263.436,1263.01,1263.01,1000,1000,1000,1000,1000,1000,1000,1000,1000,1000,1000,1000,1332.761,1337.139,1000,1000,1000,1000,1000,1355.626,1372.653,1377.518,1272.664,1272.512,1000,1000,1000,1000,1000,1000,1000,1000,1000,1000,1000,1000,1296.274,1296.639,1000,1000,1000,1000,1000,1000,1000,1000,1000,1000,1000,1000,1000,1000,1000,1000,1000,1000,1000,1000,1293.796,1000,1000,1000,1000,1000,1000,1000,1000,1000,1000,1000,1000,1000,1000,1000,1000,1000,1000,1000,1000,1000,1000,1000,1000,1000,1000,1152.576,1150.63,1150.083,1150.083,1149.84,1149.597,1150.63,1152.576,1000,1000,1000,1000,1000,1000,1000,1000,1000,1000,1000,1000,1181.219,1000,1000,1000,1000,1000,1210.651,1220.381,1224.76,1000,1000,1000,1000,1000,1000,1000,1000,1000,1000,1000,1144.245,1147.103,1144.549,1143.789,1142.998,1142.998,1141.729,1141.813,1141.174,1000,1000,1000,1000,1000,1000,1000,1000,1000,1000,1000,1000,1000,1273.188,1272.664,1377.518,1366.329,1358.545,1344.923,1337.139,1322.058,1312.572,1299.923,1290.679,1283.139,1276.328,1268.848,1265.686,1263.922,1261.307,1259.209,1258.054,1256.823,1255.621,1362.924,1353.194,1342.004,1327.41,1313.788,1306.49,1299.68,1289.463,1284.355,1274.139,1270.49,1000,1000,1000,1251.213,1248.354,1252.368,1000,1000,1000,1000,1000,1000,1000,1000,1000,1000,1000,1000,1000,1000,1000,1000,1366.329,1000,1000,1000,1369.734,1376.302,1368.032,1372.167,1369.005,1368.032,1000,1000,1000,1357.572,1357.572,1354.41,1000,1000,1000,1000,1000,1000,1000,1000,1000,1000,1000,1000,1343.707,1343.707,1000,1336.714,1338.356,1339.39,1000,1337.869,1000,1000,1000,1333.46,1332.275,1000,1000,1000,1000,1000,1332.411,1332.275,1330.769,1330.572,1329.682,1329.568,1329.173,1328.945,1000,1000,1000,1000,1000,1000,1000,1000,1000,1000,1000,1000,1000,1000,1000,1000,1000,1000,1000,1000,1000,1000,1000,1000,1000,1000,1000,1000,1000,1000,1000,1000,1000,1000,1000,1000,1000,1000,1000,1000,1000,1000,1000,1000,1000,1000,1000,1000,1000,1000,1000,1000,1000,1000,1000,1000,1000,1000,1000,1000,1000,1000,1000,1000,1000,1000,1000,1000,1000,1000,1000,1000,1000,1000,1000,1000,1000,1000,1000,1000,1000,1000,1000,1000,1000,1000,1000,1000,1000,1000,1000,1000,1000,1000,1000,1000,1000,1000,1000,1000,1000,1000,1000,1000,1000,1000,1000,1000,1000,1000,1000,1000,1000,1000,1000,1000,1000,1000,1000,1000,1000,1000,1000,1000,1000,1000,1000,1000,1000,1000,1000,1000,1000,1000,1000,1000,1000,1000,1000,1000,1000,1000,1000,1000,1000,1000,1000,1000,1000,1000,1000,1000,1000
1000,1000,1000,1000,1000,1000,1000,1000,1000,1000,1000,1000,1000,1000,1000,1000,1000,1000,1000,1000,1000,1000,1000,1000,1000,1000,1000,1000,1000,1000,1000,1000,1000,1000,1000,1000,1000,1000,1000,1000,1000,1000,1000,1000,1000,1000,1000,1000,1000,1000,1000,1000,1000,1000,1000,1000,1000,1000,1000,1000,1000,1000,1000,1000,1000,1000,1241.787,1241.787,1247.625,1250.057,1253.463,1255.895,1266.111,1270.003,1277.787,1285.571,1295.788,1301.625,1192.917,1193.069,1193.297,1193.586,1193.936,1194.445,1195.296,1196.193,1197.759,1199.219,1200.07,1201.651,1203.719,1204.509,1206.577,1210.651,1213.205,1216.489,1220.503,1222.327,1224.76,1225.246,1228.895,1231.814,1238.868,1243.49,1251.03,1255.409,1260.76,1263.193,1269.517,1275.355,1279.733,1284.598,1292.382,1299.193,1305.517,1314.274,1208.257,1208.523,1208.766,1209.359,1210.21,1211.107,1212.202,1214.026,1214.786,1215.638,1217.462,1217.949,1218.983,1220.685,1224.76,1226.219,1229.989,1232.422,1234.611,1236.922,1241.3,1245.192,1249.571,1256.382,1259.544,1265.868,1271.463,1279.247,1283.625,1287.517,1293.842,1297.247,1301.139,1308.923,1317.68,1325.95,1223.863,1224.167,1224.722,1224.995,1225.489,1225.991,1226.675,1226.797,1227.77,1228.895,1231.206,1233.03,1235.098,1238.017,1240.327,1240.692,1241.787,1245.557,1245.922,1253.463,1262.949,1270.003,1271.22,1279.247,1282.652,1287.031,1289.463,1294.328,1291.896,1291.896,1294.815,1299.68,1307.463,1322.545,1331.302,1342.491,1346.383,1345.41,1346.383,1239.902,1240.289,1241.772,1242.897,1243.946,1243.338,1244.098,1244.463,1245.74,1246.956,1250.118,1251.821,1255.53,1000,1266.233,1272.436,1276.814,1283.139,1283.139,1283.139,1289.463,1289.463,1290.193,1292.139,1302.599,1310.382,1321.572,1325.95,1339.085,1000,1353.194,1255.074,1255.34,1255.226,1255.735,1000,1256.823,1258.601,1260.03,1260.912,1261.125,1000,1000,1000,1000,1000,1000,1000,1000,1000,1000,1000,1000,1000,1000,1000,1000,1000,1000,1000,1000,1000,1000,1000,1371.68,1365.356,1000,1000,1000,1000,1000,1000,1000,1000,1000,1000,1000,1000,1000,1000,1000,1000,1000,1000,1000,1000,1000,1000,1000,1000,1000,1000,1000,1000,1000,1000,1000,1000,1000,1294.784,1000,1000,1000,1000,1000,1000,1000,1000,1000,1000,1000,1000,1000,1000,1000,1000,1000,1000,1000,1000,1000,1000,1000,1000,1000,1000,1150.63,1150.63,1150.387,1150.083,1149.353,1149.11,1149.353,1000,1000,1000,1000,1000,1000,1000,1000,1000,1000,1000,1000,1000,1000,1000,1000,1000,1000,1000,1222.327,1224.76,1224.76,1000,1000,1000,1000,1000,1000,1000,1000,1000,1000,1000,1143.12,1144.549,1142.755,1142.755,1142.01,1142.314,1141.478,1141.904,1141.106,1000,1000,1000,1000,1000,1000,1000,1000,1000,1000,1000,1000,1000,1000,1000,1000,1000,1370.707,1351.734,1342.977,1325.464,1315.247,1299.923,1290.193,1282.774,1275.112,1268.544,1265.99,1263.679,1260.912,1258.905,1257.446,1256.541,1255.424,1360.978,1352.221,1340.058,1322.058,1307.463,1296.274,1289.463,1277.787,1274.625,1269.517,1266.233,1259.544,1255.165,1249.084,1246.53,1244.098,1244.797,1244.098,1243.642,1244.463,1246.53,1000,1000,1000,1000,1000,1000,1000,1000,1000,1000,1000,1000,1000,1000,1000,1000,1000,1347.234,1346.504,1345.41,1343.464,1342.187,1000,1340.727,1339.39,1337.626,1338.356,1337.383,1333.977,1336.957,1337.383,1000,1000,1000,1000,1000,1000,1000,1000,1000,1000,1332.852,1000,1329.682,1331.286,1331.758,1331.073,1331.514,1331.879,1330.078,1329.804,1329.416,1328.907,1424.222,1432.979,1000,1000,1000,1000,1424.222,1414.005,1423.249,1000,1407.194,1396.492,1390.654,1000,1000,1000,1000,1000,1000,1000,1000,1000,1000,1000,1000,1000,1000,1000,1000,1000,1000,1000,1000,1000,1000,1000,1000,1000,1000,1000,1000,1000,1000,1000,1000,1000,1000,1000,1000,1000,1000,1000,1000,1000,1000,1000,1000,1000,1000,1000,1000,1000,1000,1000,1000,1000,1000,1000,1000,1000,1000,1000,1000,1000,1000,1000,1000,1000,1000,1000,1000,1000,1000,1000,1000,1000,1000,1000,1000,1000,1000,1000,1000,1000,1000,1000,1000,1000,1000,1000,1000,1000,1000,1000,1000,1000,1000,1000,1000,1000,1000,1000,1000,1000,1000,1000,1000,1000,1000,1000,1000,1000,1000,1000,1000,1000,1000,1000,1000,1000,1000,1000,1000,1000,1000,1000,1000,1000,1000,1000,1000,1000,1000,1000,1000,1000,1000,1000,1000,1000,1000,1000,1000,1000,1000,1000,1000,1000,1000,1000,1000,1000,1000,1000,1000,1000
1000,1000,1000,1000,1000,1000,1000,1000,1000,1000,1000,1000,1000,1000,1000,1000,1000,1000,1000,1000,1000,1000,1000,1000,1000,1000,1000,1000,1000,1000,1000,1000,1000,1000,1000,1000,1000,1000,1000,1000,1000,1000,1000,1000,1000,1000,1000,1000,1000,1000,1000,1000,1000,1000,1000,1000,1000,1000,1000,1000,1000,1000,1000,1000,1000,1000,1235.949,1237.895,1241.787,1249.571,1252.49,1254.922,1265.625,1270.003,1274.868,1282.652,1290.436,1297.734,1192.803,1192.955,1193.107,1193.464,1194.019,1194.552,1195.783,1196.786,1198.459,1199.462,1200.922,1202.381,1204.266,1205.117,1206.881,1209.192,1212.111,1215.273,1218.678,1221.354,1224.273,1225.246,1228.895,1233.516,1238.868,1243.976,1249.571,1253.949,1257.355,1260.76,1267.084,1273.895,1278.274,1284.598,1292.382,1300.166,1308.436,1316.22,1208.447,1208.766,1208.918,1209.587,1210.119,1210.986,1212.05,1213.844,1214.209,1215.03,1216.733,1217.219,1217.949,1219.53,1223.787,1225.489,1228.773,1231.571,1235.098,1237.895,1242.517,1245.679,1249.571,1254.436,1256.868,1263.679,1270.976,1280.22,1283.625,1289.463,1292.869,1294.815,1294.815,1302.112,1311.842,1324.977,1223.901,1224.129,1224.782,1224.995,1225.489,1225.885,1227.055,1226.797,1227.618,1228.378,1229.989,1231.631,1233.516,1236.8,1239.354,1239.354,1240.692,1242.517,1243.246,1247.99,1256.868,1265.868,1268.057,1272.436,1276.571,1283.625,1284.112,1290.436,1293.355,1292.382,1295.788,1299.68,1303.085,1314.761,1323.518,1333.248,1339.572,1342.491,1346.383,1240.168,1240.639,1241.559,1242.76,1243.49,1243.338,1244.098,1244.28,1245.162,1246.956,1248.354,1248.841,1254.192,1000,1261.49,1265.747,1274.625,1280.22,1281.922,1284.355,1292.625,1292.139,1000,1294.815,1302.599,1308.923,1000,1317.68,1000,1343.95,1000,1255.188,1000,1000,1000,1000,1000,1260.03,1261.733,1262.341,1260.912,1000,1000,1000,1000,1000,1000,1000,1000,1000,1000,1000,1000,1000,1000,1000,1000,1000,1000,1000,1000,1000,1000,1000,1000,1000,1000,1000,1000,1000,1000,1000,1000,1000,1000,1000,1000,1293.355,1000,1000,1000,1000,1000,1000,1000,1000,1000,1000,1000,1000,1000,1000,1000,1000,1000,1000,1000,1000,1000,1295.438,1295.879,1000,1000,1000,1000,1000,1000,1000,1000,1000,1000,1000,1000,1000,1000,1000,1000,1000,1000,1000,1000,1000,1000,1000,1000,1000,1148.198,1149.84,1151.725,1151.725,1150.874,1151.725,1152.82,1000,1000,1000,1000,1000,1000,1000,1000,1000,1000,1000,1000,1000,1179.273,1175.867,1173.435,1000,1000,1000,1218.435,1224.76,1221.354,1000,1000,1000,1000,1000,1000,1000,1000,1000,1000,1000,1000,1141.813,1142.01,1142.101,1141.813,1142.208,1141.554,1141.813,1141.318,1000,1000,1000,1000,1000,1000,1000,1000,1000,1000,1000,1000,1000,1000,1000,1000,1000,1000,1000,1000,1342.004,1328.383,1306.247,1295.058,1282.774,1274.017,1268.544,1265.686,1263.922,1260.73,1258.905,1257.02,1255.918,1255.188,1358.059,1347.842,1336.167,1318.653,1303.571,1290.679,1282.652,1274.139,1269.517,1266.233,1261.976,1257.719,1252.976,1249.328,1245.557,1243.642,1242.486,1241.452,1240.419,1240.563,1240.419,1000,1000,1000,1000,1000,1000,1000,1000,1000,1000,1000,1000,1000,1000,1000,1000,1000,1337.869,1337.869,1336.957,1334.312,1000,1000,1330.769,1330.861,1330.397,1330.861,1330.572,1329.933,1329.743,1329.622,1000,1000,1000,1329.059,1000,1000,1000,1433.952,1432.979,1427.141,1432.005,1420.816,1415.951,1427.141,1431.033,1000,1432.005,1432.979,1420.816,1414.005,1412.059,1403.302,1392.113,1395.032,1000,1000,1000,1000,1377.518,1376.059,1385.302,1000,1369.734,1360.248,1000,1340.545,1000,1000,1000,1000,1000,1000,1000,1000,1000,1000,1000,1000,1000,1000,1000,1000,1000,1000,1000,1000,1000,1000,1000,1000,1000,1000,1000,1000,1000,1000,1000,1000,1000,1000,1000,1000,1000,1000,1000,1000,1000,1000,1000,1000,1000,1000,1000,1000,1000,1000,1000,1000,1000,1000,1000,1000,1000,1000,1000,1000,1000,1000,1000,1000,1000,1000,1000,1000,1000,1000,1000,1000,1000,1000,1000,1000,1000,1000,1000,1000,1000,1000,1000,1000,1000,1000,1000,1000,1000,1000,1000,1000,1000,1000,1000,1000,1000,1000,1000,1000,1000,1000,1000,1000,1000,1000,1000,1000,1000,1000,1000,1000,1000,1000,1000,1000,1000,1000,1000,1000,1000,1000,1000,1000,1000,1000,1000,1000,1000,1000,1000,1000,1000,1000,1000,1000,1000,1000,1000,1000,1000,1000,1000,1000,1000,1000,1000,1000,1000,1000,1000,1000
1000,1000,1000,1000,1000,1000,1000,1000,1000,1000,1000,1000,1000,1000,1000,1000,1000,1000,1000,1000,1000,1000,1000,1000,1000,1000,1000,1000,1000,1000,1000,1000,1000,1000,1000,1000,1000,1000,1000,1000,1000,1000,1000,1000,1000,1000,1000,1000,1000,1000,1000,1000,1000,1000,1000,1000,1000,1000,1000,1000,1000,1000,1000,1000,1000,1000,1000,1236.679,1237.895,1245.679,1249.571,1252.49,1261.247,1268.057,1272.922,1280.706,1288.49,1300.652,1192.841,1193.031,1193.198,1193.586,1194.019,1194.552,1195.54,1196.938,1198.459,1199.462,1200.253,1201.408,1202.928,1204.509,1205.969,1210.286,1213.57,1216.003,1218.678,1221.841,1223.787,1224.76,1228.408,1232.3,1236.922,1241.3,1245.922,1250.301,1254.436,1259.301,1264.652,1271.949,1277.301,1284.598,1292.382,1303.085,1311.355,1208.257,1208.447,1208.766,1208.971,1209.587,1210.21,1210.986,1211.624,1213.327,1213.844,1214.604,1215.638,1216.064,1216.733,1218.192,1222.145,1224.03,1228.408,1231.206,1236.071,1239.841,1244.463,1247.868,1253.219,1256.868,1261.003,1265.139,1273.895,1282.652,1284.112,1287.517,1292.869,1294.815,1295.301,1303.085,1313.788,1326.923,1223.863,1224.053,1224.722,1224.782,1225.155,1225.406,1226.31,1225.778,1226.432,1227.192,1229.047,1230.78,1232.787,1237.104,1239.963,1239.354,1000,1242.517,1000,1000,1000,1261.733,1265.868,1266.355,1272.436,1278.517,1278.517,1282.166,1290.923,1290.436,1295.788,1302.112,1304.058,1313.788,1316.707,1326.437,1327.41,1337.626,1336.653,1000,1240,1240.974,1241.772,1243.338,1244.098,1246.165,1246.348,1247.868,1248.111,1249.632,1248.841,1255.165,1256.99,1262.341,1000,1274.139,1277.301,1281.922,1285.085,1294.085,1295.544,1299.193,1298.22,1305.031,1309.896,1000,1000,1000,1000,1000,1000,1000,1000,1000,1000,1000,1258.464,1259.666,1260.547,1000,1000,1000,1000,1000,1000,1000,1285.085,1000,1000,1000,1000,1000,1000,1000,1000,1000,1000,1000,1000,1000,1000,1000,1000,1000,1000,1000,1000,1000,1000,1000,1000,1000,1000,1000,1000,1000,1291.896,1291.166,1000,1000,1000,1000,1000,1000,1000,1000,1000,1000,1000,1000,1000,1000,1000,1000,1000,1000,1000,1000,1293.887,1295.027,1000,1000,1000,1000,1000,1000,1000,1000,1000,1000,1000,1000,1000,1000,1000,1000,1000,1000,1000,1000,1000,1000,1000,1000,1000,1000,1149.597,1151.421,1151.178,1150.387,1151.968,1153.428,1152.576,1000,1000,1000,1000,1000,1000,1000,1000,1000,1000,1000,1000,1000,1173.435,1173.435,1000,1000,1000,1198.489,1208.219,1202.867,1000,1000,1000,1000,1000,1000,1000,1000,1000,1000,1000,1000,1000,1142.314,1142.01,1141.478,1141.729,1141.318,1141.395,1000,1000,1000,1000,1000,1000,1000,1000,1000,1000,1000,1000,1000,1000,1000,1000,1000,1000,1000,1000,1000,1000,1350.761,1323.031,1000,1000,1279.977,1272.557,1268.24,1266.78,1263.193,1260.365,1257.568,1256.29,1255.15,1355.14,1345.896,1335.193,1317.68,1302.599,1290.679,1282.652,1273.652,1268.057,1264.044,1258.449,1254.192,1250.422,1246.956,1244.098,1242.623,1241.346,1240.563,1240.107,1240.35,1239.658,1342.491,1000,1000,1000,1000,1000,1000,1000,1000,1000,1000,1000,1000,1000,1000,1000,1000,1000,1332.411,1000,1000,1000,1000,1429.087,1429.087,1422.276,1424.222,1424.222,1420.816,1000,1409.14,1410.113,1406.221,1407.194,1396.492,1396.005,1390.654,1390.654,1385.302,1388.708,1000,1000,1000,1374.113,1376.059,1000,1000,1384.816,1384.816,1378.978,1376.545,1370.707,1367.059,1360.248,1000,1358.788,1000,1344.68,1345.167,1342.977,1342.491,1347.842,1344.194,1337.261,1000,1000,1322.119,1319.687,1000,1000,1000,1000,1000,1000,1000,1000,1000,1000,1000,1000,1000,1000,1000,1000,1000,1000,1000,1000,1000,1000,1000,1000,1000,1000,1000,1000,1000,1000,1000,1000,1000,1000,1000,1000,1000,1000,1000,1000,1000,1000,1000,1000,1000,1000,1000,1000,1000,1000,1000,1000,1000,1000,1000,1000,1000,1000,1000,1000,1000,1000,1000,1000,1000,1000,1000,1000,1000,1000,1000,1000,1000,1000,1000,1000,1000,1000,1000,1000,1000,1000,1000,1000,1000,1000,1000,1000,1000,1000,1000,1000,1000,1000,1000,1000,1000,1000,1000,1000,1000,1000,1000,1000,1000,1000,1000,1000,1000,1000,1000,1000,1000,1000,1000,1000,1000,1000,1000,1000,1000,1000,1000,1000,1000,1000,1000,1000,1000,1000,1000,1000,1000,1000,1000,1000,1000,1000,1000,1000,1000,1000,1000,1000,1000,1000,1000,1000,1000,1000,1000
1000,1000,1000,1000,1000,1000,1000,1000,1000,1000,1000,1000,1000,1000,1000,1000,1000,1000,1000,1000,1000,1000,1000,1000,1000,1000,1000,1000,1000,1000,1000,1000,1000,1000,1000,1000,1000,1000,1000,1000,1000,1000,1000,1000,1000,1000,1000,1000,1000,1000,1000,1000,1000,1000,1000,1000,1000,1000,1000,1000,1000,1000,1000,1000,1000,1000,1000,1234.49,1234.49,1243.733,1250.057,1254.922,1262.706,1270.003,1273.895,1278.76,1286.544,1296.76,1192.879,1193.069,1193.404,1193.715,1194.095,1194.445,1195.783,1196.634,1198.094,1199.219,1200.253,1200.922,1202.928,1204.813,1205.969,1209.922,1212.476,1215.273,1217.705,1220.868,1222.327,1224.273,1227.435,1231.814,1237.652,1241.3,1245.436,1250.301,1253.949,1259.301,1264.652,1273.895,1279.247,1286.544,1292.382,1303.085,1309.409,1208.219,1208.409,1208.865,1209.032,1209.663,1210.119,1210.743,1210.864,1212.202,1212.506,1213.844,1214.786,1215.82,1216.489,1217.949,1221.233,1223.787,1228.408,1231.206,1235.584,1239.841,1243.976,1246.165,1249.571,1253.219,1257.598,1263.679,1271.463,1281.193,1282.652,1285.085,1287.517,1287.517,1287.517,1295.301,1303.085,1321.085,1332.761,1224.015,1224.539,1224.486,1224.782,1225.155,1225.687,1225.315,1226.204,1226.797,1228.895,1229.777,1230.962,1234.854,1235.949,1000,1000,1000,1000,1000,1000,1263.436,1267.084,1268.057,1269.517,1273.166,1271.949,1276.571,1284.112,1288.004,1300.652,1310.382,1310.382,1314.761,1318.653,1321.572,1328.383,1343.464,1345.41,1000,1240.054,1240.639,1241.559,1243.338,1244.797,1246.773,1246.165,1247.199,1249.632,1252.368,1255.165,1264.895,1266.233,1269.517,1273.652,1280.22,1281.922,1285.085,1286.787,1294.815,1292.139,1294.815,1297.734,1307.463,1313.788,1000,1000,1000,1000,1000,1000,1000,1000,1000,1000,1000,1260.547,1260.03,1262.098,1000,1000,1000,1000,1000,1000,1000,1000,1000,1000,1000,1000,1000,1000,1000,1000,1000,1000,1000,1000,1000,1000,1000,1000,1000,1000,1000,1000,1000,1000,1000,1000,1000,1000,1000,1000,1000,1288.612,1288.247,1000,1000,1000,1000,1000,1000,1000,1000,1000,1000,1000,1000,1000,1000,1000,1000,1000,1000,1000,1293.18,1293.994,1295.027,1000,1000,1000,1000,1000,1000,1000,1000,1000,1000,1000,1000,1000,1000,1000,1000,1000,1000,1000,1000,1000,1000,1000,1000,1000,1000,1149.353,1151.421,1150.63,1150.083,1151.178,1152.576,1151.968,1000,1000,1000,1000,1000,1000,1000,1000,1000,1000,1000,1000,1000,1177.083,1000,1000,1000,1000,1188.759,1197.03,1000,1000,1000,1000,1000,1000,1000,1000,1000,1000,1000,1000,1000,1000,1142.998,1142.314,1141.813,1141.904,1141.395,1141.318,1000,1000,1000,1000,1000,1000,1000,1000,1000,1000,1000,1000,1000,1000,1000,1000,1000,1000,1000,1000,1000,1000,1000,1000,1000,1000,1000,1000,1000,1272.557,1266.78,1261.49,1257.932,1256.366,1255.112,1352.221,1346.869,1335.193,1317.68,1305.031,1293.355,1283.625,1274.139,1268.544,1264.409,1258.814,1254.922,1251.213,1246.956,1243.946,1242,1240.495,1239.947,1239.697,1239.62,1342.491,1337.626,1320.599,1310.382,1000,1304.058,1290.923,1290.923,1294.328,1282.166,1281.436,1000,1000,1000,1000,1000,1000,1000,1000,1000,1000,1000,1000,1000,1000,1000,1000,1389.681,1389.681,1387.248,1381.41,1380.437,1381.41,1381.41,1378.978,1371.194,1364.14,1360.248,1358.788,1356.356,1000,1000,1000,1342.004,1343.707,1344.68,1000,1000,1000,1348.572,1344.194,1342.977,1342.004,1340.545,1000,1000,1000,1000,1325.22,1324.977,1323.031,1324.612,1000,1325.585,1319.687,1319.382,1000,1313.545,1311.507,1000,1000,1000,1000,1000,1000,1000,1000,1000,1000,1000,1000,1000,1000,1000,1000,1000,1000,1000,1000,1000,1000,1000,1000,1000,1000,1000,1000,1000,1000,1000,1000,1000,1000,1000,1000,1000,1000,1000,1000,1000,1000,1000,1000,1000,1000,1000,1000,1000,1000,1000,1000,1000,1000,1000,1000,1000,1000,1000,1000,1000,1000,1000,1000,1373.14,1000,1000,1000,1000,1000,1000,1000,1000,1000,1000,1000,1000,1000,1000,1000,1000,1000,1000,1000,1000,1000,1000,1000,1000,1000,1000,1000,1000,1000,1000,1000,1000,1000,1000,1000,1000,1000,1000,1000,1000,1000,1000,1000,1000,1000,1000,1000,1000,1000,1000,1000,1000,1000,1000,1000,1000,1000,1000,1000,1000,1000,1000,1000,1000,1000,1000,1000,1000,1000,1000,1000,1000,1000,1000,1000,1000,1000,1000,1000,1000,1000,1000,1000,1000,1000,1000
1000,1000,1000,1000,1000,1000,1000,1000,1000,1000,1000,1000,1000,1000,1000,1000,1000,1000,1000,1000,1000,1000,1000,1000,1000,1000,1000,1000,1000,1000,1000,1000,1000,1000,1000,1000,1000,1000,1000,1000,1000,1000,1000,1000,1000,1000,1000,1000,1000,1000,1000,1000,1000,1000,1000,1000,1000,1000,1000,1000,1000,1000,1000,1000,1000,1000,1000,1000,1233.03,1242.273,1251.03,1255.895,1264.652,1272.922,1277.787,1280.706,1288.49,1297.734,1192.879,1192.993,1193.297,1193.647,1193.936,1194.27,1195.661,1196.482,1197.759,1199.036,1200.253,1200.496,1201.895,1203.962,1204.813,1207.246,1210.286,1213.57,1215.638,1219.53,1221.841,1223.787,1226.949,1230.598,1234.003,1237.652,1240.084,1245.922,1251.03,1258.328,1263.679,1273.895,1279.247,1286.544,1289.463,1302.112,1306.49,1314.274,1208.257,1208.637,1208.721,1209.427,1209.504,1209.922,1209.922,1211.229,1211.488,1213.145,1214.422,1215.395,1215.82,1216.976,1219.287,1221.233,1225.125,1226.949,1231.206,1237.408,1242.517,1246.652,1249.084,1252.49,1253.219,1258.328,1264.409,1277.787,1280.22,1286.058,1287.517,1286.058,1283.625,1289.463,1300.166,1317.68,1327.896,1223.901,1224.38,1224.205,1224.288,1224.782,1225.231,1224.927,1225.687,1226.675,1228.53,1229.412,1230.78,1235.402,1238.017,1000,1000,1000,1000,1000,1000,1258.084,1262.22,1265.139,1269.517,1274.625,1000,1000,1000,1000,1000,1000,1000,1315.734,1320.599,1323.518,1338.599,1346.383,1348.329,1239.62,1239.772,1240.107,1240.723,1241.772,1243.186,1243.642,1243.49,1245.557,1249.084,1252.976,1259.179,1267.206,1268.057,1272.436,1274.139,1281.436,1000,1000,1000,1000,1294.085,1297.734,1302.599,1310.382,1314.761,1000,1000,1000,1000,1000,1000,1000,1000,1000,1000,1000,1260.03,1260.182,1261.733,1260.73,1000,1000,1000,1000,1000,1000,1000,1000,1000,1000,1000,1000,1000,1000,1000,1000,1000,1000,1000,1000,1000,1000,1000,1000,1000,1000,1000,1000,1000,1000,1000,1000,1000,1000,1000,1000,1288.977,1290.071,1000,1000,1000,1000,1000,1000,1000,1000,1000,1000,1000,1000,1000,1000,1000,1000,1000,1000,1292.314,1292.96,1293.598,1293.598,1000,1000,1000,1000,1000,1000,1000,1000,1000,1000,1000,1000,1000,1000,1000,1000,1000,1000,1000,1000,1000,1000,1000,1000,1000,1000,1148.624,1151.968,1150.874,1150.63,1150.387,1152.272,1149.597,1000,1000,1000,1000,1000,1000,1000,1000,1000,1000,1000,1000,1000,1000,1000,1000,1000,1000,1000,1205.786,1000,1000,1000,1000,1000,1000,1000,1000,1000,1000,1000,1000,1000,1000,1144.701,1142.755,1141.729,1141.638,1141.174,1141.045,1140.756,1000,1000,1000,1000,1000,1000,1000,1000,1000,1329.743,1329.804,1329.173,1329.416,1000,1000,1000,1000,1000,1433.952,1000,1000,1000,1000,1000,1000,1000,1000,1000,1000,1000,1266.537,1259.848,1257.689,1255.515,1360.978,1347.842,1333.248,1313.788,1306.004,1292.625,1282.652,1272.922,1267.206,1262.706,1259.179,1256.26,1251.517,1246.956,1243.946,1242,1240.495,1239.947,1239.62,1239.468,1335.193,1325.464,1310.869,1300.652,1292.382,1286.544,1278.517,1273.895,1275.112,1271.22,1270.733,1000,1000,1000,1000,1000,1000,1000,1000,1000,1000,1000,1000,1000,1000,1000,1000,1000,1000,1000,1000,1352.707,1356.356,1000,1357.572,1349.545,1342.977,1335.802,1334.099,1332.396,1332.396,1000,1326.68,1325.585,1324.977,1322.423,1322.423,1324.004,1322.727,1322.423,1323.639,1322.727,1319.93,1000,1000,1000,1000,1317.254,1000,1000,1000,1000,1000,1000,1311.507,1310.937,1310.474,1309.751,1405.735,1000,1397.465,1387.735,1000,1000,1000,1000,1393.573,1000,1000,1000,1000,1000,1000,1000,1000,1000,1000,1000,1360.005,1000,1000,1000,1335.68,1000,1000,1000,1000,1000,1000,1000,1000,1000,1000,1000,1304.909,1306.125,1305.822,1304.605,1000,1000,1000,1000,1000,1000,1000,1000,1000,1000,1000,1000,1000,1000,1000,1000,1000,1000,1000,1000,1000,1000,1000,1000,1000,1337.139,1000,1000,1000,1000,1000,1000,1000,1000,1000,1000,1000,1000,1000,1000,1000,1000,1000,1000,1000,1000,1000,1000,1000,1000,1000,1000,1000,1000,1000,1000,1000,1000,1000,1000,1000,1000,1000,1000,1000,1000,1000,1000,1000,1000,1000,1000,1000,1000,1000,1000,1000,1000,1000,1000,1000,1000,1000,1000,1000,1000,1000,1000,1000,1000,1000,1000,1000,1000,1000,1000,1000,1000,1000,1000,1000,1000,1000,1000,1000,1000,1000,1000,1000,1000,1000,1000
1000,1000,1000,1000,1000,1000,1000,1000,1000,1000,1000,1000,1000,1000,1000,1000,1000,1000,1000,1000,1000,1000,1000,1000,1000,1000,1000,1000,1000,1000,1000,1000,1000,1000,1000,1000,1000,1000,1000,1000,1000,1000,1000,1000,1000,1000,1000,1000,1000,1000,1000,1000,1000,1000,1000,1000,1000,1000,1000,1000,1000,1000,1000,1000,1000,1000,1000,1000,1236.679,1246.165,1254.922,1259.301,1267.084,1273.895,1278.76,1281.679,1286.544,1296.76,1192.727,1192.803,1193.107,1193.586,1193.86,1194.354,1195.661,1196.33,1197.394,1198.641,1200.253,1200.739,1202.624,1204.266,1204.509,1205.665,1209.192,1211.016,1212.841,1217.341,1220.016,1222.814,1227.922,1231.814,1236.435,1240.084,1241.3,1245.436,1250.301,1258.328,1263.193,1270.49,1278.274,1285.571,1288.49,1299.193,1307.463,1316.22,1208.409,1208.675,1208.865,1209.359,1209.215,1209.504,1209.587,1210.423,1210.53,1211.624,1212.658,1213.479,1215.212,1216.489,1218.983,1219.834,1223.422,1223.787,1228.043,1232.422,1240.327,1246.652,1246.652,1248.354,1249.084,1250.301,1254.436,1265.868,1272.436,1281.193,1285.085,1281.679,1285.085,1290.436,1301.139,1313.788,1322.058,1326.923,1223.863,1329.842,1224.091,1224.661,1224.661,1224.782,1225.489,1225.489,1227.618,1228.895,1230.962,1235.949,1239.598,1000,1000,1000,1000,1000,1000,1000,1255.409,1259.544,1265.139,1275.112,1272.436,1000,1000,1000,1000,1324.491,1321.572,1326.437,1326.437,1333.248,1336.653,1347.356,1343.464,1239.658,1239.468,1240,1240.289,1241.559,1242.365,1243.946,1243.338,1247.199,1250.665,1255.895,1265.382,1272.436,1273.652,1279.004,1276.814,1281.922,1000,1000,1000,1000,1000,1300.652,1302.599,1312.328,1320.599,1000,1000,1000,1000,1000,1000,1000,1000,1000,1000,1000,1000,1000,1000,1000,1000,1000,1000,1000,1000,1000,1000,1288.004,1000,1000,1000,1000,1000,1000,1000,1000,1000,1000,1000,1000,1000,1000,1000,1000,1000,1000,1000,1000,1000,1000,1000,1000,1000,1000,1000,1000,1287.639,1290.436,1000,1303.571,1303.571,1000,1000,1000,1000,1000,1000,1000,1000,1000,1000,1000,1000,1000,1000,1000,1000,1000,1292.443,1292.77,1000,1000,1000,1000,1000,1000,1000,1000,1000,1000,1000,1000,1000,1000,1000,1000,1000,1000,1000,1000,1000,1000,1000,1000,1000,1146.495,1148.624,1150.874,1150.083,1149.597,1149.84,1150.874,1000,1000,1000,1000,1000,1000,1000,1000,1000,1000,1000,1000,1000,1174.164,1171.732,1172.218,1000,1000,1000,1000,1206.759,1000,1000,1000,1000,1000,1000,1000,1000,1000,1000,1000,1000,1000,1000,1145.735,1143.379,1141.395,1141.554,1140.984,1140.923,1140.612,1000,1000,1000,1000,1000,1000,1000,1000,1000,1000,1000,1417.897,1417.897,1000,1000,1000,1000,1000,1000,1000,1403.302,1000,1000,1000,1000,1000,1000,1000,1000,1000,1000,1000,1260.365,1257.02,1255.515,1360.978,1345.896,1320.599,1308.923,1292.625,1281.922,1268.544,1264.044,1258.814,1256.625,1253.28,1250.422,1246.773,1244.28,1242,1240.563,1240,1239.658,1239.43,1337.626,1327.41,1314.761,1303.085,1291.896,1285.085,1276.571,1269.517,1267.571,1263.436,1256.382,1252.003,1247.138,1241.787,1234.307,1230.354,1229.047,1000,1225.885,1000,1000,1000,1000,1000,1000,1000,1000,1000,1000,1000,1000,1000,1000,1000,1000,1000,1329.234,1000,1324.977,1322.727,1000,1000,1000,1313.24,1311.933,1311.203,1311.31,1311.72,1311.203,1311.614,1311.72,1311.028,1310.223,1309.713,1000,1000,1000,1310.474,1309.789,1000,1397.465,1000,1000,1000,1397.465,1394.546,1396.492,1390.654,1380.924,1384.816,1369.734,1356.599,1000,1000,1000,1000,1366.329,1000,1000,1000,1000,1000,1000,1000,1000,1000,1000,1000,1332.031,1000,1000,1000,1313.666,1000,1000,1000,1000,1000,1000,1000,1000,1000,1000,1000,1000,1296.821,1297.521,1295.438,1000,1000,1293.515,1292.77,1000,1000,1292.489,1000,1000,1000,1000,1000,1000,1000,1000,1000,1000,1000,1000,1000,1000,1000,1000,1000,1000,1000,1000,1000,1000,1000,1000,1000,1000,1000,1000,1000,1000,1000,1000,1000,1000,1000,1000,1000,1000,1000,1000,1000,1000,1000,1000,1000,1000,1000,1000,1000,1000,1000,1000,1000,1000,1000,1000,1000,1000,1000,1000,1000,1000,1000,1000,1000,1000,1000,1000,1000,1000,1000,1000,1000,1000,1000,1000,1000,1000,1000,1000,1000,1000,1000,1000,1000,1000,1000,1000,1000,1000,1000,1000,1000,1000,1000,1000,1000,1000,1000,1000,1000,1000,1000,1000,1000
1000,1000,1000,1000,1000,1000,1000,1000,1000,1000,1000,1000,1000,1000,1000,1000,1000,1000,1000,1000,1000,1000,1000,1000,1000,1000,1000,1000,1000,1000,1000,1000,1000,1000,1000,1000,1000,1000,1000,1000,1000,1000,1000,1000,1000,1000,1000,1000,1000,1000,1000,1000,1000,1000,1000,1000,1000,1000,1000,1000,1000,1000,1000,1000,1000,1000,1000,1000,1000,1243.733,1253.463,1256.868,1266.111,1270.976,1279.733,1280.706,1289.463,1294.815,1192.651,1192.765,1193.153,1193.464,1193.715,1194.019,1194.749,1195.296,1196.193,1197.759,1198.854,1199.827,1200.922,1203.172,1203.415,1205.969,1209.192,1211.746,1214.057,1217.705,1220.016,1222.814,1226.219,1226.949,1231.084,1234.003,1234.733,1238.868,1247.382,1258.328,1261.247,1270.976,1279.247,1284.598,1288.49,1298.22,1304.058,1315.247,1208.219,1208.295,1208.485,1209.093,1208.812,1208.918,1209.154,1209.838,1209.283,1210.21,1000,1000,1213.661,1215.82,1217.705,1219.834,1222.814,1222.449,1226.584,1229.989,1237.408,1244.463,1246.165,1249.084,1248.354,1246.652,1250.301,1257.598,1264.409,1271.463,1280.22,1281.193,1286.544,1291.896,1302.112,1309.896,1317.68,1223.787,1224.129,1224.015,1224.38,1000,1000,1224.782,1225.885,1226.098,1229.047,1229.777,1231.631,1235.402,1239.354,1000,1000,1000,1000,1000,1000,1000,1256.382,1258.571,1262.949,1269.517,1269.517,1000,1000,1000,1000,1316.707,1317.68,1318.653,1321.572,1325.464,1324.491,1332.275,1332.275,1343.464,1342.491,1239.811,1240.229,1241.452,1241.772,1243.338,1243.49,1246.53,1000,1000,1000,1270.976,1272.436,1277.301,1000,1000,1000,1000,1000,1000,1000,1000,1299.193,1000,1000,1000,1000,1000,1000,1000,1000,1000,1000,1000,1000,1000,1000,1000,1260.912,1262.524,1265.686,1000,1000,1000,1000,1271.828,1275.112,1281.314,1281.314,1000,1000,1000,1300.652,1306.247,1306.977,1000,1000,1000,1000,1000,1000,1000,1000,1000,1000,1000,1000,1000,1000,1000,1000,1000,1000,1000,1000,1000,1000,1000,1000,1000,1296.639,1000,1000,1000,1000,1000,1000,1000,1000,1000,1000,1000,1000,1000,1000,1000,1000,1000,1000,1000,1000,1000,1000,1000,1000,1000,1000,1000,1000,1000,1000,1000,1000,1000,1000,1000,1000,1000,1000,1000,1000,1000,1000,1000,1000,1148.624,1149.353,1150.387,1149.84,1149.597,1150.63,1152.82,1000,1000,1000,1000,1000,1000,1000,1000,1000,1000,1000,1000,1000,1166.867,1169.299,1171.002,1000,1000,1000,1000,1217.949,1220.381,1000,1000,1000,1000,1000,1000,1000,1000,1000,1000,1000,1000,1146.677,1148.624,1144.853,1141.813,1141.638,1140.984,1140.612,1140.528,1000,1000,1000,1000,1000,1000,1000,1000,1382.87,1000,1387.735,1381.41,1383.843,1383.843,1364.14,1000,1000,1000,1000,1000,1374.113,1000,1351.977,1350.275,1344.194,1334.099,1334.099,1332.761,1324.977,1321.572,1000,1000,1000,1000,1000,1000,1000,1326.437,1314.761,1299.193,1288.733,1272.922,1267.571,1261.125,1258.084,1252.976,1250.118,1246.165,1244.098,1241.878,1240.799,1240.107,1239.734,1239.392,1337.626,1327.41,1317.68,1305.031,1290.923,1282.652,1271.949,1262.22,1261.247,1258.571,1253.463,1247.138,1241.787,1235.645,1230.172,1227.466,1226.554,1225.885,1224.851,1225.778,1225.778,1225.071,1225.581,1227.922,1226.554,1000,1000,1000,1000,1000,1000,1000,1000,1000,1000,1000,1000,1000,1314.518,1000,1000,1000,1000,1309.409,1411.573,1407.681,1408.654,1000,1391.627,1393.573,1398.438,1383.843,1380.924,1378.491,1368.761,1362.437,1000,1000,1000,1000,1000,1000,1353.194,1000,1360.491,1356.113,1356.599,1000,1000,1356.113,1345.167,1337.626,1000,1000,1000,1000,1338.112,1000,1000,1000,1000,1000,1000,1000,1000,1000,1000,1000,1000,1000,1000,1300.409,1300.652,1000,1000,1299.497,1000,1000,1000,1000,1000,1000,1000,1293.036,1292.831,1292.443,1292.831,1292.352,1000,1390.167,1389.194,1367.302,1000,1000,1000,1000,1000,1000,1000,1000,1000,1000,1000,1000,1000,1000,1000,1000,1000,1000,1000,1000,1000,1000,1000,1000,1000,1000,1000,1000,1000,1000,1000,1000,1000,1000,1000,1000,1000,1000,1000,1000,1000,1000,1000,1000,1000,1000,1000,1000,1000,1000,1000,1000,1000,1000,1000,1000,1000,1000,1000,1000,1000,1000,1000,1000,1000,1000,1000,1000,1000,1000,1000,1000,1000,1000,1000,1000,1000,1000,1000,1000,1000,1000,1000,1000,1000,1000,1000,1000,1000,1000,1000,1000,1000,1000,1000,1000,1000,1000,1000,1000,1000,1000,1000,1000,1000,1000,1000,1000
1000,1000,1000,1000,1000,1000,1000,1000,1000,1000,1000,1000,1000,1000,1000,1000,1000,1000,1000,1000,1000,1000,1000,1000,1000,1000,1000,1000,1000,1000,1000,1000,1000,1000,1000,1000,1000,1000,1000,1000,1000,1000,1000,1000,1000,1000,1000,1000,1000,1000,1000,1000,1000,1000,1000,1000,1000,1000,1000,1000,1000,1000,1000,1000,1000,1000,1000,1000,1000,1252.003,1260.274,1265.625,1271.949,1271.949,1274.868,1275.841,1284.598,1285.571,1294.815,1300.652,1192.917,1193.107,1193.35,1193.86,1194.445,1194.856,1195.783,1197.577,1199.036,1200.496,1202.138,1204.509,1204.266,1205.969,1207.854,1211.016,1213.205,1217.341,1218.192,1221.841,1222.327,1223.787,1227.922,1233.516,1234.003,1243.49,1251.517,1262.22,1262.22,1271.949,1277.301,1283.625,1281.679,1290.436,1287.517,1298.22,1298.22,1302.112,1307.463,1208.523,1317.193,1208.257,1208.561,1209.093,1208.812,1209.587,1000,1000,1215.03,1220.077,1220.685,1222.145,1222.449,1221.537,1221.841,1225.854,1229.989,1235.098,1235.098,1239.841,1240.327,1243.003,1245.192,1256.382,1264.409,1272.922,1279.247,1283.625,1290.436,1295.301,1000,1000,1321.085,1223.939,1224.167,1330.815,1224.288,1224.782,1000,1000,1226.554,1226.554,1229.047,1229.412,1231.875,1234.064,1237.104,1000,1000,1000,1000,1000,1000,1000,1256.382,1256.868,1261.247,1266.355,1267.084,1000,1000,1000,1000,1000,1000,1324.491,1333.248,1331.302,1341.518,1340.545,1000,1341.518,1239.468,1239.811,1240.35,1241.559,1242,1242.486,1243.034,1000,1000,1000,1000,1000,1000,1000,1000,1000,1000,1000,1000,1000,1302.599,1000,1000,1000,1000,1000,1000,1000,1342.977,1000,1000,1342.004,1000,1000,1000,1000,1257.689,1259.057,1260.912,1263.679,1265.443,1000,1269.152,1000,1000,1000,1271.463,1276.328,1276.693,1000,1000,1000,1294.571,1303.571,1303.085,1000,1000,1000,1000,1000,1000,1000,1000,1000,1000,1000,1000,1000,1000,1000,1000,1000,1000,1000,1000,1000,1000,1000,1000,1000,1000,1000,1000,1000,1000,1000,1000,1000,1000,1000,1000,1000,1000,1000,1000,1000,1000,1000,1000,1000,1000,1000,1000,1000,1000,1000,1000,1000,1000,1000,1000,1000,1000,1000,1000,1000,1000,1000,1000,1000,1000,1000,1000,1000,1000,1147.286,1147.955,1149.597,1149.11,1149.11,1150.387,1152.82,1000,1000,1000,1000,1000,1000,1000,1000,1000,1000,1000,1000,1173.435,1165.894,1163.705,1165.407,1000,1000,1000,1211.138,1212.111,1211.138,1211.138,1000,1000,1000,1000,1000,1000,1000,1000,1000,1000,1000,1000,1000,1143.515,1141.638,1141.478,1140.984,1140.809,1140.984,1144.549,1000,1000,1000,1334.099,1338.599,1000,1000,1350.761,1360.734,1358.059,1349.545,1344.68,1341.031,1336.288,1334.099,1000,1000,1000,1000,1347.356,1341.031,1336.288,1336.288,1332.396,1326.315,1325.22,1000,1321.876,1322.423,1000,1000,1000,1000,1000,1000,1000,1000,1326.437,1312.815,1301.139,1281.922,1274.625,1267.571,1262.706,1256.625,1250.665,1245.922,1243.642,1241.559,1240.35,1239.811,1239.43,1339.572,1328.383,1323.518,1315.734,1303.085,1290.436,1279.247,1266.355,1256.382,1254.436,1251.152,1247.99,1243.246,1237.713,1232.057,1229.047,1226.554,1225.885,1224.995,1224.433,1224.433,1224.288,1223.825,1224.015,1224.243,1224.129,1224.38,1000,1000,1000,1000,1000,1306.977,1000,1000,1000,1000,1000,1000,1000,1000,1000,1000,1000,1000,1390.654,1369.734,1372.167,1000,1000,1000,1000,1347.356,1345.167,1341.275,1336.896,1328.869,1333.977,1000,1332.761,1000,1326.68,1000,1318.288,1320.112,1324.491,1327.166,1331.545,1000,1318.288,1319.747,1314.031,1000,1000,1000,1308.801,1000,1308.801,1000,1000,1000,1000,1000,1000,1000,1000,1000,1000,1000,1297.338,1000,1000,1294.906,1294.663,1000,1293.036,1293.887,1294.313,1293.264,1292.831,1000,1000,1000,1000,1000,1387.248,1380.924,1381.897,1377.032,1000,1000,1000,1000,1000,1000,1000,1000,1000,1000,1000,1000,1000,1000,1000,1000,1000,1000,1000,1000,1000,1000,1000,1000,1000,1000,1000,1000,1000,1000,1000,1000,1000,1000,1000,1000,1000,1000,1000,1000,1000,1000,1000,1000,1000,1000,1000,1000,1000,1000,1000,1000,1000,1000,1000,1000,1000,1000,1000,1000,1000,1000,1000,1000,1000,1000,1000,1000,1000,1000,1000,1000,1000,1000,1000,1000,1000,1000,1000,1000,1000,1000,1000,1000,1000,1000,1000,1000,1000,1000,1000,1000,1000,1000,1000,1000,1000,1000,1000,1000,1000,1000,1000,1000,1000,1000,1000,1000,1000,1000,1000,1000
1000,1000,1000,1000,1000,1000,1000,1000,1000,1000,1000,1000,1000,1000,1000,1000,1000,1000,1000,1000,1000,1000,1000,1000,1000,1000,1000,1000,1000,1000,1000,1000,1000,1000,1000,1000,1000,1000,1000,1000,1000,1000,1000,1000,1000,1000,1000,1000,1000,1000,1000,1000,1000,1000,1000,1000,1000,1000,1000,1000,1000,1000,1000,1000,1000,1000,1000,1000,1000,1000,1260.274,1264.652,1271.949,1270.976,1273.895,1276.814,1281.679,1284.598,1287.517,1295.788,1301.625,1192.803,1192.993,1193.791,1193.791,1194.552,1195.296,1196.938,1197.759,1200.496,1200.739,1202.138,1201.895,1203.962,1204.509,1207.854,1210.651,1216.003,1215.638,1220.016,1221.354,1219.043,1223.3,1000,1232.3,1240.814,1254.436,1262.22,1259.787,1268.544,1268.544,1270.976,1271.949,1282.652,1279.733,1293.355,1296.274,1296.274,1296.274,1312.328,1000,1300.166,1208.257,1208.675,1208.409,1208.918,1209.838,1210.864,1212.81,1218.192,1219.834,1220.685,1219.287,1219.53,1221.233,1000,1000,1237.408,1237.895,1239.841,1240.327,1243.003,1246.165,1255.652,1265.868,1000,1000,1285.085,1293.842,1296.274,1306.004,1306.004,1314.761,1327.896,1223.901,1000,1224.722,1000,1000,1000,1227.466,1000,1228.895,1228.226,1230.962,1231.631,1234.854,1000,1000,1000,1000,1000,1000,1000,1259.544,1258.571,1265.868,1270.003,1273.166,1000,1283.625,1000,1000,1000,1000,1000,1335.193,1334.22,1343.464,1335.193,1335.193,1000,1239.392,1239.947,1000,1241.559,1241.665,1242.623,1243.642,1247.625,1250.665,1000,1000,1000,1000,1000,1262.341,1000,1000,1000,1000,1000,1301.139,1000,1304.058,1000,1000,1000,1000,1322.058,1324.977,1332.275,1329.356,1334.22,1000,1000,1000,1000,1000,1000,1000,1264.409,1265.99,1000,1268.848,1000,1000,1000,1269.517,1272.193,1272.922,1000,1000,1295.058,1292.382,1299.923,1299.923,1000,1000,1000,1000,1000,1000,1000,1000,1000,1000,1000,1000,1000,1000,1000,1000,1000,1000,1000,1000,1000,1000,1000,1000,1000,1297.977,1000,1000,1000,1000,1000,1000,1000,1000,1000,1000,1000,1000,1000,1000,1000,1000,1000,1000,1000,1000,1000,1000,1000,1000,1000,1000,1000,1000,1000,1000,1000,1000,1000,1000,1000,1000,1000,1000,1000,1000,1000,1000,1000,1000,1147.711,1148.198,1149.597,1149.353,1149.11,1152.272,1000,1000,1000,1000,1000,1000,1000,1000,1000,1000,1000,1000,1000,1166.38,1165.407,1161.516,1161.516,1000,1000,1000,1218.435,1216.003,1213.084,1214.543,1000,1000,1000,1000,1000,1000,1000,1000,1000,1312.055,1000,1000,1000,1000,1141.106,1140.923,1140.703,1140.566,1140.809,1143.515,1000,1000,1321.268,1321.268,1321.876,1324.004,1000,1000,1333.612,1336.288,1332.031,1329.964,1324.977,1323.335,1319.382,1320.173,1321.876,1323.031,1322.727,1325.22,1321.876,1319.139,1318.409,1315.795,1000,1314.335,1314.518,1314.518,1000,1000,1000,1000,1000,1405.735,1391.627,1372.167,1000,1000,1000,1000,1000,1000,1000,1270.49,1263.193,1254.557,1249.328,1245.557,1243.034,1240.882,1240,1239.43,1336.653,1323.518,1316.707,1310.382,1299.193,1285.571,1275.841,1263.436,1254.922,1253.463,1251.638,1247.138,1242.517,1236.8,1231.388,1228.378,1226.918,1225.885,1225.231,1224.38,1224.243,1223.939,1325.95,1324.004,1324.004,1311.842,1311.842,1314.761,1310.869,1297.247,1298.22,1293.842,1289.463,1287.517,1278.76,1000,1000,1000,1000,1000,1000,1000,1000,1000,1000,1000,1000,1341.275,1000,1000,1324.004,1332.761,1327.653,1328.139,1322.545,1320.112,1314.518,1312.815,1308.072,1307.707,1304.605,1304.909,1302.659,1307.707,1309.896,1311.72,1315.247,1317.923,1308.436,1306.49,1304.909,1000,1000,1299.984,1000,1299.497,1299.315,1299.74,1299.071,1297.338,1000,1000,1000,1000,1000,1000,1000,1000,1000,1000,1000,1000,1000,1000,1366.329,1376.059,1386.275,1378.978,1383.843,1000,1000,1000,1000,1000,1000,1000,1000,1000,1000,1000,1000,1000,1000,1000,1000,1000,1000,1000,1000,1000,1000,1000,1000,1000,1000,1000,1000,1000,1000,1000,1000,1000,1000,1000,1000,1000,1000,1000,1000,1000,1000,1000,1000,1000,1000,1000,1000,1000,1000,1000,1000,1000,1000,1000,1000,1000,1000,1000,1000,1000,1000,1000,1000,1000,1000,1000,1000,1000,1000,1000,1000,1000,1000,1000,1000,1000,1000,1000,1000,1000,1000,1000,1000,1000,1000,1000,1000,1000,1000,1000,1000,1000,1000,1000,1000,1000,1000,1000,1000,1000,1000,1000,1000,1000,1000,1000,1000,1000,1000,1000,1000,1000,1000,1000,1000,1000,1000,1000,1000,1000,1000
1000,1000,1000,1000,1000,1000,1000,1000,1000,1000,1000,1000,1000,1000,1000,1000,1000,1000,1000,1000,1000,1000,1000,1000,1000,1000,1000,1000,1000,1000,1000,1000,1000,1000,1000,1000,1000,1000,1000,1000,1000,1000,1000,1000,1000,1000,1000,1000,1000,1000,1000,1000,1000,1000,1000,1000,1000,1000,1000,1000,1000,1000,1000,1000,1000,1000,1000,1000,1000,1000,1000,1000,1000,1000,1000,1000,1271.949,1273.895,1281.679,1292.869,1192.651,1192.765,1192.993,1193.936,1194.095,1194.643,1196.057,1197.09,1198.094,1200.922,1201.651,1000,1000,1206.273,1207.246,1209.557,1210.286,1215.638,1212.841,1216.489,1215.638,1000,1000,1000,1230.111,1000,1251.03,1255.409,1252.49,1000,1268.057,1270.976,1270.976,1280.706,1279.733,1286.544,1292.382,1293.355,1292.382,1000,1000,1000,1000,1000,1208.257,1208.721,1209.427,1000,1211.624,1218.192,1221.537,1223.422,1221.233,1221.233,1222.814,1000,1228.043,1232.422,1235.584,1237.408,1239.354,1243.49,1251.517,1254.436,1262.22,1268.544,1275.355,1276.814,1290.436,1297.247,1302.112,1000,1314.761,1000,1000,1000,1000,1000,1000,1000,1227.055,1227.618,1000,1000,1231.206,1232.3,1233.76,1000,1000,1000,1000,1000,1000,1000,1258.571,1253.463,1262.22,1269.517,1271.22,1277.058,1289.463,1289.463,1000,1000,1000,1000,1336.653,1340.545,1336.653,1000,1000,1000,1239.468,1000,1240.35,1241.559,1241.665,1000,1243.794,1000,1000,1000,1000,1000,1000,1000,1000,1000,1000,1000,1000,1290.193,1296.274,1000,1301.139,1000,1000,1000,1000,1323.031,1324.977,1335.193,1333.248,1337.139,1000,1000,1000,1000,1000,1000,1000,1260.547,1263.193,1000,1265.443,1000,1000,1000,1270.49,1272.922,1000,1000,1000,1292.382,1289.22,1294.571,1298.22,1303.085,1000,1000,1000,1000,1000,1000,1000,1000,1000,1000,1000,1000,1000,1000,1000,1000,1000,1000,1000,1000,1000,1000,1000,1000,1297.49,1000,1000,1000,1000,1000,1000,1000,1000,1000,1000,1000,1000,1000,1000,1000,1000,1000,1000,1000,1000,1000,1000,1000,1000,1000,1000,1000,1000,1000,1000,1000,1000,1000,1000,1000,1000,1000,1000,1000,1000,1000,1000,1000,1150.63,1147.711,1148.38,1149.11,1148.38,1147.955,1152.272,1155.921,1000,1000,1000,1000,1000,1000,1000,1000,1000,1000,1000,1000,1164.191,1164.678,1163.705,1163.218,1000,1000,1208.705,1213.084,1210.651,1210.651,1207.246,1000,1000,1000,1000,1000,1000,1000,1000,1000,1310.344,1000,1000,1000,1143.379,1141.478,1141.174,1140.923,1140.703,1140.809,1142.421,1000,1312.298,1000,1314.67,1314.852,1315.034,1000,1000,1000,1000,1316.403,1317.011,1315.612,1315.795,1313.393,1313.545,1313.849,1313.849,1313.545,1315.034,1314.67,1312.952,1312.42,1310.854,1310.618,1310.405,1310.002,1309.865,1309.957,1309.523,1400.384,1401.356,1407.681,1402.329,1394.546,1377.518,1369.734,1000,1346.626,1000,1000,1000,1000,1000,1000,1000,1000,1000,1000,1241.346,1240.168,1239.392,1333.248,1324.491,1317.68,1309.409,1302.112,1287.031,1275.841,1264.652,1256.382,1251.152,1248.841,1244.341,1239.598,1234.307,1229.777,1227.618,1226.432,1225.315,1224.782,1224.288,1223.977,1330.815,1321.085,1316.707,1306.977,1295.301,1286.544,1283.625,1280.22,1281.193,1286.058,1287.517,1288.49,1288.49,1281.193,1000,1000,1000,1320.112,1314.882,1000,1312.085,1000,1000,1000,1000,1000,1000,1311.72,1309.531,1307.463,1313.301,1311.72,1311.355,1307.463,1306.125,1303.207,1301.625,1298.889,1297.886,1296.487,1295.727,1000,1297.338,1299.497,1300.166,1302.659,1303.511,1298.463,1297.338,1295.301,1293.598,1000,1000,1000,1293.887,1294.419,1293.887,1000,1000,1000,1000,1000,1000,1365.356,1000,1356.113,1352.707,1350.761,1000,1000,1000,1000,1348.329,1338.112,1339.572,1342.977,1000,1340.545,1332.761,1330.815,1323.274,1000,1318.653,1323.761,1000,1000,1000,1000,1000,1000,1000,1000,1000,1000,1000,1000,1000,1000,1280.037,1000,1000,1000,1000,1000,1000,1000,1273.5,1000,1000,1000,1000,1000,1000,1000,1000,1000,1000,1000,1000,1000,1000,1000,1000,1000,1000,1000,1000,1000,1000,1000,1000,1000,1000,1000,1000,1000,1000,1000,1000,1000,1000,1000,1000,1000,1000,1000,1000,1000,1000,1000,1000,1000,1000,1000,1000,1000,1000,1000,1000,1000,1000,1000,1000,1000,1000,1000,1000,1000,1000,1000,1000,1000,1000,1000,1000,1000,1000,1000,1000,1000,1000,1000,1000,1000,1000,1000,1000,1000,1000,1000,1000,1000,1000,1000,1000,1000,1000,1000,1000,1000
1000,1000,1000,1000,1000,1000,1000,1000,1000,1000,1000,1000,1000,1000,1000,1000,1000,1000,1000,1000,1000,1000,1000,1000,1000,1000,1000,1000,1000,1000,1000,1000,1000,1000,1000,1000,1000,1000,1000,1000,1000,1000,1000,1000,1000,1000,1000,1000,1000,1000,1000,1000,1000,1000,1000,1000,1000,1000,1000,1000,1000,1000,1000,1000,1000,1000,1000,1000,1000,1000,1000,1000,1000,1000,1000,1000,1000,1000,1000,1000,1000,1000,1192.879,1000,1194.354,1195.296,1196.33,1197.394,1198.276,1199.219,1199.036,1201.165,1201.651,1204.266,1206.577,1209.557,1209.192,1216.003,1211.746,1000,1000,1000,1000,1000,1000,1000,1000,1000,1000,1000,1000,1268.544,1265.625,1277.301,1274.868,1277.301,1280.706,1283.625,1278.274,1000,1000,1000,1000,1000,1208.637,1209.283,1000,1000,1000,1000,1000,1000,1000,1218.739,1222.449,1225.125,1226.219,1229.989,1234.246,1234.611,1236.922,1241.787,1251.517,1253.219,1262.22,1267.084,1272.922,1276.328,1286.544,1294.815,1301.139,1308.923,1321.085,1325.95,1000,1000,1000,1000,1000,1000,1227.055,1227.192,1000,1228.712,1230.354,1230.598,1000,1000,1000,1000,1000,1000,1000,1000,1262.22,1252.49,1260.03,1000,1275.841,1280.706,1295.788,1297.247,1306.004,1308.436,1320.599,1000,1334.22,1332.275,1337.626,1000,1000,1000,1000,1000,1000,1000,1000,1000,1244.615,1000,1000,1000,1000,1000,1000,1000,1000,1000,1000,1000,1281.922,1292.139,1296.274,1298.22,1302.112,1000,1000,1000,1000,1323.031,1326.437,1338.112,1336.167,1000,1000,1000,1000,1000,1257.446,1000,1260.547,1262.341,1000,1263.193,1265.686,1000,1000,1000,1000,1000,1000,1000,1000,1289.706,1288.49,1295.058,1297.004,1000,1000,1000,1000,1000,1000,1000,1000,1000,1000,1000,1000,1000,1000,1000,1000,1000,1000,1000,1000,1000,1000,1000,1000,1000,1000,1000,1000,1000,1000,1000,1000,1327.896,1000,1000,1000,1000,1000,1000,1000,1000,1000,1000,1000,1000,1000,1000,1000,1000,1000,1000,1000,1000,1000,1000,1000,1000,1000,1000,1000,1000,1000,1000,1000,1000,1000,1000,1000,1000,1150.083,1148.624,1148.38,1149.597,1149.353,1149.353,1153.124,1157.38,1000,1000,1000,1000,1000,1000,1000,1000,1000,1000,1000,1000,1162.732,1163.705,1164.191,1163.705,1000,1000,1000,1213.57,1210.651,1209.678,1209.678,1208.705,1000,1000,1000,1000,1000,1000,1000,1000,1309.957,1000,1000,1143.652,1142.421,1141.318,1140.923,1140.809,1140.566,1140.756,1143.12,1000,1000,1000,1310.778,1310.694,1310.55,1000,1000,1000,1000,1310.223,1310.618,1310.223,1310.344,1309.911,1309.827,1309.827,1309.713,1309.865,1310.002,1309.827,1309.523,1309.485,1403.302,1405.735,1404.762,1398.438,1393.573,1386.762,1380.924,1370.221,1366.329,1371.194,1368.761,1365.356,1000,1000,1353.68,1350.761,1342.004,1333.248,1323.031,1320.112,1000,1000,1000,1000,1000,1000,1243.642,1242.365,1239.947,1347.356,1332.275,1321.572,1306.49,1301.625,1285.571,1275.112,1265.868,1257.355,1251.152,1247.625,1244.341,1240.327,1235.645,1231.631,1229.594,1227.77,1226.204,1225.315,1224.539,1223.901,1324.977,1315.734,1311.842,1299.193,1287.517,1276.814,1270.003,1262.22,1266.598,1271.463,1276.328,1280.22,1285.085,1276.328,1000,1000,1000,1306.125,1000,1302.963,1304.058,1303.754,1302.173,1000,1000,1000,1000,1300.166,1000,1299.071,1300.652,1299.984,1299.74,1296.487,1297.521,1295.438,1294.906,1293.264,1293.18,1000,1292.542,1292.314,1293.515,1294.313,1293.796,1294.419,1294.1,1292.276,1292.276,1291.934,1381.897,1000,1000,1000,1291.972,1292.397,1292.086,1387.248,1383.843,1363.41,1350.761,1335.68,1335.193,1329.356,1323.761,1323.274,1322.545,1321.085,1000,1000,1000,1000,1320.599,1313.301,1312.572,1000,1000,1309.896,1309.896,1310.869,1306.004,1305.031,1303.085,1000,1000,1000,1000,1000,1000,1000,1000,1000,1000,1000,1000,1000,1000,1000,1000,1000,1000,1000,1000,1000,1000,1000,1000,1000,1000,1000,1000,1000,1000,1000,1000,1000,1000,1000,1000,1000,1000,1000,1000,1000,1000,1000,1000,1000,1000,1000,1000,1000,1000,1000,1000,1000,1000,1000,1000,1000,1000,1000,1000,1000,1000,1000,1000,1000,1000,1000,1000,1000,1000,1000,1000,1000,1000,1000,1000,1000,1000,1000,1000,1000,1000,1000,1000,1000,1000,1000,1000,1000,1000,1000,1000,1000,1000,1000,1000,1000,1000,1000,1000,1000,1000,1000,1000,1000,1000,1000,1000,1000,1000,1000,1000,1000,1000,1000,1000,1000
1000,1000,1000,1000,1000,1000,1000,1000,1000,1000,1000,1000,1000,1000,1000,1000,1000,1000,1000,1000,1000,1000,1000,1000,1000,1000,1000,1000,1000,1000,1000,1000,1000,1000,1000,1000,1000,1000,1000,1000,1000,1000,1000,1000,1000,1000,1000,1000,1000,1000,1000,1000,1000,1000,1000,1000,1000,1000,1000,1000,1000,1000,1000,1000,1000,1000,1000,1000,1000,1000,1000,1000,1000,1000,1000,1000,1000,1000,1000,1000,1000,1000,1000,1000,1194.552,1195.296,1195.92,1197.577,1197.759,1198.459,1199.036,1201.895,1000,1000,1000,1000,1000,1214.057,1000,1000,1000,1000,1000,1000,1000,1000,1000,1000,1000,1000,1000,1255.895,1000,1274.868,1274.868,1274.868,1279.247,1281.679,1269.517,1000,1000,1000,1000,1000,1208.766,1209.838,1000,1000,1000,1000,1000,1000,1000,1218.983,1220.685,1222.145,1223.422,1228.043,1234.246,1234.611,1237.895,1243.976,1252.49,1252.49,1259.057,1266.598,1267.084,1269.517,1279.247,1293.842,1303.085,1000,1316.707,1314.761,1317.68,1324.977,1000,1000,1000,1226.554,1226.797,1226.797,1227.77,1227.466,1229.229,1000,1000,1000,1000,1000,1000,1000,1000,1000,1260.76,1256.382,1265.868,1000,1000,1000,1294.815,1294.328,1299.68,1299.68,1315.734,1322.545,1333.248,1337.626,1239.468,1000,1239.506,1000,1000,1000,1239.902,1000,1000,1000,1000,1000,1000,1000,1000,1000,1000,1000,1000,1000,1000,1273.652,1276.814,1287.517,1294.085,1296.274,1300.652,1305.031,1308.923,1000,1000,1000,1333.248,1343.95,1342.977,1000,1000,1000,1000,1000,1000,1000,1000,1262.767,1262.524,1000,1000,1000,1000,1000,1000,1000,1000,1276.693,1000,1284.112,1000,1000,1000,1000,1000,1000,1000,1000,1000,1000,1000,1000,1000,1000,1000,1000,1000,1000,1000,1000,1000,1000,1000,1000,1000,1000,1000,1000,1000,1000,1000,1000,1000,1000,1000,1321.815,1000,1000,1000,1000,1000,1000,1000,1000,1000,1000,1000,1000,1000,1000,1000,1000,1000,1000,1000,1000,1000,1000,1000,1000,1000,1000,1000,1000,1000,1000,1000,1000,1000,1000,1000,1000,1000,1147.711,1147.955,1149.597,1149.11,1148.38,1150.63,1153.124,1000,1000,1000,1000,1000,1000,1000,1000,1000,1000,1000,1000,1166.38,1166.38,1165.407,1163.218,1000,1000,1201.408,1204.813,1203.354,1204.327,1202.867,1207.246,1000,1000,1000,1000,1000,1309.751,1000,1000,1000,1000,1000,1142.01,1141.554,1141.045,1140.862,1140.756,1140.703,1140.862,1000,1000,1000,1405.735,1402.329,1400.384,1396.492,1000,1000,1000,1000,1387.735,1384.816,1385.789,1384.816,1378.978,1371.194,1378.978,1373.14,1375.572,1381.897,1387.735,1379.951,1377.518,1374.599,1374.599,1373.14,1365.356,1356.113,1348.815,1348.086,1342.004,1343.95,1350.761,1348.086,1343.95,1340.058,1342.734,1338.842,1337.626,1332.761,1326.193,1320.112,1322.058,1315.734,1000,1000,1000,1000,1000,1000,1000,1000,1000,1000,1345.41,1318.653,1307.463,1286.544,1274.625,1263.922,1256.868,1248.841,1247.625,1243.246,1239.598,1235.098,1231.631,1229.229,1227.77,1226.098,1225.071,1224.38,1330.815,1321.085,1311.842,1305.031,1291.896,1284.112,1272.922,1267.084,1262.22,1266.598,1270.003,1274.868,1279.247,1282.652,1272.922,1000,1000,1000,1299.071,1297.004,1295.027,1294.663,1294.313,1293.264,1000,1000,1000,1000,1000,1000,1000,1000,1295.438,1294.906,1292.595,1293.036,1292.443,1291.896,1386.275,1387.248,1000,1000,1378.005,1394.059,1292.238,1000,1394.059,1389.194,1368.275,1369.248,1360.491,1357.086,1356.113,1000,1000,1365.356,1367.302,1358.059,1339.572,1335.68,1325.707,1000,1315.734,1313.301,1308.68,1303.571,1300.652,1300.652,1300.652,1303.571,1000,1000,1000,1000,1000,1000,1000,1291.896,1292.99,1291.531,1293.842,1291.166,1000,1000,1000,1000,1000,1000,1000,1000,1000,1000,1000,1000,1000,1000,1000,1000,1000,1000,1000,1000,1000,1000,1000,1000,1000,1000,1000,1000,1000,1000,1000,1000,1000,1000,1000,1000,1000,1000,1000,1000,1000,1000,1000,1000,1000,1000,1000,1000,1000,1000,1000,1000,1000,1000,1000,1000,1000,1000,1000,1000,1000,1000,1000,1000,1000,1000,1000,1000,1000,1000,1000,1000,1000,1000,1000,1000,1000,1000,1000,1000,1000,1000,1000,1000,1000,1000,1000,1000,1000,1000,1000,1000,1000,1000,1000,1000,1000,1000,1000,1000,1000,1000,1000,1000,1000,1000,1000,1000,1000,1000,1000,1000,1000,1000,1000,1000,1000,1000,1000
1000,1000,1000,1000,1000,1000,1000,1000,1000,1000,1000,1000,1000,1000,1000,1000,1000,1000,1000,1000,1000,1000,1000,1000,1000,1000,1000,1000,1000,1000,1000,1000,1000,1000,1000,1000,1000,1000,1000,1000,1000,1000,1000,1000,1000,1000,1000,1000,1000,1000,1000,1000,1000,1000,1000,1000,1000,1000,1000,1000,1000,1000,1000,1000,1000,1000,1000,1000,1000,1000,1000,1000,1000,1000,1000,1000,1000,1000,1000,1000,1000,1000,1000,1000,1000,1194.962,1195.418,1196.33,1196.482,1196.938,1197.759,1200.739,1000,1000,1000,1000,1000,1000,1000,1000,1000,1000,1000,1000,1000,1000,1000,1000,1000,1000,1253.949,1251.517,1000,1276.328,1283.625,1281.679,1288.49,1286.544,1275.355,1000,1000,1000,1000,1000,1000,1000,1000,1000,1000,1000,1000,1000,1000,1220.381,1000,1223.422,1224.395,1226.219,1232.908,1230.841,1236.922,1240.814,1246.165,1243.976,1253.219,1261.003,1264.409,1266.598,1275.355,1284.112,1287.517,1301.139,1307.95,1306.004,1311.842,1329.842,1224.091,1000,1000,1000,1000,1000,1227.618,1000,1000,1000,1000,1000,1000,1000,1000,1000,1000,1000,1250.179,1250.179,1260.76,1000,1287.031,1000,1299.68,1301.625,1300.652,1306.004,1314.761,1321.572,1330.328,1336.653,1337.626,1000,1000,1000,1000,1000,1240.107,1000,1000,1000,1000,1000,1000,1000,1000,1000,1000,1000,1000,1261.125,1267.571,1267.206,1275.598,1285.085,1292.139,1295.544,1303.571,1301.139,1305.031,1308.923,1316.22,1324.977,1331.302,1336.167,1340.058,1343.95,1000,1000,1000,1000,1000,1000,1261.125,1261.49,1263.436,1000,1265.99,1000,1000,1000,1000,1285.085,1286.058,1279.125,1278.274,1280.463,1000,1000,1000,1000,1000,1000,1000,1000,1000,1000,1000,1000,1000,1000,1000,1000,1000,1000,1000,1000,1000,1000,1000,1000,1000,1000,1000,1000,1000,1000,1000,1000,1000,1000,1000,1317.437,1325.22,1000,1000,1000,1000,1000,1000,1000,1000,1000,1000,1000,1000,1000,1000,1000,1000,1000,1000,1000,1000,1000,1000,1000,1000,1000,1000,1000,1000,1000,1000,1000,1000,1000,1000,1000,1151.421,1149.597,1149.597,1150.63,1151.421,1150.083,1153.428,1000,1000,1000,1000,1000,1000,1000,1000,1000,1000,1000,1000,1000,1168.57,1168.57,1169.299,1166.867,1000,1000,1199.948,1207.246,1204.813,1208.705,1208.705,1217.949,1000,1000,1000,1000,1000,1000,1000,1000,1000,1000,1000,1000,1141.478,1140.923,1140.756,1140.612,1140.414,1140.414,1000,1000,1000,1362.924,1358.545,1356.113,1353.68,1000,1000,1000,1000,1353.68,1349.545,1345.167,1346.626,1341.275,1338.842,1342.734,1342.004,1340.545,1341.275,1342.734,1340.545,1340.058,1341.275,1343.95,1345.896,1339.329,1331.058,1326.193,1324.977,1323.031,1328.139,1335.193,1332.761,1330.328,1324.977,1326.68,1322.545,1321.572,1319.261,1316.099,1312.815,1313.666,1312.085,1310.261,1312.45,1000,1000,1295.301,1000,1000,1000,1000,1000,1000,1000,1326.437,1301.625,1286.544,1273.166,1265.868,1253.949,1251.152,1244.706,1240.692,1235.402,1232.3,1229.229,1227.922,1226.31,1225.315,1224.6,1223.787,1322.058,1309.896,1300.166,1286.058,1278.76,1269.517,1265.139,1261.003,1264.409,1268.544,1270.003,1273.895,1279.247,1270.976,1000,1000,1296.183,1294.206,1293.18,1292.542,1292.489,1292.489,1396.978,1381.897,1000,1000,1000,1000,1000,1000,1000,1000,1000,1390.167,1395.032,1000,1000,1354.653,1347.842,1000,1000,1000,1000,1000,1000,1342.977,1330.085,1328.626,1326.437,1000,1000,1000,1000,1000,1000,1000,1000,1312.085,1314.518,1307.707,1303.085,1302.599,1296.274,1292.26,1288.004,1284.598,1284.051,1283.2,1282.166,1282.713,1281.922,1000,1000,1000,1280.706,1282.166,1281.436,1281.193,1279.855,1282.409,1280.524,1279.247,1276.115,1000,1000,1000,1000,1000,1000,1000,1000,1000,1000,1000,1000,1000,1000,1000,1000,1000,1000,1000,1000,1000,1000,1000,1000,1000,1000,1000,1000,1000,1000,1000,1000,1000,1000,1000,1000,1000,1000,1000,1000,1000,1000,1000,1000,1000,1000,1000,1000,1000,1000,1000,1000,1000,1000,1000,1000,1000,1000,1000,1000,1000,1000,1000,1000,1000,1000,1000,1000,1000,1000,1000,1000,1000,1000,1000,1000,1000,1000,1000,1000,1000,1000,1000,1000,1000,1000,1000,1000,1000,1000,1000,1000,1000,1000,1000,1000,1000,1000,1000,1000,1000,1000,1000,1000,1000,1000,1000,1000,1000,1000,1000,1000,1000,1000,1000,1000,1000
1000,1000,1000,1000,1000,1000,1000,1000,1000,1000,1000,1000,1000,1000,1000,1000,1000,1000,1000,1000,1000,1000,1000,1000,1000,1000,1000,1000,1000,1000,1000,1000,1000,1000,1000,1000,1000,1000,1000,1000,1000,1000,1000,1000,1000,1000,1000,1000,1000,1000,1000,1000,1000,1000,1000,1000,1000,1000,1000,1000,1000,1000,1000,1000,1000,1000,1000,1000,1000,1000,1000,1000,1000,1000,1000,1000,1000,1000,1000,1000,1000,1000,1000,1000,1000,1000,1000,1000,1000,1197.759,1199.462,1203.962,1205.969,1000,1000,1000,1000,1000,1000,1000,1000,1228.895,1000,1000,1000,1000,1000,1000,1234.003,1241.3,1255.409,1256.868,1266.111,1274.868,1280.706,1277.301,1281.679,1279.733,1278.274,1000,1000,1000,1000,1000,1000,1000,1000,1000,1000,1000,1000,1000,1000,1000,1231.571,1228.408,1227.679,1227.314,1232.057,1229.989,1235.098,1237.408,1243.49,1240.814,1247.868,1254.436,1256.868,1258.328,1264.409,1275.355,1284.112,1307.95,1317.68,1000,1000,1000,1000,1000,1000,1000,1000,1226.918,1227.77,1000,1000,1000,1000,1000,1000,1000,1000,1000,1000,1000,1245.922,1249.814,1256.382,1000,1000,1000,1000,1296.76,1294.328,1301.625,1305.031,1316.707,1326.437,1332.275,1333.248,1334.22,1341.518,1342.491,1239.506,1000,1000,1000,1000,1000,1000,1000,1000,1000,1000,1000,1000,1000,1000,1265.382,1272.436,1270.976,1279.49,1286.787,1296.274,1296.274,1302.112,1302.112,1307.95,1305.031,1322.058,1329.356,1341.031,1345.896,1359.032,1355.14,1000,1000,1000,1000,1258.601,1258.464,1259.666,1258.753,1261.916,1000,1000,1000,1000,1000,1000,1000,1287.031,1000,1000,1000,1000,1000,1000,1000,1000,1000,1000,1000,1000,1000,1000,1000,1000,1000,1000,1000,1000,1000,1000,1000,1000,1000,1000,1000,1000,1000,1000,1000,1000,1000,1000,1000,1000,1000,1000,1000,1323.761,1000,1344.437,1355.14,1000,1000,1000,1000,1000,1000,1000,1000,1000,1000,1000,1000,1000,1000,1000,1000,1000,1000,1000,1000,1000,1000,1000,1000,1000,1000,1000,1000,1000,1000,1000,1000,1148.867,1148.38,1148.867,1150.63,1152.576,1152.82,1156.651,1163.462,1000,1000,1000,1000,1000,1000,1000,1000,1000,1000,1000,1000,1167.597,1167.597,1170.516,1168.57,1000,1000,1190.948,1203.354,1204.327,1208.219,1213.084,1000,1000,1000,1000,1000,1000,1000,1000,1000,1000,1000,1000,1000,1141.638,1141.318,1141.174,1140.862,1140.657,1140.703,1000,1000,1000,1000,1000,1000,1323.518,1000,1000,1000,1000,1000,1324.491,1321.572,1321.572,1319.261,1317.923,1317.923,1318.774,1317.923,1316.585,1316.099,1318.774,1318.288,1317.437,1322.545,1324.004,1320.112,1313.666,1313.301,1310.99,1309.166,1310.626,1314.882,1311.72,1310.626,1308.072,1308.436,1307.099,1305.822,1304.362,1302.173,1302.173,1303.754,1304.909,1304.605,1307.099,1300.166,1296.639,1293.994,1292.831,1292.276,1292.2,1000,1000,1000,1000,1000,1000,1000,1287.031,1276.571,1262.22,1256.868,1250.179,1243.611,1238.381,1234.064,1230.354,1228.226,1227.055,1225.489,1224.661,1223.787,1322.058,1308.923,1298.22,1285.085,1278.76,1270.003,1264.409,1259.544,1262.949,1264.409,1267.084,1272.436,1278.76,1274.868,1000,1000,1000,1383.843,1375.086,1371.194,1368.275,1000,1000,1000,1000,1000,1342.977,1000,1000,1000,1000,1000,1000,1000,1000,1000,1000,1000,1322.545,1000,1318.166,1320.599,1000,1000,1313.788,1310.869,1304.058,1307.22,1303.571,1301.625,1298.463,1301.625,1298.828,1000,1000,1000,1286.058,1288.004,1289.342,1288.004,1287.031,1288.004,1283.504,1282.409,1280.706,1278.243,1277.027,1276.419,1275.568,1274.96,1000,1000,1000,1000,1000,1275.081,1000,1274.336,1273.964,1274.96,1000,1000,1000,1000,1000,1357.572,1356.599,1000,1000,1000,1000,1000,1000,1000,1000,1000,1000,1000,1000,1000,1000,1000,1000,1000,1000,1000,1000,1000,1000,1000,1000,1000,1000,1000,1000,1000,1000,1000,1000,1000,1000,1000,1000,1000,1000,1000,1000,1000,1000,1000,1000,1000,1000,1000,1000,1000,1000,1000,1000,1000,1000,1000,1000,1000,1000,1000,1000,1000,1000,1000,1000,1000,1000,1000,1000,1000,1000,1000,1000,1000,1000,1000,1000,1000,1000,1000,1000,1000,1000,1000,1000,1000,1000,1000,1000,1000,1000,1000,1000,1000,1000,1000,1000,1000,1000,1000,1000,1000,1000,1000,1000,1000,1000,1000,1000,1000,1000,1000,1000,1000
1000,1000,1000,1000,1000,1000,1000,1000,1000,1000,1000,1000,1000,1000,1000,1000,1000,1000,1000,1000,1000,1000,1000,1000,1000,1000,1000,1000,1000,1000,1000,1000,1000,1000,1000,1000,1000,1000,1000,1000,1000,1000,1000,1000,1000,1000,1000,1000,1000,1000,1000,1000,1000,1000,1000,1000,1000,1000,1000,1000,1000,1000,1000,1000,1000,1000,1000,1000,1000,1000,1000,1000,1000,1000,1000,1000,1000,1000,1000,1000,1000,1000,1000,1000,1000,1000,1000,1000,1000,1000,1000,1000,1000,1000,1208.462,1000,1000,1000,1000,1000,1000,1233.516,1235.219,1000,1000,1000,1000,1000,1000,1242.76,1252.976,1255.895,1267.084,1271.949,1281.679,1281.679,1287.517,1283.625,1000,1000,1000,1000,1000,1000,1000,1000,1000,1000,1000,1000,1000,1000,1000,1000,1000,1236.071,1232.908,1231.206,1232.057,1229.138,1232.908,1235.584,1240.327,1240.327,1246.652,1252.003,1256.868,1261.003,1265.868,1278.76,1290.436,1305.031,1316.707,1321.085,1000,1000,1000,1224.243,1000,1225.071,1225.991,1226.31,1226.554,1227.192,1000,1000,1000,1000,1000,1000,1000,1000,1000,1000,1244.706,1255.409,1263.436,1275.841,1280.706,1283.625,1282.166,1283.625,1288.004,1294.328,1302.112,1312.815,1319.626,1319.626,1326.437,1329.356,1000,1340.545,1239.544,1240,1000,1000,1000,1000,1000,1000,1000,1000,1000,1000,1000,1000,1000,1263.557,1272.436,1272.436,1281.436,1290.193,1296.274,1294.085,1300.652,1302.112,1305.031,1302.599,1319.626,1000,1000,1000,1254.922,1000,1000,1000,1256.823,1256.914,1258.905,1259.057,1260.182,1258.753,1261.49,1000,1000,1000,1000,1000,1000,1000,1287.031,1276.693,1000,1000,1000,1000,1000,1000,1000,1000,1000,1000,1000,1000,1000,1000,1000,1000,1000,1000,1000,1000,1000,1000,1000,1000,1000,1000,1000,1000,1000,1000,1000,1000,1000,1000,1000,1000,1000,1000,1000,1000,1000,1349.302,1000,1000,1000,1000,1000,1000,1000,1000,1000,1000,1000,1000,1000,1000,1000,1000,1000,1000,1000,1000,1000,1000,1000,1000,1000,1000,1000,1000,1000,1000,1000,1000,1000,1146.921,1147.955,1149.84,1151.725,1151.968,1154.705,1000,1000,1000,1000,1000,1000,1000,1000,1000,1000,1000,1000,1000,1000,1166.38,1166.867,1166.38,1000,1000,1191.435,1204.813,1206.759,1208.705,1213.57,1224.76,1000,1000,1000,1000,1000,1000,1000,1000,1000,1000,1000,1000,1141.478,1141.174,1140.984,1140.703,1140.657,1140.528,1000,1000,1000,1000,1000,1311.72,1309.896,1309.531,1000,1308.801,1308.072,1307.707,1304.605,1302.963,1303.511,1302.659,1303.511,1304.909,1306.734,1307.463,1307.099,1307.707,1308.072,1305.213,1303.754,1304.058,1304.909,1303.207,1301.625,1301.139,1298.707,1296.487,1297.156,1297.156,1297.004,1298.281,1297.703,1297.886,1298.707,1298.281,1298.281,1295.727,1295.438,1000,1294.663,1000,1000,1294.1,1293.34,1292.542,1292.048,1392.113,1392.113,1383.843,1370.221,1363.41,1000,1000,1000,1000,1000,1000,1000,1000,1259.057,1250.665,1242.517,1236.253,1231.388,1228.712,1227.466,1225.778,1224.782,1223.901,1322.058,1308.923,1295.301,1286.058,1281.193,1273.895,1266.598,1261.49,1261.003,1261.003,1262.22,1269.517,1273.895,1275.355,1000,1000,1000,1339.572,1339.085,1335.68,1336.653,1335.193,1325.707,1000,1322.545,1000,1316.707,1000,1000,1000,1000,1000,1000,1000,1000,1000,1000,1310.382,1304.544,1302.112,1300.652,1301.139,1293.355,1000,1289.342,1288.247,1287.274,1291.166,1288.247,1288.247,1286.362,1286.058,1284.598,1000,1000,1000,1278.061,1279.429,1279.855,1279.247,1278.639,1278.639,1275.568,1275.568,1274.64,1273.432,1273.082,1273.029,1272.778,1000,1000,1000,1000,1000,1373.626,1370.707,1373.626,1363.41,1358.545,1000,1000,1000,1338.599,1332.761,1329.356,1322.058,1323.518,1323.518,1324.491,1000,1301.869,1301.869,1295.788,1291.166,1292.382,1000,1000,1000,1000,1000,1000,1000,1000,1000,1000,1000,1000,1000,1000,1000,1000,1000,1000,1000,1000,1000,1000,1000,1000,1000,1000,1000,1000,1000,1000,1000,1000,1000,1000,1000,1000,1000,1000,1000,1000,1000,1000,1000,1000,1000,1000,1000,1000,1000,1000,1000,1000,1000,1000,1000,1000,1000,1000,1000,1000,1000,1000,1000,1000,1000,1000,1000,1000,1000,1000,1000,1000,1000,1000,1000,1000,1000,1000,1000,1000,1000,1000,1000,1000,1000,1000,1000,1000,1000,1000,1000,1000,1000,1000,1000,1000,1000,1000,1000,1000,1000,1000,1000,1000,1000
1000,1000,1000,1000,1000,1000,1000,1000,1000,1000,1000,1000,1000,1000,1000,1000,1000,1000,1000,1000,1000,1000,1000,1000,1000,1000,1000,1000,1000,1000,1000,1000,1000,1000,1000,1000,1000,1000,1000,1000,1000,1000,1000,1000,1000,1000,1000,1000,1000,1000,1000,1000,1000,1000,1000,1000,1000,1000,1000,1000,1000,1000,1000,1000,1000,1000,1000,1000,1000,1000,1000,1000,1000,1000,1000,1000,1000,1000,1000,1000,1000,1000,1000,1000,1000,1000,1000,1000,1000,1000,1000,1000,1000,1000,1000,1000,1000,1000,1000,1000,1000,1000,1231.084,1228.408,1000,1224.273,1000,1000,1000,1243.976,1000,1000,1000,1273.895,1282.652,1285.571,1287.517,1000,1000,1000,1000,1000,1000,1000,1000,1000,1000,1000,1000,1000,1000,1000,1000,1000,1000,1242.517,1235.584,1231.571,1233.76,1233.273,1231.571,1233.273,1238.381,1237.895,1243.49,1252.003,1256.868,1261.49,1267.084,1281.193,1293.842,1309.896,1316.707,1323.031,1332.761,1000,1000,1000,1000,1000,1225.315,1225.885,1226.204,1226.675,1000,1000,1229.777,1233.03,1000,1000,1000,1000,1000,1000,1242.517,1252.976,1258.571,1271.949,1273.895,1275.112,1000,1279.247,1285.085,1287.031,1290.436,1306.49,1307.463,1312.815,1323.518,1332.275,1000,1340.545,1239.392,1239.772,1240,1000,1000,1000,1000,1000,1000,1000,1000,1000,1000,1000,1261.49,1263.193,1000,1000,1000,1000,1000,1294.085,1299.193,1298.22,1302.112,1299.193,1316.22,1000,1000,1000,1000,1000,1000,1000,1256.541,1256.131,1257.02,1256.914,1257.446,1256.625,1258.328,1000,1000,1000,1000,1000,1000,1000,1284.598,1278.274,1000,1000,1000,1000,1000,1000,1000,1000,1000,1000,1000,1000,1000,1000,1000,1000,1000,1000,1000,1000,1000,1000,1000,1000,1000,1000,1000,1000,1000,1000,1000,1000,1000,1000,1000,1000,1000,1000,1000,1000,1000,1000,1000,1000,1000,1000,1000,1000,1000,1000,1000,1000,1000,1000,1000,1000,1000,1000,1000,1000,1000,1000,1000,1000,1000,1000,1000,1000,1000,1000,1000,1000,1000,1000,1000,1146.495,1147.286,1148.624,1150.387,1150.083,1151.725,1156.286,1000,1000,1000,1000,1000,1000,1000,1000,1000,1000,1000,1000,1000,1164.191,1163.705,1162.732,1000,1000,1186.327,1198.975,1204.813,1208.705,1213.084,1223.787,1000,1000,1000,1000,1000,1000,1000,1000,1000,1000,1141.904,1140.923,1141.045,1140.862,1140.657,1140.528,1140.756,1000,1000,1000,1000,1000,1298.889,1298.889,1298.889,1298.463,1297.886,1298.707,1297.886,1296.183,1295.301,1294.541,1294.663,1294.906,1296.031,1296.335,1297.703,1297.886,1297.004,1297.156,1298.098,1295.727,1295.027,1295.301,1294.784,1293.423,1293.515,1293.423,1292.648,1292.397,1292.648,1292.595,1292.542,1292.831,1292.891,1292.891,1293.515,1293.264,1293.264,1292.086,1394.059,1378.978,1378.978,1372.167,1000,1392.113,1394.059,1386.275,1386.275,1375.086,1372.167,1363.41,1358.059,1347.842,1341.031,1323.761,1315.004,1000,1000,1000,1000,1000,1000,1260.76,1249.814,1239.963,1233.76,1230.354,1228.53,1226.098,1224.722,1223.901,1323.031,1309.896,1294.815,1287.517,1281.193,1274.868,1265.868,1263.679,1260.274,1259.057,1259.057,1267.084,1268.544,1000,1000,1000,1000,1309.409,1310.382,1310.382,1311.599,1305.517,1305.031,1000,1000,1000,1000,1000,1289.342,1290.436,1000,1000,1000,1000,1000,1000,1000,1000,1296.639,1292.625,1293.355,1292.99,1285.45,1000,1000,1279.004,1279.429,1280.037,1278.821,1280.037,1278.639,1277.027,1276.723,1274.336,1273.432,1273.5,1273.5,1273.804,1274.139,1273.721,1273.249,1273.188,1377.518,1376.545,1372.653,1363.41,1361.464,1362.437,1358.545,1000,1000,1000,1000,1332.761,1332.761,1327.896,1337.139,1334.22,1328.383,1321.572,1318.166,1309.653,1301.139,1298.22,1301.139,1295.788,1295.788,1297.004,1294.571,1284.598,1280.463,1281.801,1279.612,1278.274,1278.76,1000,1000,1000,1000,1000,1000,1000,1000,1000,1000,1000,1000,1000,1000,1000,1000,1000,1000,1000,1000,1000,1000,1000,1000,1000,1000,1000,1000,1000,1000,1000,1000,1000,1000,1000,1000,1000,1000,1000,1000,1000,1000,1000,1000,1000,1000,1000,1000,1000,1000,1000,1000,1000,1000,1000,1000,1000,1000,1000,1000,1000,1000,1000,1000,1000,1000,1000,1000,1000,1000,1000,1000,1000,1000,1000,1000,1000,1000,1000,1000,1000,1000,1000,1000,1000,1000,1000,1000,1000,1000,1000,1000,1000,1000,1000,1000,1000,1000,1000,1000,1000,1000,1000,1000,1000
1000,1000,1000,1000,1000,1000,1000,1000,1000,1000,1000,1000,1000,1000,1000,1000,1000,1000,1000,1000,1000,1000,1000,1000,1000,1000,1000,1000,1000,1000,1000,1000,1000,1000,1000,1000,1000,1000,1000,1000,1000,1000,1000,1000,1000,1000,1000,1000,1000,1000,1000,1000,1000,1000,1000,1000,1000,1000,1000,1000,1000,1000,1000,1000,1000,1000,1000,1000,1000,1000,1000,1000,1000,1000,1000,1000,1000,1000,1000,1000,1000,1000,1000,1000,1000,1000,1000,1000,1000,1000,1000,1000,1000,1000,1000,1000,1000,1000,1000,1000,1000,1000,1228.895,1230.598,1000,1221.354,1000,1000,1000,1000,1000,1000,1273.895,1275.355,1284.598,1000,1000,1000,1000,1000,1000,1000,1000,1000,1000,1000,1000,1000,1000,1000,1000,1000,1000,1000,1000,1000,1000,1232.057,1234.611,1235.098,1234.611,1235.098,1241.787,1243.003,1247.382,1252.49,1263.679,1269.517,1278.76,1287.517,1298.22,1309.896,1313.788,1317.68,1223.863,1000,1000,1000,1000,1224.851,1225.315,1225.581,1225.991,1226.918,1000,1000,1232.543,1000,1000,1000,1000,1000,1000,1000,1000,1250.665,1258.084,1268.787,1271.949,1275.112,1275.112,1279.977,1000,1287.031,1294.815,1307.463,1310.382,1310.869,1322.545,1000,1000,1332.275,1343.464,1239.506,1240.289,1000,1000,1000,1000,1000,1000,1000,1000,1000,1000,1000,1262.706,1000,1000,1000,1000,1000,1000,1000,1300.652,1298.22,1300.652,1000,1317.193,1319.626,1328.383,1000,1000,1000,1000,1000,1256.366,1255.621,1255.857,1256.062,1256.366,1256.062,1257.932,1000,1000,1000,1000,1000,1000,1000,1283.139,1000,1000,1000,1000,1000,1000,1000,1000,1000,1000,1000,1000,1000,1000,1000,1000,1000,1000,1000,1000,1000,1000,1000,1000,1000,1000,1000,1000,1000,1000,1000,1000,1000,1000,1000,1000,1000,1000,1000,1000,1000,1000,1000,1000,1000,1000,1000,1000,1000,1000,1000,1000,1000,1000,1000,1000,1000,1000,1000,1000,1000,1000,1000,1000,1000,1000,1000,1000,1000,1000,1000,1000,1000,1000,1000,1000,1000,1147.955,1148.38,1149.597,1149.353,1150.387,1151.421,1000,1000,1000,1000,1000,1000,1000,1000,1000,1000,1000,1000,1000,1158.11,1157.624,1156.651,1161.516,1000,1000,1204.327,1208.219,1213.57,1216.976,1000,1000,1000,1000,1000,1000,1000,1000,1000,1000,1000,1142.877,1141.318,1141.25,1140.984,1140.566,1140.49,1140.612,1000,1000,1000,1000,1000,1293.598,1293.34,1293.036,1293.18,1293.18,1293.515,1292.709,1292.542,1292.352,1292.086,1291.972,1000,1000,1292.352,1000,1292.648,1292.648,1292.443,1292.831,1292.238,1291.972,1291.896,1388.221,1377.032,1378.005,1378.005,1371.194,1366.329,1368.275,1371.194,1373.14,1378.978,1383.843,1385.302,1392.113,1386.275,1000,1353.68,1345.896,1342.004,1339.085,1345.41,1000,1361.464,1358.059,1351.734,1349.302,1342.977,1339.572,1333.734,1330.815,1321.085,1319.382,1312.572,1308.193,1306.004,1302.112,1297.125,1000,1000,1000,1000,1000,1000,1000,1236.253,1000,1228.53,1226.098,1224.486,1331.788,1313.788,1295.301,1286.544,1280.22,1272.922,1267.084,1264.409,1262.22,1261.003,1262.949,1271.463,1281.679,1000,1000,1000,1286.362,1288.612,1291.166,1291.896,1294.206,1292.26,1291.531,1000,1000,1000,1000,1000,1277.879,1279.004,1278.061,1000,1000,1000,1000,1000,1000,1000,1000,1000,1281.436,1279.612,1276.571,1274.96,1275.446,1273.964,1273.964,1000,1273.5,1273.249,1272.892,1272.588,1272.702,1373.626,1368.761,1365.356,1367.788,1369.734,1372.653,1000,1364.383,1361.464,1344.923,1342.977,1337.139,1332.761,1329.356,1325.464,1326.923,1000,1000,1000,1000,1000,1300.652,1296.274,1300.652,1303.571,1296.274,1292.382,1289.706,1285.085,1280.95,1280.95,1284.112,1280.463,1281.801,1280.463,1279.125,1273.287,1270.125,1268.848,1265.99,1265.199,1000,1000,1000,1000,1000,1000,1000,1000,1000,1000,1000,1000,1000,1000,1000,1000,1000,1000,1000,1000,1000,1000,1000,1000,1000,1000,1000,1000,1000,1000,1000,1000,1000,1000,1000,1000,1000,1000,1000,1000,1000,1000,1000,1000,1000,1000,1000,1000,1000,1000,1000,1000,1000,1000,1000,1000,1000,1000,1000,1000,1000,1000,1000,1000,1000,1000,1000,1000,1000,1000,1000,1000,1000,1000,1000,1000,1000,1000,1000,1000,1000,1000,1000,1000,1000,1000,1000,1000,1000,1000,1000,1000,1000,1000,1000,1000,1000,1000,1000,1000,1000,1000,1000,1000,1000,1000
1000,1000,1000,1000,1000,1000,1000,1000,1000,1000,1000,1000,1000,1000,1000,1000,1000,1000,1000,1000,1000,1000,1000,1000,1000,1000,1000,1000,1000,1000,1000,1000,1000,1000,1000,1000,1000,1000,1000,1000,1000,1000,1000,1000,1000,1000,1000,1000,1000,1000,1000,1000,1000,1000,1000,1000,1000,1000,1000,1000,1000,1000,1000,1000,1000,1000,1000,1000,1000,1000,1000,1000,1000,1000,1000,1000,1000,1000,1000,1000,1000,1000,1000,1000,1000,1000,1193.297,1000,1000,1000,1000,1000,1000,1000,1000,1000,1000,1000,1000,1000,1000,1000,1231.814,1233.516,1232.3,1232.3,1236.435,1241.3,1247.382,1249.571,1257.355,1261.247,1000,1268.057,1000,1000,1000,1000,1000,1000,1000,1000,1000,1000,1000,1000,1000,1000,1000,1000,1000,1000,1000,1000,1000,1000,1000,1234.611,1237.895,1236.071,1235.098,1232.908,1239.354,1242.517,1246.165,1250.787,1265.868,1000,1000,1293.842,1304.058,1310.869,1312.815,1317.68,1332.761,1327.896,1000,1000,1000,1224.722,1225.581,1225.155,1225.489,1225.489,1226.554,1229.047,1232.057,1233.76,1000,1000,1000,1000,1000,1000,1000,1251.638,1256.868,1258.571,1261.247,1262.22,1265.868,1000,1000,1277.787,1288.004,1299.193,1299.193,1305.031,1000,1000,1000,1000,1000,1000,1000,1000,1000,1000,1000,1000,1000,1000,1000,1000,1000,1000,1000,1000,1000,1000,1000,1000,1000,1000,1294.085,1297.004,1000,1000,1316.22,1000,1000,1000,1000,1000,1000,1000,1000,1255.036,1255.036,1255.378,1255.621,1255.621,1000,1000,1000,1000,1000,1000,1000,1000,1278.274,1000,1000,1000,1000,1000,1000,1000,1000,1000,1000,1000,1000,1000,1000,1000,1000,1000,1000,1000,1000,1000,1000,1000,1000,1000,1000,1000,1000,1000,1000,1000,1000,1000,1000,1000,1000,1000,1000,1000,1000,1000,1000,1000,1000,1000,1000,1000,1000,1000,1000,1000,1000,1000,1000,1000,1000,1000,1000,1000,1000,1000,1000,1000,1000,1000,1000,1000,1000,1000,1000,1000,1000,1000,1000,1000,1000,1000,1148.198,1147.711,1148.198,1147.711,1148.38,1147.955,1000,1000,1000,1000,1000,1000,1000,1000,1000,1000,1000,1000,1000,1155.313,1157.137,1156.651,1162.002,1000,1000,1201.408,1207.246,1210.651,1214.543,1000,1000,1000,1000,1000,1000,1000,1000,1000,1000,1000,1141.638,1140.862,1141.106,1140.862,1140.657,1140.566,1140.809,1000,1000,1000,1000,1000,1000,1000,1379.951,1386.275,1383.843,1000,1376.059,1000,1370.221,1368.275,1000,1000,1372.167,1376.059,1000,1376.059,1374.113,1369.248,1371.194,1364.383,1359.518,1357.086,1354.653,1347.842,1349.302,1350.275,1345.896,1340.545,1343.464,1342.004,1343.464,1346.869,1352.707,1350.275,1351.734,1000,1000,1315.004,1312.085,1311.599,1313.301,1315.734,1321.085,1325.22,1325.707,1318.166,1319.382,1313.788,1312.085,1309.896,1309.409,1303.085,1304.058,1300.652,1296.274,1296.639,1295.423,1294.206,1294.206,1292.625,1287.274,1000,1000,1000,1000,1000,1000,1000,1000,1000,1000,1325.95,1306.977,1302.112,1292.869,1281.193,1271.463,1268.544,1263.679,1261.49,1267.084,1284.112,1000,1000,1000,1273.721,1277.879,1278.061,1278.821,1280.281,1281.193,1279.612,1000,1000,1000,1000,1000,1000,1273.082,1273.645,1273.029,1378.491,1378.491,1000,1000,1000,1000,1000,1000,1000,1000,1000,1272.816,1000,1000,1000,1000,1000,1363.41,1360.491,1357.572,1347.842,1356.599,1342.004,1338.599,1337.139,1338.599,1333.248,1337.139,1000,1330.815,1325.464,1319.626,1315.247,1308.923,1305.761,1301.869,1295.788,1000,1000,1290.679,1286.058,1288.004,1287.517,1284.112,1281.314,1284.112,1283.139,1277.544,1274.017,1272.922,1268.544,1265.199,1266.537,1268.848,1266.78,1267.936,1268.848,1267.389,1265.686,1262.524,1261.307,1259.666,1258.905,1000,1000,1000,1000,1000,1000,1000,1000,1345.896,1000,1000,1000,1000,1000,1000,1000,1000,1000,1000,1000,1000,1000,1000,1000,1000,1000,1000,1000,1000,1000,1000,1000,1000,1000,1000,1000,1000,1000,1000,1000,1000,1000,1000,1000,1000,1000,1000,1000,1000,1000,1000,1000,1000,1000,1000,1000,1000,1000,1000,1000,1000,1000,1000,1000,1000,1000,1000,1000,1000,1000,1000,1000,1000,1000,1000,1000,1000,1000,1000,1000,1000,1000,1000,1000,1000,1000,1000,1000,1000,1000,1000,1000,1000,1000,1000,1000,1000,1000,1000,1000,1000,1000,1000,1000,1000,1000
1000,1000,1000,1000,1000,1000,1000,1000,1000,1000,1000,1000,1000,1000,1000,1000,1000,1000,1000,1000,1000,1000,1000,1000,1000,1000,1000,1000,1000,1000,1000,1000,1000,1000,1000,1000,1000,1000,1000,1000,1000,1000,1000,1000,1000,1000,1000,1000,1000,1000,1000,1000,1000,1000,1000,1000,1000,1000,1000,1000,1000,1000,1000,1000,1000,1000,1000,1000,1000,1000,1000,1000,1000,1000,1000,1000,1000,1000,1000,1000,1000,1000,1000,1000,1000,1000,1000,1000,1000,1000,1000,1000,1000,1000,1000,1000,1000,1000,1000,1000,1000,1000,1000,1000,1000,1000,1231.814,1240.084,1250.301,1252.976,1257.355,1264.652,1268.544,1270.976,1000,1000,1000,1000,1000,1000,1000,1000,1000,1000,1000,1000,1000,1000,1000,1000,1000,1000,1000,1000,1000,1237.408,1000,1231.206,1237.895,1237.408,1237.408,1234.611,1237.408,1240.814,1245.192,1248.354,1266.598,1000,1000,1294.815,1300.166,1299.193,1300.166,1305.031,1322.058,1323.031,1223.939,1224.486,1224.486,1224.6,1225.315,1224.661,1224.995,1225.489,1226.675,1229.047,1231.631,1234.854,1000,1000,1000,1000,1000,1000,1000,1249.328,1255.409,1255.895,1256.868,1260.03,1261.733,1272.436,1282.166,1284.112,1293.355,1308.436,1300.652,1000,1000,1000,1000,1000,1000,1000,1000,1241.665,1000,1000,1000,1000,1000,1000,1000,1000,1000,1000,1000,1000,1000,1000,1000,1000,1000,1278.517,1283.625,1283.625,1290.193,1000,1314.761,1000,1000,1000,1000,1000,1000,1000,1000,1000,1363.896,1255.568,1256.131,1255.918,1257.02,1000,1000,1000,1000,1000,1000,1000,1276.328,1276.328,1280.463,1000,1285.085,1000,1000,1000,1000,1000,1000,1000,1000,1000,1000,1000,1000,1000,1000,1000,1000,1000,1000,1000,1000,1000,1000,1000,1000,1000,1000,1000,1000,1000,1000,1000,1000,1000,1000,1000,1000,1000,1000,1000,1000,1000,1000,1000,1000,1000,1000,1000,1000,1000,1000,1000,1000,1000,1000,1000,1000,1000,1000,1000,1000,1000,1000,1000,1000,1000,1000,1000,1000,1000,1000,1000,1000,1000,1150.387,1149.84,1149.353,1147.711,1147.955,1146.495,1000,1000,1000,1000,1000,1000,1000,1000,1000,1000,1000,1000,1000,1155.313,1156.651,1157.137,1163.218,1000,1000,1197.759,1203.354,1210.651,1213.57,1000,1000,1000,1000,1000,1000,1000,1000,1000,1000,1000,1141.174,1140.756,1140.923,1140.809,1140.528,1140.452,1140.452,1000,1000,1000,1000,1000,1000,1000,1347.842,1000,1000,1000,1000,1000,1000,1339.085,1000,1000,1000,1334.22,1000,1334.22,1333.734,1338.112,1338.112,1332.275,1330.085,1327.166,1325.22,1319.869,1321.815,1319.869,1317.437,1315.734,1324.491,1323.761,1323.761,1326.437,1323.274,1312.572,1310.382,1000,1295.423,1293.355,1294.206,1295.788,1297.49,1299.315,1300.288,1301.139,1300.652,1296.639,1299.315,1297.977,1296.639,1297.125,1297.125,1291.896,1292.26,1290.071,1285.754,1287.031,1286.666,1286.058,1286.058,1285.754,1282.713,1281.679,1278.821,1275.324,1274.139,1000,1000,1000,1000,1000,1000,1000,1326.923,1319.626,1305.031,1289.463,1278.76,1275.355,1270.003,1271.463,1281.679,1000,1000,1000,1357.572,1272.55,1273.31,1273.432,1273.188,1274.055,1000,1000,1000,1000,1000,1000,1000,1370.707,1368.761,1364.383,1363.41,1347.842,1346.869,1346.869,1000,1000,1000,1000,1000,1000,1000,1000,1342.977,1000,1000,1000,1000,1000,1319.139,1317.68,1320.599,1318.166,1323.518,1315.247,1311.842,1310.382,1309.653,1304.301,1000,1000,1301.139,1298.707,1296.274,1294.571,1289.22,1286.058,1000,1000,1000,1000,1000,1274.382,1274.017,1273.652,1272.922,1269.76,1271.098,1270.125,1265.99,1263.01,1263.193,1260.182,1259.513,1259.666,1260.73,1258.905,1000,1258.601,1257.811,1257.446,1256.625,1000,1000,1000,1000,1000,1000,1000,1000,1000,1000,1333.248,1322.058,1000,1000,1000,1000,1000,1000,1000,1000,1000,1000,1000,1000,1000,1000,1000,1000,1000,1000,1000,1000,1000,1000,1000,1000,1000,1000,1000,1000,1000,1000,1000,1000,1000,1000,1000,1000,1000,1000,1000,1000,1000,1000,1000,1000,1000,1000,1000,1000,1000,1000,1000,1000,1000,1000,1000,1000,1000,1000,1000,1000,1000,1000,1000,1000,1000,1000,1000,1000,1000,1000,1000,1000,1000,1000,1000,1000,1000,1000,1000,1000,1000,1000,1000,1000,1000,1000,1000,1000,1000,1000,1000,1000,1000,1000,1000,1000,1000
1000,1000,1000,1000,1000,1000,1000,1000,1000,1000,1000,1000,1000,1000,1000,1000,1000,1000,1000,1000,1000,1000,1000,1000,1000,1000,1000,1000,1000,1000,1000,1000,1000,1000,1000,1000,1000,1000,1000,1000,1000,1000,1000,1000,1000,1000,1000,1000,1000,1000,1000,1000,1000,1000,1000,1000,1000,1000,1000,1000,1000,1000,1000,1000,1000,1000,1000,1000,1000,1000,1000,1000,1000,1000,1000,1000,1000,1000,1000,1000,1000,1000,1000,1000,1000,1000,1000,1000,1000,1000,1194.749,1000,1000,1000,1000,1000,1000,1000,1000,1000,1000,1000,1000,1000,1000,1000,1230.111,1240.814,1251.03,1252.976,1256.868,1268.057,1265.625,1000,1000,1000,1000,1000,1000,1000,1000,1000,1000,1000,1000,1000,1000,1000,1000,1000,1000,1000,1000,1221.537,1000,1225.125,1225.489,1228.043,1234.246,1237.895,1241.3,1240.814,1238.868,1240.814,1240.327,1243.003,1000,1000,1000,1000,1000,1292.869,1298.22,1303.085,1314.761,1318.653,1223.825,1224.129,1000,1000,1000,1000,1000,1000,1226.204,1228.378,1231.206,1000,1000,1000,1000,1000,1000,1000,1000,1000,1253.949,1248.841,1249.328,1250.665,1256.868,1000,1277.058,1275.841,1290.436,1299.193,1294.815,1000,1000,1000,1000,1000,1000,1000,1000,1000,1000,1000,1000,1000,1000,1000,1000,1000,1000,1000,1000,1000,1000,1000,1000,1000,1000,1000,1278.517,1283.139,1288.004,1000,1308.923,1000,1000,1000,1000,1000,1000,1000,1000,1000,1000,1000,1000,1000,1000,1000,1000,1000,1000,1000,1000,1000,1272.193,1274.382,1274.017,1000,1280.95,1000,1000,1000,1000,1000,1000,1000,1000,1000,1000,1000,1000,1000,1000,1000,1000,1000,1000,1000,1000,1000,1000,1000,1000,1000,1000,1000,1000,1000,1000,1000,1000,1000,1000,1000,1000,1000,1000,1000,1000,1000,1000,1000,1000,1000,1000,1000,1000,1000,1000,1000,1000,1000,1000,1000,1000,1000,1000,1000,1314.518,1000,1312.085,1309.896,1000,1000,1000,1000,1000,1000,1000,1000,1000,1000,1000,1150.63,1150.083,1148.38,1150.63,1000,1000,1000,1000,1000,1000,1000,1000,1000,1000,1000,1000,1000,1153.124,1157.137,1157.624,1157.624,1163.705,1000,1000,1000,1194.84,1000,1000,1000,1000,1000,1000,1000,1000,1000,1000,1000,1000,1142.101,1141.395,1140.756,1140.566,1140.756,1140.452,1140.528,1000,1000,1000,1000,1000,1000,1000,1319.382,1315.734,1000,1000,1000,1000,1000,1312.085,1313.788,1308.68,1000,1304.544,1306.004,1303.571,1305.517,1305.031,1307.707,1310.382,1309.409,1309.896,1306.004,1304.058,1298.828,1301.139,1299.315,1298.828,1000,1000,1304.058,1301.139,1300.288,1297.125,1000,1286.362,1000,1283.747,1283.504,1285.146,1287.274,1288.977,1289.706,1287.031,1286.666,1284.902,1282.409,1283.2,1284.598,1282.713,1283.504,1283.504,1281.436,1281.436,1281.193,1279.247,1279.429,1278.821,1277.879,1278.061,1277.179,1276.419,1275.978,1275.324,1274.139,1273.645,1273.029,1272.626,1367.788,1000,1000,1000,1000,1000,1000,1000,1000,1000,1000,1000,1000,1000,1000,1000,1000,1353.68,1366.329,1372.653,1368.761,1360.491,1365.356,1000,1000,1000,1000,1000,1000,1000,1345.896,1333.248,1323.518,1317.68,1313.788,1313.301,1318.166,1316.707,1000,1000,1000,1000,1000,1000,1000,1303.571,1304.301,1000,1294.085,1000,1000,1284.598,1283.625,1284.112,1286.544,1290.679,1290.193,1292.382,1297.004,1294.571,1292.869,1292.869,1292.382,1285.571,1283.625,1279.612,1277.544,1275.112,1272.193,1271.463,1271.463,1000,1000,1264.409,1263.01,1261.307,1000,1000,1000,1000,1259.209,1257.02,1255.857,1255.621,1255.264,1254.922,1255.074,1255.226,1255.15,1254.922,1255.15,1254.96,1000,1000,1000,1000,1000,1000,1000,1000,1000,1000,1000,1000,1000,1291.409,1279.004,1000,1000,1000,1000,1000,1000,1000,1000,1000,1000,1000,1000,1000,1000,1000,1000,1000,1000,1000,1000,1000,1000,1000,1000,1000,1000,1000,1000,1000,1000,1000,1000,1000,1000,1000,1000,1000,1000,1000,1000,1000,1000,1000,1000,1000,1000,1000,1000,1000,1000,1000,1000,1000,1000,1000,1000,1000,1000,1000,1000,1000,1000,1000,1000,1000,1000,1000,1000,1000,1000,1000,1000,1000,1000,1000,1000,1000,1000,1000,1000,1000,1000,1000,1000,1000,1000,1000,1000,1000,1000,1000,1000,1000,1000,1000,1000
1000,1000,1000,1000,1000,1000,1000,1000,1000,1000,1000,1000,1000,1000,1000,1000,1000,1000,1000,1000,1000,1000,1000,1000,1000,1000,1000,1000,1000,1000,1000,1000,1000,1000,1000,1000,1000,1000,1000,1000,1000,1000,1000,1000,1000,1000,1000,1000,1000,1000,1000,1000,1000,1000,1000,1000,1000,1000,1000,1000,1000,1000,1000,1000,1000,1000,1000,1000,1000,1000,1000,1000,1000,1000,1000,1000,1000,1000,1000,1000,1000,1000,1000,1000,1000,1000,1000,1000,1000,1000,1000,1000,1000,1000,1000,1000,1000,1000,1000,1000,1222.327,1000,1000,1000,1000,1000,1000,1237.652,1249.571,1250.301,1257.355,1270.49,1268.057,1270.49,1000,1000,1000,1000,1000,1000,1000,1000,1000,1000,1000,1000,1000,1000,1000,1000,1000,1000,1000,1221.841,1000,1221.537,1000,1000,1000,1000,1239.841,1243.976,1240.814,1245.192,1243.49,1243.003,1253.949,1000,1000,1000,1280.22,1280.22,1285.085,1290.436,1000,1308.923,1000,1223.787,1223.939,1000,1000,1000,1000,1000,1000,1228.712,1000,1000,1000,1000,1000,1000,1000,1000,1000,1000,1262.22,1257.355,1000,1254.922,1257.355,1000,1268.057,1271.949,1289.463,1302.112,1304.058,1313.788,1000,1000,1000,1000,1000,1000,1000,1000,1000,1000,1000,1000,1000,1000,1000,1000,1000,1000,1000,1256.625,1000,1000,1000,1000,1270.49,1270.003,1277.787,1282.652,1000,1000,1306.49,1000,1000,1000,1000,1000,1000,1000,1360.978,1000,1000,1000,1000,1000,1000,1000,1000,1000,1000,1000,1000,1000,1270.49,1272.193,1273.652,1000,1279.977,1000,1000,1000,1000,1000,1000,1000,1000,1000,1000,1000,1000,1000,1000,1000,1000,1000,1000,1000,1000,1000,1000,1000,1000,1000,1000,1000,1000,1000,1000,1000,1000,1000,1000,1000,1000,1000,1000,1000,1000,1000,1000,1000,1000,1000,1000,1000,1000,1000,1000,1000,1000,1000,1000,1000,1000,1000,1295.058,1296.639,1296.274,1292.625,1296.274,1295.423,1000,1000,1000,1000,1000,1000,1000,1000,1000,1000,1000,1154.34,1153.428,1151.968,1158.84,1000,1000,1000,1000,1000,1000,1000,1000,1000,1000,1000,1000,1000,1153.975,1155.799,1156.651,1156.286,1162.732,1000,1000,1000,1000,1000,1000,1000,1000,1000,1000,1000,1000,1000,1000,1000,1141.554,1142.01,1141.554,1140.984,1140.862,1141.106,1140.923,1140.923,1140.984,1000,1000,1000,1289.706,1288.977,1000,1000,1292.26,1000,1000,1000,1000,1000,1000,1000,1000,1000,1289.342,1291.531,1291.531,1292.99,1290.801,1292.99,1291.896,1289.342,1289.706,1288.977,1286.666,1285.45,1287.274,1286.058,1286.666,1000,1000,1288.247,1282.956,1279.429,1277.544,1000,1000,1000,1275.978,1276.267,1276.875,1277.027,1277.879,1278.426,1277.179,1277.696,1277.696,1276.267,1276.875,1277.179,1275.841,1275.841,1276.115,1275.203,1275.324,1275.446,1274.747,1274.336,1274.055,1273.721,1273.645,1273.432,1273.31,1272.854,1272.74,1379.464,1377.518,1371.68,1372.653,1359.518,1357.572,1346.869,1000,1000,1000,1000,1000,1000,1000,1000,1000,1000,1000,1000,1000,1322.058,1336.167,1338.599,1335.193,1332.761,1328.383,1329.356,1000,1000,1000,1000,1000,1000,1314.761,1305.761,1302.355,1294.571,1290.679,1288.004,1290.679,1290.193,1291.166,1284.112,1279.125,1000,1276.328,1000,1000,1000,1000,1292.869,1289.22,1283.139,1277.544,1276.328,1274.747,1273.287,1273.652,1276.693,1279.612,1279.612,1282.774,1287.517,1292.869,1292.869,1294.571,1297.49,1288.004,1280.95,1275.112,1272.557,1267.936,1265.199,1265.199,1000,1263.01,1259.361,1258.601,1257.339,1256.625,1256.541,1256.716,1000,1000,1255.036,1357.086,1344.923,1340.058,1340.058,1334.22,1331.302,1329.356,1326.437,1315.247,1310.382,1302.599,1000,1000,1000,1000,1000,1000,1000,1000,1000,1000,1000,1000,1000,1269.031,1265.747,1000,1000,1000,1000,1000,1000,1000,1000,1000,1000,1000,1000,1000,1000,1000,1000,1000,1000,1000,1000,1000,1000,1000,1000,1000,1000,1000,1000,1000,1000,1000,1000,1000,1000,1000,1000,1000,1000,1000,1000,1000,1000,1000,1000,1000,1000,1000,1000,1000,1000,1000,1000,1000,1000,1000,1000,1000,1000,1000,1000,1000,1000,1000,1000,1000,1000,1000,1000,1000,1000,1000,1000,1000,1000,1000,1000,1000,1000,1000,1000,1000,1000,1000,1000,1000,1000,1000,1000,1000,1000,1000,1000,1000,1000,1000,1000
1000,1000,1000,1000,1000,1000,1000,1000,1000,1000,1000,1000,1000,1000,1000,1000,1000,1000,1000,1000,1000,1000,1000,1000,1000,1000,1000,1000,1000,1000,1000,1000,1000,1000,1000,1000,1000,1000,1000,1000,1000,1000,1000,1000,1000,1000,1000,1000,1000,1000,1000,1000,1000,1000,1000,1000,1000,1000,1000,1000,1000,1000,1000,1000,1000,1000,1000,1000,1000,1000,1000,1000,1000,1000,1000,1000,1000,1000,1000,1000,1000,1000,1000,1000,1000,1000,1000,1000,1000,1000,1000,1000,1195.54,1000,1000,1000,1000,1000,1000,1000,1000,1000,1000,1000,1000,1000,1231.084,1238.381,1251.03,1247.382,1252.49,1260.76,1259.301,1257.355,1000,1000,1000,1000,1000,1000,1000,1000,1000,1000,1000,1000,1000,1000,1000,1000,1000,1000,1000,1000,1000,1000,1000,1000,1000,1000,1000,1000,1237.895,1243.976,1243.976,1000,1000,1000,1000,1000,1276.328,1275.355,1281.193,1289.463,1290.923,1297.247,1000,1000,1318.653,1000,1000,1000,1000,1000,1000,1227.329,1000,1231.631,1000,1000,1000,1000,1000,1000,1000,1000,1260.03,1258.571,1256.868,1000,1261.247,1000,1265.868,1270.733,1279.247,1290.923,1292.382,1300.652,1000,1000,1000,1000,1000,1000,1000,1000,1000,1000,1000,1000,1000,1000,1000,1000,1000,1000,1000,1000,1000,1000,1000,1266.233,1264.409,1263.193,1000,1000,1000,1000,1000,1000,1000,1000,1000,1000,1000,1000,1000,1000,1000,1000,1000,1000,1000,1000,1000,1000,1000,1000,1000,1000,1270.125,1272.922,1274.747,1000,1000,1000,1000,1000,1000,1000,1000,1000,1000,1000,1000,1000,1000,1000,1000,1000,1000,1000,1000,1000,1000,1000,1000,1000,1000,1000,1000,1000,1000,1000,1000,1000,1000,1000,1000,1000,1000,1000,1000,1000,1000,1000,1000,1000,1000,1000,1000,1000,1000,1000,1000,1000,1000,1000,1000,1000,1281.436,1000,1283.2,1284.051,1283.504,1281.193,1282.166,1283.747,1281.436,1000,1000,1000,1000,1000,1000,1000,1000,1000,1000,1000,1156.286,1000,1000,1000,1000,1000,1000,1000,1000,1000,1000,1000,1000,1000,1000,1000,1156.286,1157.624,1160.056,1158.597,1164.191,1000,1000,1000,1000,1000,1000,1000,1000,1000,1000,1000,1000,1000,1000,1000,1141.638,1142.314,1141.478,1140.612,1140.657,1140.862,1140.862,1140.923,1141.904,1000,1000,1000,1280.524,1280.706,1280.524,1280.037,1279.855,1278.821,1277.879,1279.429,1279.247,1280.037,1279.247,1279.004,1277.027,1277.879,1277.544,1279.004,1279.855,1280.281,1279.612,1279.855,1280.037,1277.179,1276.723,1276.723,1275.978,1274.747,1275.978,1276.267,1276.723,1277.027,1280.281,1277.544,1274.853,1273.964,1273.5,1000,1273.082,1273.5,1273.082,1273.31,1273.31,1273.645,1274.23,1274.534,1273.804,1273.964,1273.88,1273.5,1273.371,1273.31,1272.702,1272.588,1272.436,1272.474,1272.474,1272.55,1377.518,1373.626,1363.41,1364.383,1364.383,1364.383,1365.356,1354.653,1354.653,1348.815,1346.869,1338.599,1346.869,1336.167,1335.193,1329.356,1000,1000,1000,1000,1000,1000,1000,1000,1000,1000,1000,1000,1292.869,1305.761,1315.247,1315.247,1306.977,1303.085,1300.652,1000,1000,1000,1000,1291.166,1285.571,1289.22,1288.004,1284.112,1283.139,1276.328,1273.652,1273.287,1275.112,1272.922,1276.693,1271.463,1000,1262.767,1000,1000,1000,1000,1000,1000,1274.747,1269.76,1266.78,1267.084,1000,1000,1000,1275.112,1000,1000,1000,1000,1000,1000,1000,1000,1000,1000,1000,1272.922,1000,1000,1000,1261.307,1258.191,1256.131,1255.568,1255.112,1359.032,1355.14,1348.815,1337.139,1324.977,1319.626,1318.653,1310.382,1306.49,1304.058,1301.139,1295.544,1295.544,1295.544,1291.409,1285.571,1281.922,1000,1000,1000,1000,1000,1274.139,1000,1000,1000,1000,1000,1000,1000,1000,1000,1000,1000,1244.979,1000,1000,1000,1000,1000,1000,1000,1000,1000,1000,1000,1000,1000,1000,1000,1000,1000,1000,1000,1000,1000,1000,1000,1000,1000,1000,1000,1000,1000,1000,1000,1000,1000,1000,1000,1000,1000,1000,1000,1000,1000,1000,1000,1000,1000,1000,1000,1000,1000,1000,1000,1000,1000,1000,1000,1000,1000,1000,1000,1000,1000,1000,1000,1000,1000,1000,1000,1000,1000,1000,1000,1000,1000,1000,1000,1000,1000,1000,1000,1000,1000,1000,1000,1000,1000,1000,1000,1000,1000,1000,1000,1000,1000
1000,1000,1000,1000,1000,1000,1000,1000,1000,1000,1000,1000,1000,1000,1000,1000,1000,1000,1000,1000,1000,1000,1000,1000,1000,1000,1000,1000,1000,1000,1000,1000,1000,1000,1000,1000,1000,1000,1000,1000,1000,1000,1000,1000,1000,1000,1000,1000,1000,1000,1000,1000,1000,1000,1000,1000,1000,1000,1000,1000,1000,1000,1000,1000,1000,1000,1000,1000,1000,1000,1000,1000,1000,1000,1000,1000,1000,1000,1000,1000,1000,1000,1000,1000,1000,1000,1000,1000,1000,1000,1000,1000,1195.54,1000,1000,1000,1000,1000,1000,1000,1000,1000,1000,1000,1000,1231.814,1226.949,1235.219,1245.436,1243.49,1248.841,1000,1256.868,1000,1000,1000,1000,1000,1000,1000,1000,1000,1000,1000,1000,1000,1000,1000,1000,1000,1000,1000,1000,1000,1000,1000,1000,1000,1000,1000,1000,1000,1237.895,1244.463,1244.463,1000,1251.517,1260.274,1265.139,1000,1273.895,1273.895,1277.787,1288.49,1290.436,1298.22,1000,1000,1000,1000,1000,1223.977,1224.722,1000,1000,1227.618,1000,1000,1000,1000,1000,1000,1000,1000,1000,1000,1263.922,1262.22,1000,1000,1000,1000,1262.949,1270.003,1279.247,1290.436,1293.355,1298.22,1306.004,1000,1000,1000,1000,1000,1000,1000,1000,1000,1000,1000,1000,1000,1000,1000,1248.598,1000,1249.632,1253.28,1000,1000,1000,1000,1000,1000,1000,1000,1000,1000,1000,1000,1000,1000,1000,1000,1000,1000,1000,1000,1000,1000,1000,1000,1000,1000,1000,1000,1000,1000,1000,1000,1268.848,1274.382,1278.274,1288.004,1000,1000,1000,1000,1000,1000,1000,1000,1000,1000,1000,1000,1000,1000,1000,1000,1000,1000,1000,1000,1000,1000,1000,1000,1000,1000,1000,1000,1000,1000,1000,1000,1000,1000,1000,1000,1000,1000,1000,1000,1000,1000,1000,1000,1000,1000,1000,1000,1000,1000,1000,1000,1000,1000,1000,1000,1000,1000,1276.419,1275.568,1275.841,1274.747,1274.853,1274.853,1274.336,1274.139,1000,1000,1000,1000,1000,1000,1000,1000,1159.934,1166.137,1165.651,1166.989,1000,1000,1000,1000,1000,1000,1000,1000,1000,1000,1000,1000,1000,1000,1156.651,1157.137,1157.624,1157.137,1160.543,1000,1000,1000,1000,1000,1000,1000,1000,1000,1000,1000,1000,1000,1000,1000,1000,1143.789,1141.813,1140.566,1140.528,1140.703,1140.703,1140.923,1143.652,1000,1000,1000,1000,1273.804,1273.804,1273.645,1273.721,1273.188,1000,1000,1273.029,1272.983,1273.135,1272.816,1272.983,1273.188,1273.5,1273.88,1274.336,1273.645,1274.055,1273.721,1273.964,1272.892,1272.702,1272.436,1272.512,1373.626,1272.778,1273.188,1273.576,1273.432,1000,1272.702,1370.707,1365.356,1364.383,1000,1363.41,1367.788,1357.572,1363.41,1361.464,1362.437,1369.734,1370.707,1361.464,1366.329,1370.707,1360.491,1363.41,1360.491,1349.788,1341.518,1342.977,1343.95,1344.923,1341.518,1340.545,1337.139,1330.815,1325.95,1328.383,1328.383,1327.896,1319.626,1323.031,1318.166,1319.626,1315.247,1320.599,1310.382,1311.112,1306.977,1000,1000,1000,1294.085,1000,1000,1000,1000,1000,1000,1000,1282.774,1280.463,1287.517,1289.706,1289.22,1282.774,1281.801,1000,1000,1000,1000,1277.544,1274.017,1269.517,1270.733,1268.544,1267.936,1267.084,1264.652,1263.679,1263.922,1265.199,1263.01,1264.166,1261.49,1260.03,1257.689,1257.689,1000,1000,1000,1000,1000,1000,1000,1264.895,1000,1000,1000,1000,1000,1000,1000,1000,1000,1000,1000,1000,1000,1000,1000,1000,1000,1000,1000,1000,1000,1000,1000,1357.086,1346.869,1328.383,1325.95,1315.247,1312.328,1294.815,1293.355,1290.193,1286.787,1279.004,1280.22,1272.436,1273.652,1269.031,1272.922,1271.949,1272.436,1268.544,1265.382,1261.125,1000,1253.584,1252.976,1255.895,1253.584,1000,1000,1000,1000,1000,1000,1000,1000,1000,1000,1240.35,1000,1239.811,1000,1000,1000,1000,1000,1000,1000,1000,1000,1000,1000,1000,1000,1000,1000,1000,1000,1000,1000,1000,1000,1000,1000,1000,1000,1000,1000,1000,1000,1000,1000,1000,1000,1000,1000,1000,1000,1000,1000,1000,1000,1000,1000,1000,1000,1000,1000,1000,1000,1000,1000,1000,1000,1000,1000,1000,1000,1000,1000,1000,1000,1000,1000,1000,1000,1000,1000,1000,1000,1000,1000,1000,1000,1000,1000,1000,1000,1000,1000,1000,1000,1000,1000,1000,1000,1000,1000,1000,1000,1000,1000
1000,1000,1000,1000,1000,1000,1000,1000,1000,1000,1000,1000,1000,1000,1000,1000,1000,1000,1000,1000,1000,1000,1000,1000,1000,1000,1000,1000,1000,1000,1000,1000,1000,1000,1000,1000,1000,1000,1000,1000,1000,1000,1000,1000,1000,1000,1000,1000,1000,1000,1000,1000,1000,1000,1000,1000,1000,1000,1000,1000,1000,1000,1000,1000,1000,1000,1000,1000,1000,1000,1000,1000,1000,1000,1000,1000,1000,1000,1000,1000,1000,1000,1000,1000,1000,1000,1000,1000,1000,1000,1000,1000,1000,1000,1000,1000,1000,1000,1000,1000,1000,1000,1000,1000,1231.084,1232.787,1231.084,1000,1244.706,1240.814,1246.652,1000,1248.841,1000,1000,1000,1000,1000,1000,1000,1000,1000,1000,1000,1000,1000,1000,1000,1000,1000,1000,1000,1000,1000,1000,1000,1000,1000,1000,1000,1000,1000,1239.354,1246.652,1252.003,1255.165,1000,1262.949,1263.679,1270.003,1276.328,1274.868,1282.652,1000,1000,1000,1000,1000,1000,1000,1000,1331.788,1224.6,1000,1226.098,1226.675,1227.618,1000,1000,1000,1000,1000,1000,1000,1245.557,1247.99,1252.976,1000,1000,1000,1000,1000,1000,1000,1275.112,1286.544,1293.355,1297.247,1000,1301.625,1000,1000,1000,1000,1000,1000,1000,1000,1000,1000,1000,1000,1000,1000,1000,1000,1000,1000,1000,1000,1000,1000,1000,1000,1000,1000,1000,1000,1000,1000,1000,1000,1000,1000,1000,1000,1000,1000,1000,1000,1000,1000,1000,1000,1000,1000,1000,1000,1000,1000,1000,1275.476,1000,1000,1000,1000,1000,1000,1000,1000,1000,1000,1000,1000,1000,1000,1000,1000,1000,1000,1000,1000,1000,1000,1000,1000,1000,1000,1000,1000,1000,1000,1000,1000,1000,1000,1000,1000,1000,1000,1000,1000,1000,1000,1000,1000,1000,1000,1000,1000,1000,1000,1000,1000,1000,1369.734,1370.707,1368.761,1272.512,1272.702,1000,1000,1273.082,1272.588,1272.664,1373.626,1368.761,1366.329,1369.734,1000,1000,1000,1000,1000,1000,1000,1000,1000,1155.678,1161.029,1163.097,1166.502,1000,1000,1000,1353.68,1360.491,1349.788,1000,1000,1000,1000,1000,1000,1000,1000,1000,1155.313,1155.799,1156.286,1160.543,1000,1000,1000,1000,1000,1000,1000,1000,1000,1000,1000,1000,1000,1000,1000,1000,1146.1,1142.527,1140.703,1140.612,1140.862,1140.923,1141.106,1000,1000,1000,1342.004,1000,1359.518,1360.491,1359.518,1362.437,1000,1000,1000,1349.788,1348.815,1354.653,1339.572,1350.761,1353.68,1357.572,1360.491,1272.436,1000,1372.653,1363.41,1364.383,1346.869,1342.004,1342.977,1343.95,1340.545,1348.815,1352.707,1353.68,1352.707,1339.572,1332.761,1337.626,1337.139,1333.248,1341.518,1337.139,1338.599,1330.815,1338.599,1330.815,1332.761,1332.761,1331.788,1324.491,1330.328,1330.815,1325.464,1326.923,1329.356,1325.464,1319.139,1318.166,1316.707,1316.22,1306.977,1308.193,1000,1000,1000,1301.869,1301.139,1297.49,1291.166,1294.085,1292.382,1291.896,1290.193,1294.085,1289.22,1287.517,1000,1000,1000,1280.463,1278.76,1277.058,1273.652,1271.098,1272.557,1271.463,1273.287,1271.828,1270.49,1269.152,1271.098,1000,1000,1268.848,1000,1000,1000,1000,1000,1000,1260.73,1259.513,1260.73,1259.209,1259.057,1259.361,1258.464,1258.054,1257.233,1257.689,1256.45,1257.233,1256.29,1256.625,1255.857,1255.735,1255.302,1255.34,1000,1000,1000,1000,1000,1000,1000,1000,1000,1000,1000,1000,1000,1000,1000,1000,1230.354,1235.949,1000,1225.246,1000,1000,1000,1000,1000,1000,1000,1000,1000,1000,1000,1000,1000,1288.733,1286.787,1274.625,1274.625,1271.463,1267.571,1262.341,1262.706,1258.449,1257.719,1254.557,1256.625,1255.53,1256.26,1254.192,1253.28,1248.111,1246.348,1244.979,1244.28,1244.615,1244.615,1243.49,1000,1241.559,1000,1000,1000,1000,1000,1000,1000,1342.491,1000,1000,1000,1000,1000,1000,1000,1000,1000,1000,1000,1000,1000,1000,1000,1000,1000,1000,1000,1000,1000,1000,1000,1000,1000,1000,1000,1000,1000,1000,1000,1000,1000,1000,1000,1000,1000,1000,1000,1000,1000,1000,1000,1000,1000,1000,1000,1000,1000,1000,1000,1000,1000,1000,1000,1000,1000,1000,1000,1000,1000,1000,1000,1000,1000,1000,1000,1000,1000,1000,1000,1000,1000,1000,1000,1000,1000,1000,1000,1000,1000,1000,1000,1000,1000,1000,1000,1000,1000,1000,1000,1000,1000
1000,1000,1000,1000,1000,1000,1000,1000,1000,1000,1000,1000,1000,1000,1000,1000,1000,1000,1000,1000,1000,1000,1000,1000,1000,1000,1000,1000,1000,1000,1000,1000,1000,1000,1000,1000,1000,1000,1000,1000,1000,1000,1000,1000,1000,1000,1000,1000,1000,1000,1000,1000,1000,1000,1000,1000,1000,1000,1000,1000,1000,1000,1000,1000,1000,1000,1000,1000,1000,1000,1000,1000,1000,1000,1000,1000,1000,1000,1000,1000,1000,1000,1000,1000,1000,1000,1000,1000,1000,1000,1000,1000,1000,1000,1000,1000,1000,1000,1000,1000,1000,1000,1227.435,1224.273,1230.111,1231.814,1234.733,1242.03,1247.382,1243.49,1250.301,1000,1000,1000,1000,1000,1000,1000,1000,1000,1000,1000,1000,1000,1000,1000,1000,1000,1000,1000,1000,1000,1000,1000,1000,1000,1000,1000,1000,1000,1000,1229.989,1236.071,1243.003,1252.49,1257.598,1261.49,1267.084,1269.517,1270.003,1272.922,1272.436,1278.76,1000,1000,1293.842,1000,1000,1309.896,1323.031,1000,1324.004,1224.205,1000,1225.231,1000,1000,1000,1000,1000,1000,1000,1000,1000,1000,1000,1253.949,1000,1000,1000,1000,1000,1000,1000,1273.895,1000,1288.49,1288.004,1000,1000,1000,1000,1000,1000,1000,1000,1000,1000,1000,1000,1000,1000,1000,1000,1000,1000,1000,1000,1000,1000,1000,1000,1000,1000,1000,1000,1000,1000,1000,1000,1000,1000,1000,1000,1000,1000,1000,1000,1000,1000,1000,1000,1000,1000,1000,1000,1000,1000,1000,1000,1000,1000,1000,1000,1000,1000,1000,1000,1000,1000,1000,1000,1000,1000,1000,1000,1000,1000,1000,1000,1000,1000,1000,1000,1000,1000,1000,1000,1000,1000,1000,1000,1000,1000,1000,1000,1000,1000,1000,1000,1000,1000,1000,1000,1000,1328.383,1000,1000,1315.247,1317.68,1321.572,1000,1000,1000,1341.518,1345.896,1342.977,1344.923,1352.707,1356.599,1357.572,1358.545,1356.599,1342.977,1342.977,1335.193,1335.193,1330.328,1336.167,1000,1337.139,1000,1340.545,1000,1000,1317.68,1000,1000,1159.934,1000,1165.164,1166.137,1000,1000,1338.599,1337.626,1342.004,1335.193,1000,1000,1000,1000,1000,1000,1000,1000,1000,1156.286,1156.651,1157.624,1000,1000,1000,1000,1182.192,1000,1000,1000,1000,1000,1000,1000,1000,1000,1000,1164.799,1153.124,1144.397,1141.904,1140.566,1140.703,1140.923,1141.25,1141.25,1000,1000,1000,1324.491,1331.788,1325.95,1325.464,1320.599,1318.166,1315.247,1323.031,1327.896,1328.383,1331.788,1332.761,1324.491,1326.923,1323.518,1323.031,1325.95,1000,1325.464,1323.518,1322.058,1319.626,1316.707,1316.22,1323.518,1323.031,1323.518,1328.383,1321.572,1308.193,1310.382,1301.869,1297.49,1307.707,1312.572,1306.247,1311.842,1307.707,1305.761,1299.193,1303.085,1299.923,1303.085,1301.869,1000,1299.923,1300.652,1299.923,1298.22,1297.004,1298.707,1298.707,1295.058,1291.896,1293.355,1291.166,1285.571,1286.544,1289.706,1285.085,1280.95,1282.774,1281.314,1277.058,1276.328,1277.909,1277.544,1276.328,1275.476,1275.841,1275.112,1272.922,1269.76,1267.632,1268.848,1265.443,1264.895,1264.895,1263.679,1262.341,1263.193,1262.341,1263.01,1263.193,1261.49,1260.365,1262.098,1260.547,1260.182,1259.513,1258.905,1257.689,1257.233,1256.541,1256.541,1256.914,1256.625,1256.29,1256.366,1256.131,1255.918,1255.857,1255.515,1255.568,1255.226,1255.188,1360.978,1255.112,1254.96,1255.074,1359.032,1356.113,1344.923,1337.139,1333.248,1000,1000,1000,1000,1000,1000,1000,1000,1000,1000,1000,1211.624,1213.327,1215.273,1225.976,1229.868,1234.49,1231.814,1223.3,1213.814,1205.422,1200.8,1198.489,1201.165,1202.867,1208.705,1000,1000,1000,1000,1000,1000,1000,1260.76,1258.814,1258.449,1256.625,1254.192,1251.213,1250.118,1247.868,1246.53,1244.979,1245.557,1246.165,1245.557,1000,1000,1000,1000,1000,1000,1240.639,1240.495,1240.289,1239.811,1239.658,1000,1000,1000,1000,1000,1000,1000,1000,1000,1000,1000,1000,1000,1000,1000,1000,1000,1000,1000,1000,1000,1000,1000,1000,1000,1000,1000,1000,1000,1000,1000,1000,1000,1000,1000,1000,1000,1000,1000,1000,1000,1000,1000,1000,1000,1000,1000,1000,1000,1000,1000,1000,1000,1000,1000,1000,1000,1000,1000,1000,1000,1000,1000,1000,1000,1000,1000,1000,1000,1000,1000,1000,1000,1000,1000,1000,1000,1000,1000,1000,1000,1000,1000,1000,1000,1000,1000,1000,1000,1000,1000,1000,1000,1000,1000,1000,1000,1000,1000,1000,1000
1000,1000,1000,1000,1000,1000,1000,1000,1000,1000,1000,1000,1000,1000,1000,1000,1000,1000,1000,1000,1000,1000,1000,1000,1000,1000,1000,1000,1000,1000,1000,1000,1000,1000,1000,1000,1000,1000,1000,1000,1000,1000,1000,1000,1000,1000,1000,1000,1000,1000,1000,1000,1000,1000,1000,1000,1000,1000,1000,1000,1000,1000,1000,1000,1000,1000,1000,1000,1000,1000,1000,1000,1000,1000,1000,1000,1000,1000,1000,1000,1000,1000,1000,1000,1000,1000,1000,1000,1000,1000,1000,1000,1000,1000,1000,1000,1000,1000,1000,1000,1000,1000,1223.787,1222.814,1000,1000,1230.598,1240.084,1245.436,1241.3,1000,1000,1000,1000,1000,1000,1000,1000,1000,1000,1000,1000,1000,1000,1000,1000,1000,1000,1000,1000,1000,1000,1000,1000,1095.839,1104.109,1000,1100.886,1000,1000,1000,1000,1232.908,1237.895,1245.679,1248.354,1253.949,1259.544,1263.679,1268.057,1278.76,1282.652,1290.436,1298.22,1296.274,1000,1000,1300.166,1309.896,1313.788,1323.031,1321.085,1224.288,1224.722,1225.315,1225.581,1226.098,1000,1000,1000,1000,1000,1000,1000,1237.104,1242.881,1249.328,1254.922,1000,1000,1000,1000,1000,1270.733,1270.003,1273.166,1277.058,1276.571,1000,1000,1000,1000,1000,1000,1000,1000,1000,1000,1000,1000,1000,1000,1000,1000,1000,1250.969,1000,1000,1000,1000,1000,1000,1000,1000,1000,1000,1000,1000,1000,1000,1000,1000,1000,1000,1000,1000,1000,1000,1000,1000,1000,1000,1000,1000,1000,1000,1000,1000,1000,1000,1000,1000,1000,1000,1000,1000,1000,1000,1000,1000,1000,1000,1000,1000,1000,1000,1000,1000,1000,1000,1000,1000,1000,1000,1000,1000,1311.112,1312.572,1000,1000,1000,1000,1000,1000,1000,1000,1000,1000,1000,1000,1000,1293.355,1000,1000,1298.22,1305.761,1303.571,1301.869,1297.49,1296.274,1296.274,1303.571,1301.139,1302.355,1310.382,1315.247,1313.788,1316.22,1323.031,1319.626,1000,1000,1000,1308.193,1308.923,1304.301,1308.923,1306.247,1311.842,1309.653,1313.788,1000,1000,1300.652,1298.707,1297.49,1000,1000,1157.38,1159.205,1162.245,1000,1000,1320.599,1319.626,1316.22,1319.626,1316.22,1306.977,1000,1000,1000,1000,1000,1000,1000,1000,1158.597,1160.543,1166.38,1000,1000,1178.543,1187.056,1185.84,1185.11,1176.354,1000,1000,1000,1000,1000,1173.191,1174.894,1171.732,1161.88,1154.705,1144.853,1141.729,1140.528,1140.612,1140.923,1141.318,1141.174,1145.036,1000,1000,1000,1000,1303.085,1302.355,1295.788,1295.058,1295.058,1000,1303.085,1305.761,1308.923,1308.193,1304.301,1304.301,1297.49,1295.788,1295.788,1297.49,1292.382,1297.49,1293.355,1292.382,1290.679,1293.355,1000,1000,1000,1301.139,1000,1285.571,1287.031,1284.112,1279.977,1287.031,1289.22,1285.085,1289.706,1290.193,1286.544,1282.287,1283.625,1278.76,1277.909,1000,1000,1277.544,1277.544,1275.841,1272.193,1272.193,1271.828,1274.382,1273.287,1273.287,1275.112,1275.476,1270.125,1271.828,1274.747,1272.922,1268.848,1271.098,1270.733,1267.389,1265.443,1267.389,1265.686,1264.409,1264.409,1263.436,1263.679,1263.679,1262.524,1260.73,1261.916,1259.209,1257.446,1257.568,1257.339,1256.716,1257.339,1257.446,1257.568,1257.689,1000,1256.131,1256.823,1255.986,1255.515,1255.515,1255.188,1358.059,1356.113,1357.086,1356.113,1363.896,1361.951,1363.896,1361.951,1356.113,1354.167,1353.194,1344.923,1344.923,1336.167,1338.112,1331.302,1332.275,1332.275,1335.193,1326.437,1326.437,1321.572,1312.815,1312.815,1000,1000,1000,1000,1000,1000,1000,1000,1000,1207.246,1000,1212.111,1211.138,1212.111,1217.462,1220.381,1224.03,1222.327,1215.273,1210.651,1206.881,1204.084,1205.422,1211.624,1214.3,1219.895,1224.76,1000,1000,1000,1000,1000,1000,1248.598,1000,1247.199,1246.773,1245.162,1244.28,1243.642,1242.243,1241.559,1240.974,1240.974,1241.057,1240.563,1000,1000,1000,1331.302,1327.41,1330.328,1328.383,1330.328,1327.41,1325.464,1318.653,1000,1000,1000,1000,1000,1000,1000,1000,1000,1000,1000,1000,1000,1000,1000,1000,1000,1000,1000,1000,1000,1000,1000,1000,1000,1000,1000,1000,1000,1000,1000,1000,1000,1000,1000,1000,1000,1000,1000,1000,1000,1000,1000,1000,1000,1000,1000,1000,1000,1000,1000,1000,1000,1000,1000,1000,1000,1000,1000,1000,1000,1000,1000,1000,1000,1000,1000,1000,1000,1000,1000,1000,1000,1000,1000,1000,1000,1000,1000,1000,1000,1000,1000,1000,1000,1000,1000,1000,1000,1000,1000,1000,1000,1000,1000,1000,1000,1000,1000,1000,1000
1000,1000,1000,1000,1000,1000,1000,1000,1000,1000,1000,1000,1000,1000,1000,1000,1000,1000,1000,1000,1000,1000,1000,1000,1000,1000,1000,1000,1000,1000,1000,1000,1000,1000,1000,1000,1000,1000,1000,1000,1000,1000,1000,1000,1000,1000,1000,1000,1000,1000,1000,1000,1000,1000,1000,1000,1000,1000,1000,1000,1000,1000,1000,1000,1000,1000,1000,1000,1000,1000,1000,1000,1000,1000,1000,1000,1000,1000,1000,1000,1000,1000,1000,1000,1000,1000,1000,1000,1000,1000,1000,1000,1000,1000,1000,1000,1000,1000,1000,1000,1000,1216.003,1219.53,1218.192,1219.53,1221.841,1222.814,1232.3,1236.435,1236.922,1000,1243.49,1000,1000,1000,1000,1000,1000,1000,1000,1000,1000,1000,1000,1000,1000,1000,1000,1000,1000,1000,1000,1000,1000,1000,1000,1000,1000,1000,1000,1220.077,1224.395,1231.571,1233.76,1237.895,1239.841,1245.679,1249.084,1256.382,1262.949,1276.328,1281.193,1297.247,1000,1306.004,1000,1000,1306.004,1316.707,1316.707,1323.031,1317.68,1224.288,1224.661,1225.687,1225.406,1226.098,1000,1000,1000,1000,1000,1000,1000,1240.327,1243.246,1248.841,1000,1000,1000,1000,1000,1000,1000,1274.625,1000,1281.436,1000,1000,1000,1000,1000,1000,1000,1000,1000,1000,1000,1000,1000,1000,1000,1000,1000,1000,1000,1000,1000,1000,1000,1000,1000,1000,1000,1000,1000,1000,1000,1000,1000,1000,1000,1000,1000,1000,1000,1000,1000,1000,1000,1000,1000,1000,1000,1000,1000,1000,1000,1000,1000,1000,1000,1000,1000,1000,1000,1000,1000,1000,1000,1000,1000,1000,1000,1000,1000,1000,1000,1000,1000,1000,1000,1000,1000,1000,1279.125,1276.693,1275.112,1000,1267.936,1000,1000,1000,1000,1000,1264.652,1000,1000,1000,1000,1000,1000,1000,1000,1284.112,1288.004,1000,1283.625,1277.909,1278.274,1279.977,1284.598,1000,1288.004,1293.355,1294.571,1295.788,1294.085,1296.274,1288.49,1000,1287.517,1291.896,1288.49,1289.22,1285.571,1287.517,1286.544,1292.869,1293.355,1298.22,1292.382,1294.085,1288.49,1288.49,1000,1000,1154.036,1000,1155.921,1161.516,1160.664,1000,1301.869,1299.193,1292.869,1295.058,1295.788,1000,1000,1000,1000,1000,1000,1000,1000,1000,1000,1161.516,1000,1000,1000,1187.056,1194.111,1198.975,1194.111,1188.273,1000,1000,1000,1000,1000,1171.245,1167.962,1166.502,1154.948,1000,1142.755,1140.984,1140.49,1140.528,1140.923,1141.395,1141.395,1143.379,1000,1281.314,1000,1000,1286.058,1283.625,1279.612,1281.314,1278.274,1281.314,1284.112,1287.517,1286.544,1288.49,1286.544,1286.058,1279.977,1280.463,1280.95,1281.801,1278.76,1281.801,1277.544,1276.328,1274.382,1279.612,1000,1284.112,1279.612,1000,1268.848,1267.632,1267.632,1272.193,1269.152,1274.382,1274.382,1270.49,1268.848,1270.733,1267.936,1266.233,1265.99,1266.233,1265.199,1000,1263.193,1265.199,1263.01,1263.193,1261.916,1262.524,1261.307,1263.679,1262.341,1262.341,1262.524,1263.193,1259.666,1260.182,1260.182,1260.03,1258.753,1260.182,1260.03,1260.73,1259.666,1260.182,1258.905,1258.191,1256.914,1256.45,1256.823,1257.233,1256.716,1256.45,1256.716,1255.735,1255.074,1255.188,1363.896,1358.059,1361.951,1255.036,1362.924,1255.074,1361.951,1350.761,1350.761,1346.869,1341.031,1343.95,1337.139,1326.437,1322.058,1323.031,1318.653,1322.058,1324.004,1326.437,1320.599,1321.572,1315.247,1315.247,1310.382,1312.328,1304.058,1309.896,1303.571,1302.599,1302.599,1306.49,1303.571,1308.923,1306.49,1304.058,1303.571,1307.463,1000,1000,1000,1000,1000,1000,1000,1205.908,1207.732,1000,1206.881,1204.084,1204.084,1207.246,1209.192,1213.814,1209.192,1204.084,1202.016,1199.948,1198.854,1205.422,1213.327,1216.976,1222.327,1231.814,1000,1000,1000,1000,1000,1000,1000,1000,1241.665,1241.346,1240.799,1240.419,1240.229,1239.902,1239.772,1239.468,1239.506,1239.43,1338.599,1328.383,1329.356,1316.707,1308.436,1305.031,1306.004,1299.193,1296.76,1290.923,1290.436,1282.652,1000,1000,1000,1000,1000,1000,1000,1000,1000,1000,1000,1000,1000,1000,1000,1000,1000,1000,1000,1000,1000,1000,1000,1000,1000,1000,1000,1000,1000,1000,1000,1000,1000,1000,1000,1000,1000,1000,1000,1000,1000,1000,1000,1000,1000,1000,1000,1000,1000,1000,1000,1000,1000,1000,1000,1000,1000,1000,1000,1000,1000,1000,1000,1000,1000,1000,1000,1000,1000,1000,1000,1000,1000,1000,1000,1000,1000,1000,1000,1000,1000,1000,1000,1000,1000,1000,1000,1000,1000,1000,1000,1000,1000,1000,1000,1000,1000,1000,1000,1000,1000
1000,1000,1000,1000,1000,1000,1000,1000,1000,1000,1000,1000,1000,1000,1000,1000,1000,1000,1000,1000,1000,1000,1000,1000,1000,1000,1000,1000,1000,1000,1000,1000,1000,1000,1000,1000,1000,1000,1000,1000,1000,1000,1000,1000,1000,1000,1000,1000,1000,1000,1000,1000,1000,1000,1000,1000,1000,1000,1000,1000,1000,1000,1000,1000,1000,1000,1000,1000,1000,1000,1000,1000,1000,1000,1000,1000,1000,1000,1000,1000,1000,1000,1000,1000,1000,1000,1000,1000,1000,1000,1000,1000,1000,1000,1000,1000,1000,1000,1000,1000,1000,1000,1215.273,1000,1219.53,1222.327,1226.949,1234.003,1236.922,1237.652,1240.084,1242.03,1242.03,1000,1000,1000,1000,1000,1000,1000,1000,1000,1000,1000,1000,1000,1000,1000,1000,1000,1000,1000,1000,1000,1000,1000,1000,1000,1000,1000,1215.638,1217.462,1223.787,1223.422,1226.219,1229.989,1235.584,1243.49,1000,1262.949,1273.895,1279.247,1297.247,1302.112,1305.031,1000,1000,1313.788,1324.977,1330.815,1000,1326.923,1000,1000,1226.31,1000,1227.055,1000,1000,1000,1000,1000,1000,1000,1241.787,1243.976,1000,1000,1000,1000,1000,1000,1000,1000,1000,1000,1286.544,1000,1000,1000,1000,1000,1000,1000,1000,1000,1000,1000,1000,1000,1000,1000,1000,1000,1000,1000,1000,1250.422,1252.976,1251.213,1000,1000,1000,1000,1000,1000,1000,1000,1000,1000,1000,1000,1000,1000,1000,1000,1000,1000,1000,1000,1000,1000,1000,1000,1000,1000,1000,1000,1000,1000,1000,1000,1000,1000,1000,1000,1000,1000,1000,1000,1000,1000,1000,1000,1000,1000,1000,1000,1257.446,1257.568,1258.054,1259.361,1260.547,1263.193,1000,1266.233,1000,1265.199,1000,1261.125,1000,1259.361,1000,1260.365,1260.365,1260.03,1262.767,1264.895,1264.166,1265.99,1266.537,1000,1000,1269.517,1268.848,1269.517,1000,1267.632,1265.99,1265.99,1267.084,1271.463,1000,1000,1275.112,1275.476,1000,1274.017,1273.652,1271.098,1000,1000,1277.058,1275.841,1274.017,1271.828,1272.193,1271.463,1274.747,1277.544,1278.274,1274.747,1274.382,1272.193,1272.557,1000,1000,1147.529,1147.103,1147.529,1151.178,1149.11,1000,1000,1286.058,1000,1284.112,1000,1000,1000,1000,1000,1000,1000,1000,1000,1000,1000,1000,1000,1000,1000,1188.759,1196.3,1197.759,1198.489,1191.435,1000,1000,1000,1000,1000,1000,1158.475,1154.948,1150.387,1147.286,1142.421,1141.106,1140.756,1140.657,1140.984,1141.318,1141.174,1000,1000,1269.76,1270.125,1272.557,1271.098,1268.848,1266.233,1266.537,1267.084,1268.24,1269.517,1272.922,1272.922,1272.922,1273.652,1271.463,1269.152,1268.848,1269.517,1268.544,1268.24,1268.544,1268.544,1267.389,1266.537,1268.544,1268.544,1267.632,1263.679,1264.166,1260.182,1259.513,1260.365,1262.098,1260.182,1263.193,1263.922,1261.49,1260.365,1261.49,1259.361,1257.811,1257.127,1256.823,1256.207,1256.207,1256.29,1257.233,1256.914,1257.233,1256.366,1256.45,1255.918,1256.207,1255.796,1255.918,1256.625,1256.914,1256.207,1256.29,1255.918,1255.424,1255.188,1255.188,1255.302,1255.515,1255.515,1255.735,1255.515,1255.264,1254.998,1358.059,1358.059,1358.059,1357.086,1353.194,1357.086,1345.896,1335.193,1332.275,1327.41,1323.031,1324.977,1329.356,1327.41,1330.328,1324.977,1317.193,1317.193,1312.815,1307.95,1309.896,1305.031,1296.274,1293.355,1292.625,1288.733,1289.463,1292.625,1293.355,1292.139,1291.409,1290.193,1289.463,1286.787,1286.787,1285.085,1286.301,1281.922,1278.517,1279.004,1280.706,1279.004,1285.085,1285.571,1283.139,1280.706,1286.301,1000,1000,1000,1000,1000,1000,1000,1000,1000,1000,1197.03,1195.57,1194.597,1196.665,1198.124,1202.016,1199.219,1198.124,1197.03,1196.665,1196.665,1202.867,1209.192,1212.111,1219.165,1227.679,1243.246,1000,1000,1000,1000,1000,1000,1000,1239.544,1239.392,1340.545,1328.383,1324.491,1322.545,1314.761,1313.788,1313.788,1310.869,1303.085,1299.68,1296.76,1290.436,1282.652,1277.058,1278.517,1273.166,1271.949,1270.733,1268.787,1262.949,1258.084,1000,1000,1000,1000,1000,1000,1000,1000,1000,1000,1000,1000,1000,1000,1000,1000,1000,1000,1000,1000,1000,1000,1000,1000,1000,1000,1000,1000,1000,1000,1000,1000,1000,1000,1000,1000,1000,1000,1000,1000,1000,1000,1000,1000,1000,1000,1000,1000,1000,1000,1000,1000,1000,1000,1000,1000,1000,1000,1000,1000,1000,1000,1000,1000,1000,1000,1000,1000,1000,1000,1000,1000,1000,1000,1000,1000,1000,1000,1000,1000,1000,1000,1000,1000,1000,1000,1000,1000,1000,1000,1000,1000,1000,1000,1000,1000,1000,1000,1000,1000
1000,1000,1000,1000,1000,1000,1000,1000,1000,1000,1000,1000,1000,1000,1000,1000,1000,1000,1000,1000,1000,1000,1000,1000,1000,1000,1000,1000,1000,1000,1000,1000,1000,1000,1000,1000,1000,1000,1000,1000,1000,1000,1000,1000,1000,1000,1000,1000,1000,1000,1000,1000,1000,1000,1000,1000,1000,1000,1000,1000,1000,1000,1000,1000,1000,1000,1000,1000,1000,1000,1000,1000,1000,1000,1000,1000,1000,1000,1000,1000,1000,1000,1000,1000,1000,1000,1000,1000,1000,1000,1000,1000,1000,1000,1000,1000,1000,1000,1206.273,1000,1211.381,1213.57,1217.341,1000,1218.678,1222.327,1226.949,1230.111,1236.922,1237.652,1000,1000,1000,1000,1000,1270.49,1000,1000,1000,1000,1000,1000,1000,1000,1000,1000,1000,1000,1000,1000,1000,1000,1000,1000,1000,1000,1000,1000,1000,1000,1215.212,1000,1000,1221.537,1220.928,1223.057,1228.043,1000,1000,1000,1272.436,1280.22,1290.923,1296.274,1296.274,1301.139,1306.977,1306.004,1310.869,1324.004,1324.004,1332.761,1224.288,1000,1000,1000,1000,1000,1000,1000,1000,1000,1000,1000,1000,1000,1000,1252.003,1000,1000,1000,1000,1000,1000,1000,1000,1000,1000,1000,1000,1000,1000,1000,1000,1000,1000,1000,1000,1000,1000,1000,1000,1000,1000,1000,1249.875,1000,1252.064,1000,1254.192,1000,1000,1000,1000,1000,1000,1000,1000,1000,1000,1000,1000,1000,1000,1000,1000,1000,1000,1000,1000,1000,1000,1000,1000,1000,1000,1000,1000,1000,1000,1000,1000,1000,1000,1000,1000,1000,1000,1000,1000,1000,1000,1000,1000,1000,1000,1000,1000,1255.34,1255.188,1255.424,1255.675,1256.29,1256.207,1000,1000,1000,1000,1000,1000,1000,1255.986,1000,1256.062,1256.625,1256.131,1258.191,1259.209,1000,1259.361,1260.912,1000,1260.182,1261.916,1261.49,1259.666,1258.601,1258.753,1258.464,1258.753,1260.547,1263.193,1000,1000,1264.166,1263.679,1263.01,1262.524,1262.341,1261.125,1260.912,1261.733,1263.193,1262.767,1261.733,1261.916,1262.767,1262.524,1263.679,1265.99,1264.409,1262.098,1261.916,1262.341,1263.193,1000,1000,1145.036,1145.37,1145.552,1147.955,1146.921,1000,1000,1000,1000,1000,1000,1000,1000,1000,1000,1000,1000,1000,1000,1000,1000,1173.435,1000,1000,1000,1185.11,1194.84,1195.57,1200.435,1196.3,1000,1000,1000,1000,1000,1000,1000,1000,1144.853,1142.421,1141.045,1140.528,1140.414,1140.338,1140.528,1140.756,1140.703,1140.923,1000,1000,1263.01,1263.01,1261.916,1260.73,1259.666,1259.513,1259.513,1260.365,1000,1261.733,1261.307,1260.912,1261.916,1261.49,1261.307,1260.912,1261.49,1260.182,1260.365,1260.547,1262.098,1261.307,1260.182,1260.547,1258.601,1256.823,1255.986,1255.796,1000,1255.621,1000,1256.716,1256.29,1257.446,1257.446,1256.716,1256.29,1256.625,1255.621,1255.15,1255.036,1358.059,1352.221,1356.113,1359.032,1255.036,1255.188,1255.378,1255.112,1255.188,1363.896,1363.896,1355.14,1349.788,1353.194,1358.059,1348.815,1345.896,1349.788,1340.058,1331.302,1331.302,1335.193,1332.275,1334.22,1335.193,1335.193,1329.356,1327.41,1317.193,1321.572,1318.653,1320.599,1315.247,1322.058,1312.328,1305.031,1301.139,1300.652,1297.004,1294.815,1297.004,1294.815,1292.139,1288.004,1286.301,1289.463,1288.004,1285.571,1287.517,1284.355,1278.517,1276.328,1276.328,1274.625,1274.139,1274.625,1273.652,1271.949,1269.517,1268.057,1264.409,1263.557,1263.193,1264.044,1263.193,1264.409,1260.76,1259.909,1259.909,1261.125,1263.557,1265.747,1263.193,1260.274,1000,1000,1000,1000,1000,1000,1000,1000,1000,1000,1000,1190.34,1192.043,1188.759,1190.644,1190.34,1194.84,1193.624,1194.84,1195.205,1196.3,1196.665,1201.165,1205.908,1209.192,1216.489,1227.192,1244.706,1268.057,1000,1265.868,1000,1000,1000,1000,1000,1310.869,1000,1295.788,1292.382,1293.355,1290.923,1292.382,1288.004,1290.436,1283.625,1277.787,1274.625,1273.166,1267.084,1263.436,1266.355,1260.76,1258.084,1254.436,1253.949,1246.773,1243.246,1000,1000,1000,1000,1000,1000,1000,1000,1000,1000,1000,1000,1000,1000,1000,1000,1000,1000,1000,1000,1000,1000,1000,1000,1000,1000,1000,1000,1000,1000,1000,1000,1000,1000,1000,1000,1000,1000,1000,1000,1000,1000,1000,1000,1000,1000,1000,1000,1000,1000,1000,1000,1000,1000,1000,1000,1000,1000,1000,1000,1000,1000,1000,1000,1000,1000,1000,1000,1000,1000,1000,1000,1000,1000,1000,1000,1000,1000,1000,1000,1000,1000,1000,1000,1000,1000,1000,1000,1000,1000,1000,1000,1000,1000,1000,1000,1000,1000,1000,1000
1000,1000,1000,1000,1000,1000,1000,1000,1000,1000,1000,1000,1000,1000,1000,1000,1000,1000,1000,1000,1000,1000,1000,1000,1000,1000,1000,1000,1000,1000,1000,1000,1000,1000,1000,1000,1000,1000,1000,1000,1000,1000,1000,1000,1000,1000,1000,1000,1000,1000,1000,1000,1000,1000,1000,1000,1000,1000,1000,1000,1000,1000,1000,1000,1000,1000,1000,1000,1000,1000,1000,1000,1000,1000,1000,1000,1000,1000,1000,1000,1000,1000,1000,1000,1000,1000,1000,1000,1000,1000,1000,1000,1000,1000,1000,1000,1000,1000,1203.719,1000,1207.489,1211.381,1000,1000,1000,1000,1000,1225.246,1230.111,1000,1000,1000,1000,1000,1000,1000,1000,1000,1000,1000,1000,1000,1000,1000,1000,1000,1000,1000,1000,1000,1000,1000,1000,1000,1000,1000,1000,1000,1000,1000,1000,1000,1000,1000,1000,1211.351,1000,1000,1000,1000,1000,1277.787,1289.463,1293.842,1295.301,1301.139,1306.977,1311.842,1313.788,1325.95,1327.896,1223.863,1224.167,1224.722,1225.885,1000,1000,1000,1000,1000,1000,1000,1000,1000,1242.517,1245.922,1249.328,1245.557,1000,1000,1000,1000,1000,1000,1000,1000,1000,1000,1000,1000,1000,1000,1000,1000,1000,1000,1000,1000,1000,1000,1000,1000,1000,1000,1000,1000,1000,1249.875,1000,1252.976,1000,1000,1000,1000,1000,1000,1000,1000,1000,1000,1000,1000,1000,1000,1000,1000,1000,1000,1000,1000,1000,1000,1000,1000,1000,1000,1000,1000,1000,1000,1343.95,1000,1000,1349.788,1000,1000,1000,1000,1000,1345.896,1000,1000,1000,1000,1000,1000,1000,1000,1335.193,1339.085,1347.842,1346.869,1357.086,1254.998,1000,1000,1000,1000,1000,1000,1000,1000,1000,1361.951,1363.896,1357.086,1255.34,1000,1000,1000,1000,1255.796,1255.796,1256.29,1000,1255.621,1255.515,1255.675,1255.735,1255.675,1255.918,1256.914,1000,1000,1257.568,1257.568,1257.339,1000,1257.02,1256.29,1256.207,1256.45,1257.02,1256.541,1256.541,1256.823,1257.127,1256.716,1257.339,1258.054,1257.568,1257.339,1257.127,1257.689,1000,1000,1000,1143.379,1144.093,1144.397,1145.37,1144.701,1145.37,1145.735,1000,1000,1000,1000,1000,1146.313,1146.1,1000,1000,1000,1000,1000,1000,1000,1000,1000,1000,1168.326,1182.192,1192.894,1194.111,1200.435,1195.57,1000,1000,1000,1000,1000,1000,1000,1000,1000,1142.314,1141.106,1140.49,1140.452,1140.224,1140.338,1140.49,1140.414,1140.338,1000,1000,1257.811,1257.689,1257.233,1256.716,1256.207,1256.131,1255.675,1255.796,1255.568,1255.986,1255.675,1255.568,1255.796,1255.986,1255.986,1256.131,1256.716,1256.823,1256.823,1000,1000,1257.932,1000,1255.986,1255.515,1255.15,1361.951,1255.112,1359.032,1354.167,1000,1348.815,1347.842,1356.113,1357.086,1359.032,1358.059,1361.951,1347.842,1339.085,1334.22,1327.41,1324.977,1330.328,1327.41,1333.248,1333.248,1336.167,1329.356,1337.139,1329.356,1328.383,1324.004,1322.058,1318.653,1322.058,1317.193,1313.788,1312.328,1311.355,1304.058,1306.49,1306.004,1303.571,1294.085,1294.085,1290.679,1286.301,1288.733,1287.517,1290.193,1000,1294.085,1290.193,1291.409,1285.085,1279.49,1277.301,1276.328,1274.625,1271.463,1272.922,1268.544,1268.057,1267.206,1268.057,1269.031,1268.544,1264.409,1265.747,1262.706,1259.909,1259.909,1259.179,1258.449,1258.084,1259.544,1259.179,1259.179,1257.355,1256.26,1253.949,1253.28,1254.192,1252.672,1249.875,1250.969,1248.111,1246.348,1247.199,1250.665,1250.118,1250.422,1250.422,1247.442,1000,1000,1000,1000,1000,1000,1000,1000,1000,1000,1000,1000,1188.029,1185.232,1186.448,1187.543,1191.739,1191.739,1192.955,1192.955,1194.232,1194.597,1198.489,1202.016,1206.395,1213.327,1224.76,1243.733,1269.031,1000,1000,1000,1000,1000,1000,1000,1288.004,1277.058,1270.733,1268.057,1269.517,1263.922,1268.787,1267.084,1268.057,1265.139,1260.76,1258.571,1258.084,1252.49,1250.665,1254.922,1247.625,1244.341,1242.152,1241.422,1236.253,1000,1000,1000,1000,1000,1000,1000,1000,1000,1000,1000,1000,1000,1000,1000,1000,1000,1000,1000,1000,1000,1000,1000,1000,1000,1000,1000,1000,1000,1000,1000,1000,1000,1000,1000,1000,1000,1000,1000,1000,1000,1000,1000,1000,1000,1000,1000,1000,1000,1000,1000,1000,1000,1000,1000,1000,1000,1000,1000,1000,1000,1000,1000,1000,1000,1000,1000,1000,1000,1000,1000,1000,1000,1000,1000,1000,1000,1000,1000,1000,1000,1000,1000,1000,1000,1000,1000,1000,1000,1000,1000,1000,1000,1000,1000,1000,1000,1000,1000,1000,1000
1000,1000,1000,1000,1000,1000,1000,1000,1000,1000,1000,1000,1000,1000,1000,1000,1000,1000,1000,1000,1000,1000,1000,1000,1000,1000,1000,1000,1000,1000,1000,1000,1000,1000,1000,1000,1000,1000,1000,1000,1000,1000,1000,1000,1000,1000,1000,1000,1000,1000,1000,1000,1000,1000,1000,1000,1000,1000,1000,1000,1000,1000,1000,1000,1000,1000,1000,1000,1000,1000,1000,1000,1000,1000,1000,1000,1000,1000,1000,1000,1000,1000,1000,1000,1000,1000,1000,1000,1000,1000,1000,1000,1000,1000,1000,1000,1000,1000,1203.962,1206.881,1206.881,1209.922,1000,1000,1000,1000,1224.273,1225.246,1231.084,1000,1242.76,1000,1000,1000,1000,1000,1000,1000,1000,1000,1288.49,1000,1000,1000,1000,1000,1000,1000,1000,1000,1000,1000,1000,1000,1000,1000,1000,1000,1000,1000,1000,1000,1000,1000,1000,1000,1000,1000,1000,1000,1000,1000,1276.328,1286.058,1284.112,1296.274,1303.085,1315.734,1315.734,1332.761,1331.788,1224.091,1224.167,1224.782,1000,1000,1000,1000,1000,1000,1000,1000,1000,1000,1242.152,1245.192,1247.138,1000,1000,1000,1000,1000,1000,1000,1000,1000,1000,1000,1000,1000,1000,1000,1309.409,1000,1000,1000,1000,1000,1000,1000,1000,1000,1000,1000,1000,1000,1000,1000,1000,1000,1000,1000,1000,1000,1000,1000,1000,1000,1000,1000,1000,1000,1000,1000,1000,1000,1000,1000,1000,1000,1000,1000,1000,1000,1000,1000,1000,1000,1000,1000,1300.652,1290.679,1294.815,1300.652,1295.544,1290.193,1000,1303.571,1000,1000,1307.463,1299.193,1302.599,1307.463,1000,1000,1313.788,1000,1307.95,1312.815,1319.626,1320.599,1328.383,1333.248,1000,1000,1000,1000,1334.22,1327.41,1000,1000,1000,1325.95,1327.41,1323.031,1000,1000,1000,1000,1000,1344.923,1343.95,1355.14,1355.14,1343.95,1346.869,1349.788,1352.221,1349.788,1357.086,1359.032,1000,1000,1000,1254.922,1255.074,1254.998,1255.074,1362.924,1362.924,1363.896,1254.998,1362.924,1254.96,1255.15,1255.226,1255.074,1255.264,1255.302,1255.15,1255.112,1254.96,1000,1000,1000,1000,1142.101,1143.515,1143.789,1144.701,1144.701,1144.549,1145.735,1145.218,1144.245,1143.941,1144.245,1143.515,1143.515,1144.245,1000,1000,1000,1000,1000,1000,1000,1000,1000,1000,1000,1182.678,1192.894,1192.894,1197.03,1000,1000,1000,1000,1000,1000,1000,1000,1000,1000,1000,1141.174,1000,1140.528,1140.376,1140.376,1140.262,1252.003,1246.165,1000,1255.264,1255.074,1255.074,1359.032,1356.113,1348.815,1347.842,1342.977,1345.896,1347.842,1357.086,1355.14,1353.194,1357.086,1254.922,1362.924,1255.036,1255.424,1255.515,1255.302,1255.264,1000,1000,1000,1000,1000,1330.328,1329.356,1336.167,1000,1321.572,1312.815,1316.22,1320.599,1325.95,1329.356,1329.356,1325.95,1323.031,1317.193,1311.355,1309.896,1306.004,1304.058,1306.49,1299.193,1302.599,1306.49,1307.463,1302.112,1307.463,1299.68,1293.355,1292.139,1288.733,1290.679,1293.355,1293.355,1291.409,1290.193,1286.301,1280.22,1280.22,1277.301,1276.814,1000,1000,1000,1000,1268.544,1269.031,1271.463,1000,1270.976,1268.544,1267.206,1264.895,1262.341,1260.274,1258.449,1259.544,1257.355,1256.99,1254.922,1254.922,1252.368,1253.584,1253.28,1253.584,1251.821,1252.672,1249.875,1250.665,1249.632,1249.084,1249.328,1250.118,1249.875,1250.665,1250.665,1248.111,1246.165,1244.28,1244.28,1243.946,1243.186,1242.243,1243.034,1241.148,1240.799,1241.452,1242.486,1242,1242.76,1242.76,1241.255,1239.811,1000,1000,1000,1000,1000,1000,1000,1000,1000,1000,1000,1188.029,1184.654,1186.448,1186.023,1188.273,1188.759,1190.097,1190.644,1192.043,1193.259,1195.935,1197.759,1201.165,1209.192,1219.165,1234.49,1252.49,1000,1000,1252.003,1261.733,1268.057,1000,1000,1000,1256.382,1251.638,1251.638,1252.49,1250.665,1253.949,1251.152,1252.003,1247.138,1243.976,1242.881,1000,1239.963,1238.381,1239.963,1236.253,1234.307,1234.854,1235.402,1232.543,1000,1000,1000,1000,1000,1000,1000,1000,1000,1000,1000,1000,1000,1000,1000,1000,1000,1000,1000,1000,1000,1000,1000,1000,1000,1000,1000,1000,1000,1000,1000,1000,1000,1000,1000,1000,1000,1000,1000,1000,1000,1000,1000,1000,1000,1000,1000,1000,1000,1000,1000,1000,1000,1000,1000,1000,1000,1000,1000,1000,1000,1000,1000,1000,1000,1000,1000,1000,1000,1000,1000,1000,1000,1000,1000,1000,1000,1000,1000,1000,1000,1000,1000,1000,1000,1000,1000,1000,1000,1000,1000,1000,1000,1000,1000,1000,1000,1000,1000,1000,1000
1000,1000,1000,1000,1000,1000,1000,1000,1000,1000,1000,1000,1000,1000,1000,1000,1000,1000,1000,1000,1000,1000,1000,1000,1000,1000,1000,1000,1000,1000,1000,1000,1000,1000,1000,1000,1000,1000,1000,1000,1000,1000,1000,1000,1000,1000,1000,1000,1000,1000,1000,1000,1000,1000,1000,1000,1000,1000,1000,1000,1000,1000,1000,1000,1000,1000,1000,1000,1000,1000,1000,1000,1000,1000,1000,1000,1000,1000,1000,1000,1000,1000,1000,1000,1000,1000,1000,1000,1000,1000,1000,1000,1000,1000,1000,1000,1000,1000,1201.408,1203.719,1205.117,1208.462,1208.219,1000,1000,1000,1224.76,1000,1231.814,1000,1000,1000,1000,1000,1000,1000,1000,1000,1000,1000,1000,1000,1000,1000,1000,1000,1000,1000,1000,1000,1000,1000,1000,1000,1000,1000,1000,1000,1000,1000,1000,1000,1000,1000,1000,1000,1000,1000,1000,1000,1000,1000,1000,1282.652,1279.247,1000,1296.274,1309.896,1312.815,1329.842,1324.977,1223.863,1223.787,1224.167,1224.205,1000,1000,1000,1000,1000,1000,1000,1000,1000,1000,1000,1000,1000,1000,1000,1000,1000,1000,1000,1000,1000,1000,1000,1000,1000,1000,1000,1000,1000,1000,1000,1000,1000,1000,1000,1000,1000,1000,1000,1000,1000,1000,1000,1000,1000,1000,1000,1000,1000,1000,1000,1000,1000,1000,1000,1000,1000,1000,1000,1000,1000,1000,1000,1000,1000,1000,1000,1000,1000,1000,1000,1000,1000,1000,1273.652,1276.814,1271.463,1270.003,1273.652,1271.949,1270.003,1000,1000,1000,1279.49,1283.139,1279.004,1286.301,1288.733,1290.679,1288.004,1294.815,1286.301,1286.301,1293.355,1297.734,1297.004,1301.139,1303.571,1296.274,1298.22,1000,1299.193,1300.652,1299.193,1297.004,1296.274,1294.815,1295.544,1297.004,1292.139,1000,1000,1000,1000,1000,1301.139,1303.571,1311.355,1314.761,1315.247,1317.193,1317.68,1322.058,1324.004,1326.437,1326.437,1328.383,1000,1325.95,1326.437,1333.248,1333.248,1337.139,1329.356,1329.356,1329.356,1329.356,1325.95,1328.383,1331.302,1334.22,1331.302,1339.085,1339.085,1340.058,1339.085,1338.112,1000,1000,1000,1140.3,1141.638,1143.12,1143.242,1143.789,1144.397,1144.093,1145.37,1145.036,1144.549,1144.397,1144.701,1144.245,1145.036,1147.286,1150.387,1154.705,1158.11,1000,1000,1000,1000,1000,1000,1000,1000,1174.408,1183.408,1183.894,1000,1000,1000,1000,1000,1147.286,1000,1000,1000,1000,1000,1000,1000,1000,1000,1140.862,1140.756,1140.338,1246.165,1233.03,1000,1341.031,1333.248,1337.139,1329.356,1325.95,1319.626,1320.599,1312.328,1315.247,1315.247,1320.599,1315.247,1314.761,1313.788,1322.058,1323.031,1326.437,1338.112,1345.896,1340.058,1341.031,1000,1335.193,1299.193,1302.599,1298.22,1302.599,1302.599,1311.355,1306.49,1301.139,1292.625,1296.274,1298.22,1302.599,1302.599,1301.139,1296.274,1290.679,1281.922,1280.706,1279.49,1278.517,1277.301,1281.922,1274.625,1280.22,1281.436,1283.139,1276.328,1280.22,1274.139,1270.49,1268.544,1267.206,1269.517,1268.544,1270.003,1269.517,1270.976,1265.747,1264.409,1262.341,1259.909,1259.909,1000,1000,1000,1255.53,1254.192,1254.557,1000,1000,1000,1253.584,1252.368,1251.821,1251.821,1250.665,1249.875,1250.118,1248.841,1247.625,1246.348,1245.922,1244.797,1246.165,1245.74,1245.344,1244.098,1243.642,1242.121,1242.623,1243.034,1243.186,1243.642,1243.946,1243.338,1242.76,1242.365,1241.148,1240.563,1240.168,1240.419,1240.35,1240.054,1239.856,1240.054,1347.356,1342.491,1239.354,1239.506,1345.41,1239.506,1239.392,1337.626,1317.68,1000,1000,1000,1000,1000,1000,1000,1000,1000,1000,1000,1190.644,1187.543,1187.117,1186.023,1186.874,1187.786,1188.759,1189.002,1190.34,1191.739,1193.259,1193.867,1198.854,1207.246,1216.976,1233.03,1247.138,1000,1000,1240.327,1243.976,1245.922,1243.976,1245.192,1245.192,1241.787,1241.057,1242.881,1242.881,1241.422,1242.881,1000,1237.713,1234.307,1232.3,1231.388,1233.516,1230.78,1229.989,1230.172,1228.53,1227.329,1226.675,1000,1000,1000,1000,1000,1000,1000,1000,1000,1000,1000,1000,1000,1000,1000,1000,1000,1000,1000,1000,1000,1000,1000,1000,1000,1000,1000,1000,1000,1000,1000,1000,1000,1000,1000,1000,1000,1000,1000,1000,1000,1000,1000,1000,1000,1000,1000,1000,1000,1000,1000,1000,1000,1000,1000,1000,1000,1000,1000,1000,1000,1000,1000,1000,1000,1000,1000,1000,1000,1000,1000,1000,1000,1000,1000,1000,1000,1000,1000,1000,1000,1000,1000,1000,1000,1000,1000,1000,1000,1000,1000,1000,1000,1000,1000,1000,1000,1000,1000,1000,1000,1000,1000
1000,1000,1000,1000,1000,1000,1000,1000,1000,1000,1000,1000,1000,1000,1000,1000,1000,1000,1000,1000,1000,1000,1000,1000,1000,1000,1000,1000,1000,1000,1000,1000,1000,1000,1000,1000,1000,1000,1000,1000,1000,1000,1000,1000,1000,1000,1000,1000,1000,1000,1000,1000,1000,1000,1000,1000,1000,1000,1000,1000,1000,1000,1000,1000,1000,1000,1000,1000,1000,1000,1000,1000,1000,1000,1000,1000,1000,1000,1000,1000,1000,1000,1000,1000,1000,1000,1000,1000,1000,1000,1000,1000,1000,1000,1000,1000,1000,1199.462,1201.895,1205.117,1207.854,1209.192,1000,1209.922,1000,1000,1000,1217.341,1000,1000,1000,1000,1000,1000,1000,1000,1000,1000,1000,1000,1000,1000,1000,1000,1000,1000,1000,1000,1000,1000,1000,1000,1000,1000,1000,1000,1000,1000,1000,1000,1000,1000,1000,1000,1000,1000,1000,1000,1000,1000,1000,1000,1000,1000,1000,1000,1000,1000,1305.031,1314.761,1316.707,1324.004,1319.626,1329.842,1332.761,1000,1000,1000,1000,1000,1000,1000,1000,1000,1000,1000,1000,1000,1000,1000,1000,1000,1000,1000,1000,1000,1000,1000,1000,1000,1000,1000,1000,1000,1000,1000,1000,1000,1000,1000,1000,1000,1000,1240.799,1000,1000,1000,1000,1000,1000,1000,1000,1000,1000,1000,1000,1000,1000,1000,1000,1000,1000,1000,1000,1000,1000,1000,1000,1000,1000,1000,1000,1000,1000,1000,1000,1000,1000,1000,1257.355,1258.449,1256.625,1254.557,1257.355,1257.719,1258.449,1261.976,1264.409,1263.193,1264.895,1266.233,1264.409,1266.233,1270.003,1268.057,1267.571,1275.112,1272.922,1271.949,1278.517,1282.652,1277.301,1279.004,1279.49,1276.328,1277.301,1274.625,1277.787,1000,1000,1273.652,1275.598,1273.652,1274.625,1273.652,1270.976,1275.598,1000,1000,1279.49,1284.355,1281.922,1280.22,1281.922,1283.625,1286.301,1289.463,1292.625,1296.274,1297.004,1297.004,1293.355,1294.085,1287.517,1295.544,1299.193,1304.058,1306.49,1310.382,1305.031,1303.571,1304.058,1300.652,1298.22,1299.193,1302.112,1302.599,1306.49,1314.761,1317.68,1320.599,1323.031,1000,1000,1000,1235.949,1140.414,1141.478,1142.634,1142.877,1143.379,1144.701,1144.853,1145.735,1144.853,1144.093,1144.245,1144.549,1144.853,1146.1,1149.84,1151.968,1156.651,1159.934,1000,1000,1000,1000,1000,1000,1000,1000,1164.313,1165.164,1165.164,1000,1000,1000,1000,1000,1146.495,1147.955,1150.083,1154.705,1153.124,1000,1000,1000,1000,1000,1141.174,1140.923,1140.3,1242.273,1228.165,1000,1320.599,1304.058,1310.382,1305.031,1299.193,1294.815,1297.734,1289.463,1290.679,1292.625,1296.274,1291.409,1291.409,1291.409,1298.22,1294.815,1300.652,1306.004,1309.896,1302.599,1304.058,1000,1000,1273.652,1277.787,1276.814,1279.004,1277.301,1282.652,1277.787,1277.301,1271.463,1275.598,1277.301,1277.787,1277.787,1275.598,1271.463,1268.057,1261.976,1261.49,1260.76,1262.706,1259.909,1264.895,1000,1000,1260.76,1265.747,1260.76,1264.044,1260.274,1257.719,1000,1000,1255.895,1255.895,1256.99,1258.814,1257.719,1254.922,1252.976,1252.976,1249.875,1249.875,1000,1000,1245.557,1245.557,1000,1000,1000,1000,1000,1000,1243.49,1244.28,1243.49,1243.49,1243.034,1243.186,1242.623,1242.623,1241.772,1241.452,1240.882,1241.665,1241.559,1241.255,1240.563,1240.419,1239.658,1239.697,1239.947,1240.229,1240.419,1240.419,1240.229,1239.811,1239.506,1346.383,1345.41,1339.572,1343.464,1000,1342.491,1332.275,1333.248,1321.572,1317.68,1317.68,1324.491,1314.761,1317.68,1317.68,1306.49,1282.652,1000,1000,1000,1000,1000,1000,1000,1000,1000,1000,1000,1189.307,1187.786,1185.415,1185.232,1186.023,1186.631,1186.631,1187.786,1188.273,1189.307,1190.644,1192.347,1197.759,1207.246,1219.895,1232.3,1245.679,1000,1000,1000,1232.3,1232.543,1231.875,1233.03,1234.55,1232.3,1232.057,1233.516,1234.064,1232.543,1233.273,1230.598,1229.047,1227.055,1226.797,1226.797,1227.329,1226.31,1225.581,1225.231,1224.661,1000,1000,1000,1000,1000,1000,1000,1000,1000,1000,1000,1000,1000,1000,1000,1174.408,1176.84,1180.975,1000,1180.002,1000,1000,1000,1000,1000,1000,1000,1000,1000,1000,1000,1000,1000,1000,1000,1000,1000,1000,1000,1000,1000,1000,1000,1000,1000,1000,1000,1000,1000,1000,1000,1000,1000,1000,1000,1000,1000,1000,1000,1000,1000,1000,1000,1000,1000,1000,1000,1000,1000,1000,1000,1000,1000,1000,1000,1000,1000,1000,1000,1000,1000,1000,1000,1000,1000,1000,1000,1000,1000,1000,1000,1000,1000,1000,1000,1000,1000,1000,1000,1000,1000,1000,1000,1000,1000
1000,1000,1000,1000,1000,1000,1000,1000,1000,1000,1000,1000,1000,1000,1000,1000,1000,1000,1000,1000,1000,1000,1000,1000,1000,1000,1000,1000,1000,1000,1000,1000,1000,1000,1000,1000,1000,1000,1000,1000,1000,1000,1000,1000,1000,1000,1000,1000,1000,1000,1000,1000,1000,1000,1000,1000,1000,1000,1000,1000,1000,1000,1000,1000,1000,1000,1000,1000,1000,1000,1000,1000,1000,1000,1000,1000,1000,1000,1000,1000,1000,1000,1000,1000,1000,1000,1000,1000,1000,1000,1000,1000,1000,1000,1000,1000,1000,1000,1200.739,1202.381,1205.361,1205.969,1207.854,1000,1000,1000,1208.827,1000,1219.53,1000,1242.76,1000,1000,1000,1000,1000,1000,1000,1000,1000,1000,1000,1000,1000,1000,1000,1000,1000,1000,1000,1000,1000,1000,1000,1000,1000,1000,1000,1000,1000,1000,1000,1000,1000,1000,1000,1000,1000,1000,1000,1000,1000,1000,1000,1000,1000,1000,1000,1308.923,1316.707,1319.626,1322.058,1324.977,1325.95,1327.896,1000,1000,1000,1000,1000,1000,1000,1000,1000,1000,1000,1000,1000,1000,1000,1000,1000,1000,1000,1000,1000,1000,1000,1000,1000,1000,1000,1000,1000,1000,1000,1000,1000,1000,1000,1000,1000,1000,1000,1000,1000,1000,1000,1000,1000,1000,1000,1000,1000,1000,1000,1000,1000,1000,1000,1000,1000,1000,1000,1000,1000,1000,1000,1000,1000,1000,1000,1000,1000,1000,1000,1246.165,1248.598,1247.625,1248.111,1249.084,1249.328,1248.598,1249.875,1250.422,1251.517,1253.949,1255.895,1255.895,1255.165,1254.192,1252.976,1252.672,1254.192,1253.949,1252.976,1258.449,1258.084,1258.449,1263.557,1268.057,1263.193,1262.341,1000,1258.814,1258.814,1259.544,1262.341,1260.274,1000,1259.909,1000,1260.274,1263.557,1263.557,1260.76,1265.382,1266.233,1265.747,1264.895,1268.544,1267.571,1265.382,1264.895,1265.382,1266.72,1267.206,1270.49,1275.598,1277.787,1275.598,1273.652,1276.328,1272.436,1278.517,1285.085,1288.733,1290.679,1292.625,1286.301,1285.571,1286.787,1284.355,1283.139,1287.517,1000,1291.409,1294.815,1305.031,1000,1318.653,1000,1000,1000,1226.219,1247.138,1140.862,1141.638,1142.527,1142.634,1143.12,1144.245,1144.245,1144.245,1144.093,1143.12,1000,1146.1,1147.286,1148.38,1151.725,1000,1000,1000,1000,1000,1000,1000,1000,1191.678,1000,1000,1000,1000,1000,1000,1000,1000,1000,1142.755,1145.735,1147.711,1149.11,1152.82,1151.725,1000,1000,1000,1144.701,1000,1142.208,1141.395,1140.756,1251.03,1234.976,1000,1311.355,1287.517,1290.679,1286.787,1280.706,1277.787,1279.004,1273.652,1271.463,1275.112,1278.517,1277.787,1280.22,1280.22,1283.139,1281.436,1283.625,1286.301,1292.139,1000,1283.625,1000,1262.341,1259.909,1260.274,1260.274,1263.193,1261.49,1263.193,1260.274,1261.49,1259.179,1262.706,1261.976,1260.76,1260.274,1256.99,1256.625,1254.922,1252.672,1251.517,1251.821,1251.213,1249.328,1250.969,1247.442,1000,1248.354,1249.084,1247.442,1248.841,1247.625,1246.348,1245.557,1247.442,1247.199,1246.53,1246.773,1247.442,1245.557,1244.463,1243.49,1243.794,1242.121,1241.559,1241.665,1241.559,1240.799,1241.346,1240.974,1240.723,1000,1000,1239.856,1240.107,1240.168,1240.495,1240.107,1240.229,1239.856,1239.734,1239.734,1239.772,1239.43,1239.544,1239.506,1239.734,1239.468,1239.392,1338.599,1331.302,1318.653,1321.572,1326.437,1329.356,1330.328,1330.328,1331.302,1318.653,1314.761,1313.788,1313.788,1310.382,1318.653,1316.707,1311.842,1306.49,1302.112,1289.463,1288.49,1285.571,1283.625,1281.436,1289.463,1287.031,1281.436,1000,1000,1000,1233.03,1221.111,1205.057,1204.57,1203.232,1000,1000,1000,1000,1185.415,1185.84,1184.29,1184.137,1184.654,1185.597,1185.597,1186.448,1186.023,1186.874,1188.029,1190.34,1194.232,1206.395,1217.462,1229.138,1237.408,1000,1000,1000,1226.31,1226.675,1225.885,1227.192,1227.618,1226.797,1225.991,1226.918,1225.885,1225.406,1225.687,1225.155,1000,1224.288,1224.38,1224.091,1224.205,1224.129,1223.939,1000,1000,1000,1000,1000,1000,1000,1000,1000,1000,1000,1000,1000,1000,1000,1000,1179.151,1176.84,1175.989,1178.178,1181.462,1177.813,1174.408,1173.921,1000,1000,1000,1000,1000,1000,1000,1000,1000,1000,1000,1000,1000,1000,1000,1000,1000,1000,1000,1000,1000,1000,1000,1000,1000,1000,1000,1000,1000,1000,1000,1000,1000,1000,1000,1000,1000,1000,1000,1000,1000,1000,1000,1000,1000,1000,1000,1000,1000,1000,1000,1000,1000,1000,1000,1000,1000,1000,1000,1000,1000,1000,1000,1000,1000,1000,1000,1000,1000,1000,1000,1000,1000,1000,1000,1000,1000,1000,1000,1000,1000,1000,1000
1000,1000,1000,1000,1000,1000,1000,1000,1000,1000,1000,1000,1000,1000,1000,1000,1000,1000,1000,1000,1000,1000,1000,1000,1000,1000,1000,1000,1000,1000,1000,1000,1000,1000,1000,1000,1000,1000,1000,1000,1000,1000,1000,1000,1000,1000,1000,1000,1000,1000,1000,1000,1000,1000,1000,1000,1000,1000,1000,1000,1000,1000,1000,1000,1000,1000,1000,1000,1000,1000,1000,1000,1000,1000,1000,1000,1000,1000,1000,1000,1000,1000,1000,1000,1000,1000,1000,1000,1000,1000,1000,1000,1000,1000,1000,1000,1000,1000,1199.219,1201.408,1203.962,1205.969,1208.462,1000,1000,1000,1000,1000,1000,1000,1239.598,1000,1000,1000,1000,1000,1000,1000,1000,1000,1000,1000,1000,1000,1000,1000,1000,1000,1000,1000,1000,1000,1000,1000,1000,1000,1000,1000,1000,1000,1000,1000,1000,1000,1000,1000,1000,1000,1000,1000,1000,1000,1000,1000,1000,1000,1000,1000,1000,1314.761,1324.977,1329.842,1332.761,1000,1000,1000,1000,1000,1000,1000,1000,1000,1000,1000,1000,1000,1000,1000,1000,1000,1000,1000,1000,1000,1000,1000,1000,1000,1000,1000,1000,1000,1000,1000,1000,1000,1000,1000,1000,1000,1000,1000,1000,1000,1000,1000,1000,1000,1000,1000,1000,1000,1000,1239.544,1239.734,1240,1000,1000,1000,1000,1000,1000,1000,1000,1000,1000,1000,1239.506,1239.697,1348.329,1239.468,1346.383,1000,1000,1000,1240,1240.639,1241.452,1241.665,1241.148,1241.878,1000,1242.243,1242.121,1243.186,1243.946,1245.344,1245.557,1246.773,1245.74,1244.797,1244.797,1244.797,1244.463,1244.615,1244.463,1245.74,1246.956,1247.199,1000,1252.368,1250.118,1249.632,1248.598,1248.354,1248.111,1248.841,1249.084,1248.354,1248.841,1248.841,1249.084,1250.118,1252.064,1252.064,1250.118,1252.672,1252.064,1253.28,1252.064,1255.165,1254.922,1255.53,1255.53,1257.719,1257.719,1258.449,1259.544,1261.976,1261.49,1258.814,1258.084,1259.179,1257.355,1261.976,1268.544,1272.436,1274.139,1276.814,1272.922,1275.112,1276.328,1273.652,1275.598,1281.436,1000,1288.004,1294.815,1303.571,1000,1000,1000,1233.03,1235.949,1245.192,1140.414,1141.25,1141.813,1142.998,1143.12,1143.789,1146.313,1145.735,1000,1147.529,1000,1000,1000,1000,1000,1000,1000,1000,1000,1000,1000,1000,1000,1000,1000,1000,1000,1000,1000,1000,1000,1000,1000,1000,1000,1141.638,1144.397,1145.552,1149.597,1149.353,1000,1000,1000,1000,1000,1143.515,1141.813,1140.612,1251.03,1229.138,1000,1305.031,1282.652,1279.49,1275.112,1269.031,1264.409,1264.895,1261.125,1258.449,1259.179,1261.49,1261.125,1263.193,1262.706,1264.409,1000,1000,1000,1000,1000,1254.192,1251.821,1248.354,1249.632,1250.422,1250.969,1250.665,1249.084,1248.354,1246.956,1247.868,1247.625,1249.328,1249.632,1249.084,1248.598,1000,1248.354,1247.625,1246.53,1245.162,1244.28,1242.623,1242.623,1243.946,1242.897,1243.338,1244.098,1242.897,1241.772,1242.243,1242.121,1241.057,1241.057,1242.121,1241.878,1240.799,1241.255,1241.148,1240.419,1240,1240.054,1239.811,1239.506,1347.356,1239.544,1239.392,1343.464,1348.329,1348.329,1339.572,1000,1000,1000,1000,1327.41,1336.653,1333.248,1340.545,1331.302,1328.383,1332.275,1329.356,1320.599,1323.518,1324.491,1323.518,1326.437,1321.572,1316.707,1306.004,1298.22,1294.328,1298.22,1298.22,1299.193,1294.328,1299.193,1288.49,1288.004,1287.031,1289.463,1285.571,1292.382,1288.004,1286.544,1281.436,1276.571,1264.652,1267.084,1260.76,1258.571,1259.057,1267.084,1262.949,1259.544,1000,1000,1000,1221.597,1211.138,1201.651,1199.219,1199.948,1193.867,1000,1000,1000,1183.469,1184.29,1183.469,1183.469,1183.621,1184.654,1184.837,1185.597,1185.597,1187.117,1188.759,1191.192,1193.259,1204.57,1216.003,1224.03,1000,1000,1000,1224.288,1223.977,1223.977,1331.788,1224.053,1224.129,1224.205,1223.939,1224.091,1330.815,1332.761,1332.761,1000,1000,1000,1322.058,1313.788,1315.734,1311.842,1308.923,1000,1000,1000,1000,1000,1000,1000,1000,1000,1000,1000,1000,1000,1000,1000,1000,1184.381,1180.002,1176.84,1176.84,1176.84,1172.34,1168.691,1166.989,1000,1000,1000,1000,1000,1000,1000,1000,1000,1000,1000,1000,1000,1000,1000,1000,1000,1000,1000,1000,1000,1000,1000,1000,1000,1000,1000,1000,1000,1000,1000,1000,1000,1000,1000,1000,1000,1000,1000,1000,1000,1000,1000,1000,1000,1000,1000,1000,1000,1000,1000,1000,1000,1000,1000,1000,1000,1000,1000,1000,1000,1000,1000,1000,1000,1000,1000,1000,1000,1000,1000,1000,1000,1000,1000,1000,1000,1000,1000,1000,1000,1000,1000
1000,1000,1000,1000,1000,1000,1000,1000,1000,1000,1000,1000,1000,1000,1000,1000,1000,1000,1000,1000,1000,1000,1000,1000,1000,1000,1000,1000,1000,1000,1000,1000,1000,1000,1000,1000,1000,1000,1000,1000,1000,1000,1000,1000,1000,1000,1000,1000,1000,1000,1000,1000,1000,1000,1000,1000,1000,1000,1000,1000,1000,1000,1000,1000,1000,1000,1000,1000,1000,1000,1000,1000,1000,1000,1000,1000,1000,1000,1000,1000,1000,1000,1000,1000,1000,1000,1000,1000,1000,1000,1000,1000,1000,1000,1000,1000,1000,1000,1201.408,1203.172,1205.117,1206.577,1208.462,1000,1000,1000,1000,1000,1000,1000,1232.3,1000,1000,1000,1000,1000,1000,1000,1000,1000,1000,1000,1000,1000,1000,1000,1000,1000,1000,1000,1000,1000,1000,1000,1000,1000,1000,1000,1000,1000,1000,1000,1000,1000,1000,1000,1000,1000,1000,1000,1000,1000,1000,1000,1000,1000,1000,1000,1000,1000,1316.707,1321.085,1324.977,1000,1332.761,1000,1224.539,1225.231,1000,1000,1000,1000,1000,1000,1000,1000,1000,1000,1000,1000,1000,1000,1000,1000,1000,1000,1000,1000,1000,1000,1000,1000,1000,1000,1000,1000,1000,1000,1000,1000,1000,1000,1000,1000,1000,1000,1000,1000,1000,1000,1000,1000,1000,1000,1000,1315.734,1000,1000,1000,1000,1000,1000,1000,1000,1000,1000,1000,1321.572,1325.464,1321.572,1326.437,1323.518,1318.653,1317.68,1326.437,1326.437,1338.599,1346.383,1239.392,1239.354,1000,1000,1000,1000,1000,1000,1240.639,1000,1241.057,1240.639,1240.882,1240.882,1240.974,1240.563,1240.882,1240.563,1240.639,1241.772,1242.243,1000,1244.797,1243.642,1243.794,1242.897,1243.034,1242.365,1242.486,1242,1241.665,1241.452,1242.121,1242.243,1243.186,1244.098,1244.797,1243.338,1244.28,1243.794,1244.979,1244.28,1246.165,1246.956,1246.773,1246.165,1247.199,1246.956,1246.165,1247.625,1249.328,1250.665,1248.841,1249.328,1000,1251.213,1255.165,1261.49,1266.233,1269.031,1270.003,1000,1270.003,1000,1268.544,1000,1000,1000,1000,1000,1000,1000,1000,1251.03,1140.612,1141.478,1141.638,1142.527,1142.527,1142.755,1143.12,1142.998,1143.652,1145.552,1144.245,1000,1000,1000,1000,1000,1000,1000,1000,1000,1000,1000,1000,1000,1000,1000,1171.732,1000,1206.273,1000,1000,1000,1000,1000,1000,1000,1000,1000,1000,1141.813,1142.755,1145.552,1000,1000,1000,1000,1000,1000,1145.735,1143.941,1142.101,1141.478,1000,1000,1000,1281.436,1270.976,1266.233,1261.49,1256.26,1254.557,1252.368,1249.632,1249.328,1250.422,1249.632,1252.672,1252.064,1253.28,1000,1000,1000,1000,1000,1242.486,1242.76,1244.098,1245.557,1246.53,1246.773,1244.979,1243.338,1242.76,1242,1241.772,1241.772,1242.121,1241.772,1242.121,1242.243,1242.365,1242.76,1243.034,1241.772,1241.057,1240.563,1239.811,1239.734,1240.107,1239.902,1239.902,1240.563,1240.107,1239.697,1239.658,1239.544,1340.545,1340.545,1239.354,1239.392,1346.383,1239.354,1239.354,1337.626,1331.302,1329.356,1325.464,1317.68,1313.788,1319.626,1314.761,1309.409,1312.815,1311.842,1301.625,1000,1286.544,1280.706,1280.706,1294.815,1303.085,1301.625,1306.49,1299.68,1290.436,1292.382,1293.355,1288.49,1290.923,1294.815,1293.355,1296.76,1292.382,1286.544,1279.247,1276.571,1270.003,1270.733,1268.787,1267.084,1264.652,1267.571,1265.139,1267.571,1269.517,1269.517,1267.571,1271.949,1270.003,1264.652,1258.571,1254.436,1247.625,1248.476,1245.922,1245.922,1247.138,1251.638,1247.99,1243.976,1000,1000,1221.597,1213.814,1207.732,1203.719,1202.016,1202.016,1195.935,1000,1000,1000,1183.317,1183.317,1182.708,1183.165,1183.955,1184.472,1184.837,1185.019,1184.472,1184.472,1186.874,1188.516,1190.644,1202.867,1214.786,1221.111,1000,1000,1000,1331.788,1318.653,1316.707,1308.923,1312.815,1313.788,1315.734,1307.95,1304.058,1292.869,1294.815,1294.815,1000,1000,1000,1302.112,1297.247,1000,1000,1000,1000,1000,1000,1000,1000,1000,1000,1000,1000,1000,1000,1000,1000,1000,1000,1178.664,1182.921,1179.637,1174.772,1175.137,1173.191,1169.056,1166.016,1165.104,1160.299,1000,1156.225,1157.776,1000,1000,1000,1000,1000,1000,1000,1000,1000,1000,1000,1000,1000,1000,1000,1000,1000,1000,1000,1000,1000,1000,1000,1000,1000,1000,1000,1000,1000,1000,1000,1000,1000,1000,1000,1000,1000,1000,1000,1000,1000,1000,1000,1000,1000,1000,1000,1000,1000,1000,1000,1000,1000,1000,1000,1000,1000,1000,1000,1000,1000,1000,1000,1000,1000,1000,1000,1000,1000,1000,1000,1000,1000,1000,1000,1000,1000,1000,1000
1000,1000,1000,1000,1000,1000,1000,1000,1000,1000,1000,1000,1000,1000,1000,1000,1000,1000,1000,1000,1000,1000,1000,1000,1000,1000,1000,1000,1000,1000,1000,1000,1000,1000,1000,1000,1000,1000,1000,1000,1000,1000,1000,1000,1000,1000,1000,1000,1000,1000,1000,1000,1000,1000,1000,1000,1000,1000,1000,1000,1000,1000,1000,1000,1000,1000,1000,1000,1000,1000,1000,1000,1000,1000,1000,1000,1000,1000,1000,1000,1000,1000,1000,1000,1000,1000,1000,1000,1000,1000,1000,1000,1000,1000,1000,1000,1000,1000,1000,1000,1207.246,1000,1208.219,1000,1000,1000,1000,1000,1000,1000,1000,1000,1000,1000,1000,1000,1000,1000,1000,1000,1000,1000,1000,1000,1000,1000,1000,1000,1000,1000,1000,1000,1000,1000,1000,1000,1000,1000,1000,1000,1000,1000,1000,1000,1000,1000,1000,1000,1000,1000,1000,1000,1000,1000,1000,1000,1000,1000,1000,1308.923,1323.031,1223.787,1223.901,1224.167,1224.288,1225.155,1225.489,1225.991,1000,1000,1000,1000,1000,1000,1000,1000,1000,1000,1000,1000,1000,1000,1000,1000,1000,1000,1000,1000,1000,1000,1000,1000,1000,1000,1000,1000,1000,1000,1000,1000,1000,1000,1000,1000,1000,1000,1000,1000,1000,1000,1000,1000,1000,1000,1000,1283.625,1278.517,1269.517,1263.436,1263.922,1261.733,1000,1000,1000,1000,1000,1000,1295.788,1297.247,1292.382,1296.76,1295.788,1292.382,1291.896,1295.788,1295.788,1300.652,1306.004,1308.436,1307.463,1000,1310.382,1319.626,1000,1000,1000,1000,1000,1000,1339.572,1340.545,1339.572,1334.22,1330.328,1000,1329.356,1000,1345.41,1000,1000,1000,1239.697,1239.697,1239.62,1239.734,1239.43,1239.506,1239.43,1348.329,1346.383,1239.697,1239.947,1240.419,1241.057,1241.346,1240.639,1240.799,1240.495,1240.799,1240.723,1241.772,1242,1242,1241.878,1242.76,1242.243,1242.121,1243.186,1244.463,1244.797,1245.344,1245.922,1000,1247.625,1251.213,1255.895,1263.557,1268.544,1272.436,1000,1000,1000,1000,1000,1000,1000,1000,1000,1000,1230.111,1252.003,1140.528,1141.554,1142.527,1142.877,1144.093,1143.789,1143.515,1143.652,1143.242,1143.379,1143.789,1000,1000,1000,1000,1000,1000,1000,1000,1000,1000,1000,1000,1000,1000,1000,1000,1171.732,1000,1192.651,1000,1000,1000,1000,1000,1000,1000,1000,1000,1000,1000,1000,1000,1000,1000,1000,1000,1000,1000,1146.1,1144.701,1143.242,1142.101,1140.703,1227.192,1000,1000,1276.328,1266.233,1260.274,1252.672,1250.665,1246.956,1244.797,1243.946,1244.28,1243.186,1245.74,1245.922,1245.557,1000,1247.442,1242.76,1240.563,1240,1239.772,1239.772,1240.054,1240.882,1241.452,1241.057,1240.799,1240.168,1239.947,1239.544,1239.697,1239.62,1239.772,1239.468,1239.658,1000,1000,1000,1239.856,1000,1343.464,1337.626,1326.437,1324.491,1000,1327.41,1323.518,1331.302,1324.491,1316.707,1318.653,1322.545,1315.734,1313.788,1321.572,1314.761,1306.49,1309.409,1310.382,1300.652,1302.112,1301.625,1297.247,1292.382,1291.896,1292.382,1290.436,1286.544,1286.544,1284.112,1276.571,1263.922,1262.949,1259.057,1260.03,1269.517,1277.787,1277.058,1277.787,1275.841,1268.787,1270.733,1270.733,1270.003,1267.571,1267.084,1267.571,1269.517,1265.868,1263.922,1259.057,1253.463,1252.49,1251.152,1250.179,1249.328,1250.665,1250.665,1250.665,1251.638,1252.49,1253.463,1250.179,1000,1000,1249.328,1243.246,1241.422,1238.017,1237.713,1237.104,1236.253,1236.496,1238.017,1235.949,1233.516,1000,1000,1218.192,1211.624,1205.908,1202.867,1200.8,1200.8,1197.394,1000,1000,1000,1183.012,1181.918,1181.553,1181.918,1182.86,1183.165,1183.773,1184.29,1183.955,1185.019,1188.516,1192.043,1193.624,1204.57,1216.003,1000,1000,1000,1000,1305.031,1293.842,1289.463,1286.544,1289.463,1284.112,1288.49,1279.247,1270.003,1259.544,1261.003,1257.598,1265.139,1269.517,1000,1000,1000,1000,1000,1000,1000,1000,1000,1000,1000,1000,1000,1000,1000,1000,1000,1000,1000,1000,1000,1000,1180.489,1178.664,1173.191,1173.191,1171.245,1167.597,1164.799,1163.948,1159.205,1157.411,1156.225,1156.073,1154.431,1000,1000,1000,1000,1000,1000,1000,1000,1000,1000,1000,1000,1000,1000,1000,1000,1000,1000,1000,1000,1000,1000,1000,1000,1000,1000,1000,1000,1000,1000,1000,1000,1000,1000,1000,1000,1000,1000,1000,1000,1000,1000,1000,1000,1000,1000,1000,1000,1000,1000,1000,1000,1000,1000,1000,1000,1000,1000,1000,1000,1000,1000,1000,1000,1000,1000,1000,1000,1000,1000,1000,1000,1000,1000,1000,1000,1000,1000
1000,1000,1000,1000,1000,1000,1000,1000,1000,1000,1000,1000,1000,1000,1000,1000,1000,1000,1000,1000,1000,1000,1000,1000,1000,1000,1000,1000,1000,1000,1000,1000,1000,1000,1000,1000,1000,1000,1000,1000,1000,1000,1000,1000,1000,1000,1000,1000,1000,1000,1000,1000,1000,1000,1000,1000,1000,1000,1000,1000,1000,1000,1000,1000,1000,1000,1000,1000,1000,1000,1000,1000,1000,1000,1000,1000,1000,1000,1000,1000,1000,1000,1000,1000,1000,1000,1000,1000,1000,1000,1000,1000,1000,1000,1000,1000,1000,1000,1000,1000,1000,1000,1000,1000,1000,1000,1000,1000,1000,1000,1000,1000,1000,1000,1000,1000,1000,1000,1000,1000,1000,1000,1000,1000,1000,1000,1000,1000,1000,1000,1000,1000,1000,1000,1000,1000,1000,1000,1000,1000,1000,1000,1000,1000,1000,1000,1000,1000,1000,1000,1000,1000,1000,1000,1000,1000,1000,1000,1302.112,1310.869,1319.626,1223.863,1223.863,1000,1224.015,1224.661,1000,1224.927,1000,1000,1000,1000,1000,1000,1000,1000,1000,1000,1000,1000,1000,1000,1000,1000,1000,1000,1000,1236.496,1000,1000,1000,1000,1000,1000,1000,1000,1000,1230.962,1000,1232.3,1000,1000,1000,1000,1000,1000,1245.557,1248.476,1000,1248.841,1252.003,1000,1000,1000,1000,1256.868,1254.922,1251.152,1248.841,1250.179,1249.328,1000,1000,1000,1000,1000,1000,1274.625,1271.949,1267.084,1268.787,1268.057,1266.355,1268.787,1271.949,1271.949,1275.841,1278.517,1282.166,1280.706,1284.112,1283.625,1291.896,1000,1000,1000,1000,1000,1295.788,1300.652,1305.031,1305.031,1304.058,1000,1000,1000,1294.328,1299.68,1308.436,1000,1000,1322.545,1330.328,1325.464,1331.302,1320.599,1317.68,1315.734,1317.68,1315.734,1325.464,1334.22,1341.518,1346.383,1239.354,1342.491,1345.41,1340.545,1342.491,1342.491,1239.506,1239.658,1239.772,1240.054,1240.799,1240.419,1240.229,1240.882,1241.772,1000,1000,1000,1000,1000,1251.517,1000,1000,1000,1000,1000,1000,1175.867,1175.381,1183.894,1198.975,1202.867,1207.732,1218.435,1223.3,1237.895,1252.976,1140.703,1141.395,1142.421,1143.12,1144.853,1145.735,1145.552,1145.036,1144.245,1143.515,1000,1000,1000,1000,1000,1000,1000,1000,1000,1000,1000,1000,1000,1000,1000,1000,1000,1165.894,1174.651,1000,1000,1000,1000,1000,1000,1000,1000,1000,1000,1000,1000,1000,1000,1000,1000,1000,1000,1000,1000,1147.286,1145.37,1000,1142.01,1140.338,1214.057,1000,1000,1000,1000,1000,1000,1252.672,1247.868,1244.098,1242.623,1241.772,1241.255,1242.623,1242.121,1241.148,1000,1241.665,1239.811,1343.464,1338.599,1334.22,1334.22,1334.22,1342.491,1239.392,1346.383,1338.599,1338.599,1335.193,1325.464,1326.437,1330.328,1325.464,1319.626,1322.545,1000,1000,1000,1000,1000,1000,1306.004,1299.193,1299.193,1297.247,1297.247,1295.788,1302.112,1298.22,1292.382,1293.355,1293.355,1288.49,1285.571,1290.436,1285.085,1279.247,1280.706,1282.166,1275.841,1275.841,1278.517,1276.571,1270.003,1270.733,1272.436,1267.571,1263.436,1263.922,1000,1000,1247.138,1248.476,1246.409,1246.409,1250.179,1255.895,1255.409,1255.409,1255.895,1252.49,1255.409,1253.463,1253.949,1248.841,1247.625,1245.192,1245.192,1242.517,1243.246,1241.787,1240.327,1241.422,1241.422,1239.354,1239.598,1239.598,1238.017,1236.8,1238.017,1236.253,1236.8,1235.949,1236.496,1235.949,1237.104,1233.516,1232.057,1231.388,1230.354,1229.989,1228.712,1228.226,1229.047,1228.378,1227.77,1000,1000,1213.814,1209.192,1203.232,1201.651,1198.489,1197.759,1195.57,1196.3,1190.097,1186.448,1183.012,1181.796,1181.447,1181.675,1182.298,1182.86,1183.773,1184.137,1183.955,1186.448,1190.34,1191.192,1192.347,1200.8,1208.705,1000,1000,1000,1293.842,1277.787,1270.003,1270.003,1270.976,1272.922,1265.139,1270.976,1262.22,1257.598,1246.165,1246.165,1241.3,1243.976,1243.976,1000,1000,1000,1000,1000,1000,1000,1000,1000,1000,1000,1000,1000,1217.949,1216.733,1214.422,1214.604,1000,1000,1000,1000,1000,1178.178,1176.475,1171.245,1172.34,1170.151,1167.354,1164.495,1162.853,1158.353,1156.529,1000,1154.309,1000,1000,1000,1000,1000,1000,1000,1000,1000,1000,1000,1000,1000,1000,1000,1000,1000,1000,1000,1000,1000,1000,1000,1000,1000,1000,1000,1000,1000,1000,1000,1000,1000,1000,1000,1000,1000,1000,1000,1000,1000,1000,1000,1000,1000,1000,1000,1000,1000,1000,1000,1000,1000,1000,1000,1000,1000,1000,1000,1000,1000,1000,1000,1000,1000,1000,1000,1000,1000,1000,1000,1000,1000,1000,1000,1000,1000,1000,1000
1000,1000,1000,1000,1000,1000,1000,1000,1000,1000,1000,1000,1000,1000,1000,1000,1000,1000,1000,1000,1000,1000,1000,1000,1000,1000,1000,1000,1000,1000,1000,1000,1000,1000,1000,1000,1000,1000,1000,1000,1000,1000,1000,1000,1000,1000,1000,1000,1000,1000,1000,1000,1000,1000,1000,1000,1000,1000,1000,1000,1000,1000,1000,1000,1000,1000,1000,1000,1000,1000,1000,1000,1000,1000,1000,1000,1000,1000,1000,1000,1000,1000,1000,1000,1000,1000,1000,1000,1000,1000,1000,1000,1000,1000,1000,1000,1000,1000,1000,1000,1000,1000,1000,1000,1000,1000,1000,1000,1000,1000,1000,1000,1000,1000,1000,1000,1000,1000,1000,1000,1000,1000,1000,1000,1000,1000,1000,1000,1000,1000,1000,1000,1000,1000,1000,1000,1000,1000,1000,1000,1000,1000,1000,1000,1000,1000,1000,1000,1000,1000,1000,1000,1000,1000,1000,1000,1000,1000,1000,1307.95,1318.653,1323.031,1319.626,1000,1329.842,1000,1000,1000,1000,1000,1000,1000,1000,1000,1000,1000,1000,1000,1000,1000,1000,1000,1000,1000,1000,1000,1000,1000,1000,1000,1000,1000,1000,1225.885,1226.098,1225.406,1225.885,1225.991,1226.918,1226.675,1000,1000,1000,1000,1000,1235.402,1236.496,1236.8,1237.408,1236.253,1237.104,1237.408,1000,1240.327,1000,1241.057,1241.057,1237.713,1238.381,1237.408,1238.017,1237.408,1000,1000,1000,1000,1000,1252.976,1251.152,1248.476,1252.976,1253.463,1252.976,1255.895,1256.868,1254.922,1254.436,1256.382,1259.057,1257.355,1261.733,1265.139,1269.517,1270.733,1270.733,1265.139,1268.057,1265.868,1270.733,1274.625,1000,1000,1000,1000,1000,1000,1277.787,1277.787,1281.436,1000,1285.085,1289.463,1296.76,1298.22,1305.031,1298.22,1290.923,1290.923,1290.923,1288.49,1296.76,1302.112,1309.409,1310.382,1313.788,1311.842,1318.653,1313.788,1316.707,1320.599,1327.41,1334.22,1336.653,1346.383,1239.544,1239.506,1239.43,1239.902,1000,1000,1000,1000,1000,1000,1000,1000,1000,1000,1178.543,1181.705,1186.083,1188.273,1186.083,1191.192,1198.975,1206.273,1210.651,1224.273,1230.111,1241.3,1000,1140.414,1140.528,1140.809,1000,1000,1143.379,1144.093,1142.998,1142.527,1142.101,1000,1000,1000,1000,1000,1000,1000,1000,1000,1000,1000,1000,1000,1000,1000,1000,1000,1160.543,1165.407,1158.597,1000,1000,1000,1000,1000,1000,1000,1000,1000,1000,1000,1000,1000,1000,1000,1000,1000,1000,1000,1000,1000,1144.397,1142.634,1140.984,1225.246,1000,1206.273,1000,1000,1000,1000,1000,1000,1000,1000,1240.882,1240.289,1240.054,1240,1000,1000,1000,1000,1000,1316.707,1311.842,1314.761,1307.463,1309.409,1313.788,1313.788,1306.49,1311.842,1306.004,1304.058,1301.625,1306.004,1299.193,1302.112,1295.788,1291.896,1000,1000,1000,1000,1000,1277.787,1277.787,1279.247,1273.895,1277.787,1275.841,1278.517,1272.436,1270.733,1268.787,1269.517,1262.949,1263.436,1266.355,1262.949,1258.571,1262.22,1260.03,1255.895,1257.355,1259.057,1255.895,1253.949,1255.895,1255.895,1252.49,1252.003,1251.152,1246.773,1242.152,1236.8,1237.104,1236.253,1236.253,1239.354,1242.517,1241.787,1241.787,1243.246,1239.598,1241.787,1239.963,1240.692,1236.253,1236.253,1234.064,1234.854,1232.3,1232.787,1231.875,1231.631,1230.78,1231.388,1229.989,1230.172,1230.354,1229.777,1229.047,1229.989,1228.895,1229.412,1228.53,1228.712,1227.618,1228.074,1226.432,1226.31,1226.554,1226.31,1225.885,1225.687,1224.995,1224.782,1224.722,1224.661,1000,1000,1206.395,1202.381,1198.854,1199.584,1196.3,1194.84,1195.57,1000,1000,1184.29,1182.435,1181.447,1181.234,1181.796,1182.161,1182.435,1183.165,1183.317,1183.469,1185.84,1190.34,1190.644,1193.624,1199.219,1206.395,1000,1000,1000,1276.328,1261.003,1256.868,1252.49,1255.165,1253.219,1247.868,1250.301,1245.192,1239.354,1232.422,1231.206,1228.043,1229.989,1000,1000,1000,1000,1000,1000,1000,1000,1000,1000,1000,1000,1215.82,1213.844,1213.327,1211.624,1210.53,1210.743,1211.351,1000,1000,1000,1000,1180.002,1175.624,1172.705,1172.34,1169.421,1166.624,1165.712,1161.272,1157.776,1155.328,1000,1000,1000,1000,1000,1000,1000,1000,1000,1000,1000,1000,1000,1000,1000,1000,1000,1000,1000,1000,1000,1000,1000,1000,1000,1000,1000,1000,1000,1000,1000,1000,1000,1000,1000,1000,1000,1000,1000,1000,1000,1000,1000,1000,1000,1000,1000,1000,1000,1000,1000,1000,1000,1000,1000,1000,1000,1000,1000,1000,1000,1000,1000,1000,1000,1000,1000,1000,1000,1000,1000,1000,1000,1000,1000,1000,1000,1000,1000,1000,1000
1000,1000,1000,1000,1000,1000,1000,1000,1000,1000,1000,1000,1000,1000,1000,1000,1000,1000,1000,1000,1000,1000,1000,1000,1000,1000,1000,1000,1000,1000,1000,1000,1000,1000,1000,1000,1000,1000,1000,1000,1000,1000,1000,1000,1000,1000,1000,1000,1000,1000,1000,1000,1000,1000,1000,1000,1000,1000,1000,1000,1000,1000,1000,1000,1000,1000,1000,1000,1000,1000,1000,1000,1000,1000,1000,1000,1000,1000,1000,1000,1000,1000,1000,1000,1000,1000,1000,1000,1000,1000,1000,1000,1000,1000,1000,1000,1000,1000,1000,1000,1000,1000,1000,1000,1000,1000,1000,1000,1000,1000,1000,1000,1000,1000,1000,1000,1000,1000,1000,1000,1000,1000,1000,1000,1000,1000,1000,1000,1000,1000,1000,1000,1000,1000,1000,1000,1000,1000,1000,1000,1000,1000,1000,1000,1000,1000,1000,1000,1000,1000,1000,1000,1000,1000,1000,1000,1000,1000,1000,1000,1000,1300.166,1299.193,1000,1312.815,1000,1330.815,1324.977,1000,1000,1000,1000,1000,1000,1000,1000,1000,1000,1000,1000,1000,1000,1000,1000,1000,1000,1000,1000,1000,1000,1000,1000,1332.761,1223.901,1224.053,1223.901,1224.091,1224.129,1224.433,1224.334,1000,1000,1000,1000,1000,1000,1229.777,1229.989,1229.777,1229.412,1229.229,1229.047,1000,1000,1000,1000,1232.057,1230.962,1230.78,1230.962,1230.78,1230.172,1230.598,1231.631,1234.307,1000,1238.625,1240.692,1238.625,1000,1240.327,1239.963,1238.625,1242.517,1241.787,1241.057,1241.057,1243.611,1244.341,1244.341,1245.557,1247.625,1250.665,1252.003,1249.814,1247.625,1250.179,1248.841,1251.152,1256.868,1259.544,1262.22,1000,1000,1000,1261.247,1000,1260.03,1262.22,1260.03,1265.139,1269.517,1268.787,1273.166,1279.247,1276.571,1269.517,1273.166,1271.949,1271.22,1278.517,1286.544,1288.49,1294.328,1294.815,1293.355,1299.193,1300.652,1000,1000,1320.599,1325.464,1000,1337.626,1000,1342.491,1000,1000,1000,1000,1000,1000,1000,1160.056,1168.083,1170.516,1178.543,1185.354,1190.219,1189.732,1192.651,1191.192,1191.678,1195.084,1202.867,1209.678,1209.678,1216.489,1223.3,1224.273,1000,1000,1000,1000,1000,1000,1000,1141.904,1141.554,1141.478,1141.174,1000,1000,1000,1000,1000,1000,1000,1000,1000,1000,1000,1000,1000,1000,1153.124,1151.056,1156.286,1157.137,1160.543,1154.461,1000,1000,1000,1000,1000,1000,1000,1000,1000,1000,1000,1000,1000,1000,1000,1000,1000,1000,1000,1000,1000,1143.652,1000,1140.49,1205.3,1196.543,1195.57,1194.111,1194.111,1000,1188.759,1176.597,1000,1000,1000,1000,1242,1000,1000,1000,1000,1000,1000,1000,1302.112,1296.76,1299.193,1293.355,1295.788,1000,1290.923,1285.571,1290.923,1283.625,1281.436,1282.166,1283.625,1277.058,1279.247,1275.841,1273.166,1265.139,1262.949,1262.949,1262.949,1257.355,1257.355,1259.544,1258.084,1253.463,1255.895,1255.895,1254.922,1251.152,1251.638,1249.814,1247.138,1243.976,1245.557,1245.922,1243.246,1244.341,1246.409,1244.341,1243.611,1245.557,1245.192,1242.881,1241.057,1240.692,1239.598,1238.381,1238.017,1238.381,1235.402,1232.787,1230.354,1230.598,1230.172,1230.78,1232.057,1232.057,1230.962,1230.78,1230.962,1229.229,1230.172,1230.172,1229.777,1227.922,1227.618,1227.192,1226.918,1226.204,1226.432,1225.885,1225.991,1225.778,1226.098,1225.885,1226.098,1225.991,1225.991,1225.687,1225.489,1225.489,1225.315,1224.782,1224.722,1224.539,1224.661,1224.167,1224.053,1224.38,1224.205,1223.863,1329.842,1326.923,1315.734,1317.68,1000,1000,1000,1204.084,1200.435,1198.854,1199.948,1198.124,1195.205,1197.759,1000,1000,1182.572,1182.161,1181.34,1181.34,1181.553,1182.161,1182.039,1182.708,1182.435,1183.012,1184.654,1188.273,1188.273,1193.624,1198.124,1000,1000,1000,1000,1253.949,1240.327,1239.841,1236.922,1237.895,1235.098,1233.273,1232.908,1229.989,1226.584,1222.814,1220.685,1219.53,1000,1000,1000,1000,1000,1000,1000,1000,1000,1000,1000,1000,1212.05,1211.898,1210.013,1209.922,1209.587,1209.154,1209.032,1209.359,1000,1000,1000,1000,1177.327,1172.705,1169.786,1167.354,1164.799,1163.644,1164.252,1160.543,1158.779,1156.073,1000,1000,1000,1000,1000,1000,1000,1000,1000,1000,1000,1000,1000,1000,1000,1000,1000,1000,1000,1000,1000,1000,1000,1000,1000,1000,1000,1000,1000,1000,1000,1000,1000,1000,1000,1000,1000,1000,1000,1000,1000,1000,1000,1000,1000,1000,1000,1000,1000,1000,1000,1000,1000,1000,1000,1000,1000,1000,1000,1000,1000,1000,1000,1000,1000,1000,1000,1000,1000,1000,1000,1000,1000,1000,1000,1000,1000,1000,1000,1000,1000
1000,1000,1000,1000,1000,1000,1000,1000,1000,1000,1000,1000,1000,1000,1000,1000,1000,1000,1000,1000,1000,1000,1000,1000,1000,1000,1000,1000,1000,1000,1000,1000,1000,1000,1000,1000,1000,1000,1000,1000,1000,1000,1000,1000,1000,1000,1000,1000,1000,1000,1000,1000,1000,1000,1000,1000,1000,1000,1000,1000,1000,1000,1000,1000,1000,1000,1000,1000,1000,1000,1000,1000,1000,1000,1000,1000,1000,1000,1000,1000,1000,1000,1000,1000,1000,1000,1000,1000,1000,1000,1000,1000,1000,1000,1000,1000,1000,1000,1000,1000,1000,1000,1000,1000,1000,1000,1000,1000,1000,1000,1000,1000,1000,1000,1000,1000,1000,1000,1000,1000,1000,1000,1000,1000,1000,1000,1000,1000,1000,1000,1000,1000,1000,1000,1000,1000,1000,1000,1000,1000,1000,1000,1000,1000,1000,1000,1000,1000,1000,1000,1000,1000,1000,1000,1000,1000,1000,1000,1000,1000,1000,1285.085,1272.922,1270.003,1269.517,1000,1000,1000,1000,1000,1000,1000,1000,1000,1000,1000,1000,1000,1000,1000,1000,1000,1000,1000,1000,1000,1000,1300.166,1296.274,1294.815,1297.247,1293.842,1292.869,1302.112,1302.112,1305.031,1310.869,1313.788,1324.977,1325.95,1324.977,1327.896,1000,1223.863,1224.129,1224.486,1000,1224.851,1224.927,1224.851,1225.071,1000,1225.687,1226.098,1226.432,1226.918,1227.055,1226.554,1226.31,1226.098,1225.778,1225.778,1226.204,1227.329,1228.712,1229.989,1230.78,1230.962,1229.412,1229.777,1230.354,1230.598,1230.172,1231.875,1231.206,1232.543,1231.875,1000,1234.55,1234.307,1234.064,1235.645,1236.8,1237.104,1235.949,1234.307,1235.402,1235.098,1236.8,1241.057,1000,1244.341,1000,1245.922,1246.773,1246.773,1245.922,1247.138,1248.476,1247.99,1249.328,1249.814,1249.328,1250.665,1254.436,1257.355,1254.922,1256.868,1258.084,1257.355,1262.22,1269.517,1272.436,1278.517,1281.436,1281.436,1284.112,1000,1000,1000,1000,1000,1000,1000,1000,1000,1000,1000,1000,1000,1000,1164.191,1164.678,1166.867,1174.164,1173.435,1177.813,1183.165,1188.759,1187.3,1190.219,1189.732,1192.651,1194.111,1199.462,1205.3,1203.84,1000,1000,1000,1000,1000,1000,1000,1000,1000,1000,1000,1141.395,1000,1000,1000,1000,1000,1000,1000,1000,1000,1000,1000,1000,1000,1000,1000,1000,1148.624,1147.164,1148.259,1149.84,1151.421,1147.894,1152.637,1000,1000,1000,1000,1000,1000,1000,1000,1000,1000,1000,1000,1000,1000,1000,1000,1000,1000,1000,1000,1140.224,1234.003,1215.03,1000,1186.813,1188.273,1189.732,1191.192,1198.003,1191.192,1187.3,1178.543,1165.407,1152.272,1000,1000,1000,1000,1000,1000,1000,1000,1000,1000,1000,1284.112,1280.706,1280.706,1275.112,1273.166,1271.949,1274.625,1267.571,1267.571,1266.355,1261.733,1255.895,1258.571,1254.436,1252.49,1249.328,1247.625,1246.773,1247.138,1245.192,1242.881,1243.976,1241.787,1238.625,1238.017,1239.598,1238.625,1237.713,1238.99,1239.963,1238.625,1237.408,1237.408,1236.8,1234.307,1234.854,1235.402,1234.307,1233.273,1234.55,1234.064,1233.516,1232.543,1232.543,1231.388,1230.78,1229.047,1229.594,1228.226,1227.055,1225.885,1226.797,1225.991,1226.31,1226.432,1226.204,1225.489,1225.489,1225.406,1225.231,1225.778,1225.489,1225.406,1224.851,1224.6,1224.539,1224.6,1224.433,1224.334,1224.167,1224.053,1223.939,1223.939,1224.015,1223.977,1224.015,1224.015,1223.787,1326.923,1329.842,1324.004,1316.707,1319.626,1315.734,1315.734,1307.95,1306.977,1316.707,1318.653,1307.95,1304.058,1301.139,1288.49,1288.49,1291.896,1000,1000,1203.232,1201.651,1199.584,1198.854,1197.394,1194.597,1196.3,1000,1000,1183.012,1182.161,1181.447,1181.34,1181.553,1181.675,1181.796,1182.435,1182.435,1183.317,1187.3,1189.793,1189.793,1195.935,1198.124,1000,1000,1000,1000,1233.273,1227.314,1227.314,1225.489,1223.787,1223.422,1221.537,1221.537,1220.077,1219.53,1216.489,1215.638,1214.209,1000,1000,1000,1000,1000,1000,1000,1000,1000,1000,1000,1208.766,1208.675,1208.485,1310.382,1306.49,1305.517,1306.49,1307.463,1000,1000,1000,1000,1190.948,1179.151,1172.705,1170.516,1167.354,1165.104,1164.799,1165.407,1160.786,1159.387,1000,1000,1000,1000,1000,1000,1000,1000,1000,1000,1000,1000,1000,1000,1000,1000,1000,1000,1000,1000,1000,1000,1000,1000,1000,1000,1000,1000,1000,1000,1000,1000,1000,1000,1000,1000,1000,1000,1000,1000,1000,1000,1000,1000,1000,1000,1000,1000,1000,1000,1000,1000,1000,1000,1000,1000,1000,1000,1000,1000,1000,1000,1000,1000,1000,1000,1000,1000,1000,1000,1000,1000,1000,1000,1000,1000,1000,1000,1000,1000,1000,1000
1000,1000,1000,1000,1000,1000,1000,1000,1000,1000,1000,1000,1000,1000,1000,1000,1000,1000,1000,1000,1000,1000,1000,1000,1000,1000,1000,1000,1000,1000,1000,1000,1000,1000,1000,1000,1000,1000,1000,1000,1000,1000,1000,1000,1000,1000,1000,1000,1000,1000,1000,1000,1000,1000,1000,1000,1000,1000,1000,1000,1000,1000,1000,1000,1000,1000,1000,1000,1000,1000,1000,1000,1000,1000,1000,1000,1000,1000,1000,1000,1000,1000,1000,1000,1000,1000,1000,1000,1000,1000,1000,1000,1000,1000,1000,1000,1000,1000,1000,1000,1000,1000,1000,1000,1000,1000,1000,1000,1000,1215.273,1000,1000,1000,1000,1000,1000,1000,1000,1000,1000,1000,1000,1000,1000,1000,1000,1000,1000,1000,1000,1000,1000,1000,1000,1000,1000,1000,1000,1000,1000,1000,1000,1000,1000,1000,1000,1000,1000,1000,1000,1000,1000,1000,1000,1000,1000,1000,1000,1000,1000,1000,1262.949,1245.192,1236.071,1232.908,1230.354,1000,1000,1000,1000,1000,1000,1000,1229.138,1231.206,1232.908,1236.922,1236.071,1000,1240.327,1000,1246.652,1000,1000,1000,1000,1000,1271.463,1269.517,1272.436,1271.463,1270.976,1272.922,1278.76,1281.193,1284.112,1285.085,1290.436,1297.247,1299.193,1297.247,1302.112,1306.977,1304.058,1000,1313.788,1000,1315.734,1316.707,1315.734,1318.653,1316.707,1325.95,1329.842,1223.863,1223.939,1224.053,1223.863,1223.939,1223.825,1223.977,1224.091,1224.288,1224.6,1224.927,1225.071,1225.155,1225.315,1224.927,1225.071,1225.687,1225.885,1225.778,1226.432,1226.675,1226.554,1226.554,1226.675,1227.77,1227.618,1227.77,1229.229,1230.78,1230.598,1230.354,1229.594,1229.777,1228.895,1230.598,1232.3,1234.064,1235.402,1237.104,1236.253,1238.381,1237.104,1237.408,1237.408,1240.327,1238.625,1241.057,1240.692,1242.152,1241.057,1242.881,1243.976,1245.557,1246.409,1248.841,1251.152,1254.922,1259.057,1262.949,1000,1000,1000,1000,1000,1000,1000,1000,1000,1000,1000,1000,1000,1000,1000,1000,1156.651,1165.407,1171.732,1168.57,1168.57,1172.705,1170.516,1172.218,1176.597,1181.705,1181.219,1181.219,1184.624,1188.273,1191.192,1194.111,1203.84,1198.003,1000,1000,1000,1000,1000,1000,1000,1000,1000,1000,1000,1000,1000,1000,1000,1000,1000,1000,1000,1000,1000,1000,1000,1000,1000,1000,1000,1141.448,1146.434,1145.705,1146.799,1146.799,1148.624,1146.069,1149.84,1000,1000,1000,1000,1000,1000,1000,1000,1000,1000,1000,1000,1000,1000,1000,1000,1000,1000,1000,1000,1000,1206.273,1194.111,1178.543,1179.273,1182.435,1181.705,1183.894,1186.813,1181.219,1176.597,1175.867,1166.867,1157.624,1153.124,1150.205,1143.029,1000,1000,1000,1000,1000,1000,1000,1000,1000,1272.436,1267.084,1259.544,1256.382,1254.922,1254.436,1250.665,1252.003,1249.814,1247.625,1245.192,1243.976,1241.057,1239.598,1237.713,1236.253,1236.496,1237.713,1236.496,1235.098,1235.402,1233.273,1230.172,1229.989,1230.962,1231.206,1230.354,1231.875,1232.543,1231.206,1229.777,1229.989,1229.229,1227.77,1228.074,1228.53,1227.618,1227.192,1228.074,1227.329,1226.918,1227.055,1227.055,1226.554,1226.31,1225.581,1225.687,1224.782,1224.243,1223.939,1224.167,1223.863,1223.825,1223.863,1332.761,1325.95,1329.842,1223.787,1332.761,1223.939,1332.761,1325.95,1321.085,1318.653,1318.653,1323.031,1323.031,1318.653,1312.815,1311.842,1306.004,1308.923,1309.896,1310.869,1306.977,1307.95,1301.139,1296.274,1295.301,1294.815,1287.517,1290.923,1284.112,1281.193,1275.355,1276.814,1275.355,1284.112,1280.22,1279.247,1275.355,1270.003,1265.139,1266.598,1000,1000,1000,1200.8,1200.435,1199.584,1198.124,1195.57,1196.3,1000,1000,1181.796,1181.553,1181.127,1181.34,1181.796,1182.161,1182.435,1183.165,1182.708,1183.773,1186.874,1188.516,1188.029,1193.867,1000,1000,1000,1000,1000,1219.834,1217.219,1216.307,1216.976,1214.422,1214.786,1213.661,1213.327,1212.506,1000,1000,1000,1000,1000,1000,1000,1000,1000,1000,1000,1000,1291.409,1298.22,1301.139,1295.301,1290.436,1288.49,1282.652,1277.301,1278.274,1276.328,1000,1000,1000,1000,1000,1199.219,1182.435,1171.975,1170.881,1165.712,1163.644,1163.097,1164.252,1160.056,1159.205,1156.711,1000,1000,1000,1000,1000,1000,1000,1000,1000,1000,1000,1000,1000,1000,1000,1000,1000,1000,1000,1000,1000,1000,1000,1000,1000,1000,1000,1000,1000,1000,1000,1000,1000,1000,1000,1000,1000,1000,1000,1000,1000,1000,1000,1000,1000,1000,1000,1000,1000,1000,1000,1000,1000,1000,1000,1000,1000,1000,1000,1000,1000,1000,1000,1000,1000,1000,1000,1000,1000,1000,1000,1000,1000,1000,1000,1000,1000,1000,1000,1000,1000
1000,1000,1000,1000,1000,1000,1000,1000,1000,1000,1000,1000,1000,1000,1000,1000,1000,1000,1000,1000,1000,1000,1000,1000,1000,1000,1000,1000,1000,1000,1000,1000,1000,1000,1000,1000,1000,1000,1000,1000,1000,1000,1000,1000,1000,1000,1000,1000,1000,1000,1000,1000,1000,1000,1000,1000,1000,1000,1000,1000,1000,1000,1000,1000,1000,1000,1000,1000,1000,1000,1000,1000,1000,1000,1000,1000,1000,1000,1000,1000,1000,1000,1000,1000,1000,1000,1000,1000,1000,1000,1000,1000,1000,1000,1000,1000,1000,1000,1000,1000,1000,1000,1000,1000,1000,1000,1000,1000,1000,1000,1000,1000,1000,1000,1000,1000,1000,1000,1000,1000,1000,1000,1000,1000,1000,1000,1000,1000,1000,1000,1000,1000,1000,1000,1000,1000,1000,1000,1000,1000,1000,1000,1000,1000,1000,1000,1000,1000,1000,1000,1000,1000,1000,1000,1000,1000,1000,1000,1000,1000,1000,1250.301,1232.422,1221.537,1218.192,1216.976,1216.976,1000,1000,1000,1000,1000,1222.814,1224.03,1225.489,1225.125,1229.625,1230.354,1233.273,1000,1000,1235.584,1000,1234.246,1239.354,1238.868,1000,1251.517,1253.949,1252.49,1000,1254.436,1253.949,1253.949,1259.057,1259.057,1258.328,1262.949,1268.057,1271.463,1268.057,1272.922,1276.814,1000,1000,1000,1000,1000,1282.652,1283.625,1287.517,1288.49,1292.869,1292.869,1300.166,1300.166,1306.977,1305.031,1306.977,1302.112,1306.977,1309.896,1319.626,1326.923,1332.761,1223.825,1332.761,1326.923,1322.058,1324.977,1223.787,1223.825,1223.939,1224.243,1224.38,1224.288,1224.433,1224.486,1224.722,1224.782,1224.927,1225.406,1225.687,1225.778,1225.406,1225.406,1225.315,1225.315,1225.991,1226.918,1227.77,1228.378,1228.712,1228.074,1229.229,1229.047,1229.777,1230.598,1232.3,1231.388,1233.516,1233.76,1235.402,1235.645,1236.496,1237.713,1241.057,1242.881,1243.976,1247.138,1250.179,1000,1000,1000,1000,1000,1000,1000,1000,1000,1000,1000,1000,1000,1000,1000,1000,1000,1157.624,1165.894,1172.218,1175.867,1172.218,1175.867,1179.759,1000,1000,1000,1000,1000,1186.813,1190.219,1194.111,1196.543,1000,1000,1000,1000,1000,1000,1000,1000,1000,1000,1000,1000,1000,1000,1000,1000,1000,1000,1000,1000,1000,1000,1000,1000,1000,1000,1000,1000,1000,1000,1142.664,1144.975,1144.002,1146.069,1145.705,1147.164,1146.069,1151.056,1000,1000,1000,1000,1000,1000,1000,1000,1000,1000,1000,1000,1000,1000,1000,1000,1000,1000,1000,1000,1000,1211.138,1204.327,1000,1176.597,1174.651,1174.651,1172.705,1177.813,1171.002,1166.867,1168.57,1162.732,1156.286,1154.826,1153.124,1147.164,1000,1000,1000,1000,1000,1000,1000,1000,1000,1000,1000,1244.706,1243.246,1241.057,1239.354,1238.625,1239.354,1238.381,1237.104,1236.253,1236.496,1233.516,1232.057,1230.78,1230.172,1229.229,1229.412,1228.895,1227.466,1226.797,1226.204,1225.885,1225.778,1226.675,1226.918,1226.554,1227.055,1227.192,1226.31,1225.581,1225.315,1224.782,1224.433,1224.539,1224.782,1224.433,1224.433,1224.722,1224.661,1224.433,1224.782,1224.661,1224.539,1224.38,1224.129,1224.167,1223.825,1326.923,1315.734,1314.761,1306.004,1305.031,1303.085,1306.977,1306.977,1308.923,1313.788,1311.842,1311.842,1304.058,1301.139,1295.301,1292.869,1294.815,1298.22,1296.274,1290.923,1286.058,1282.652,1279.247,1281.193,1284.112,1284.112,1283.625,1284.112,1278.76,1273.895,1274.868,1270.003,1265.139,1266.598,1261.49,1255.652,1253.949,1255.165,1252.49,1260.274,1262.949,1261.49,1258.328,1250.787,1246.165,1245.679,1000,1000,1000,1198.854,1200.435,1199.584,1200.435,1197.759,1198.854,1000,1000,1181.553,1181.021,1180.823,1181.34,1182.039,1182.86,1183.165,1184.137,1183.773,1185.232,1188.029,1190.888,1193.259,1000,1000,1000,1000,1000,1216.489,1213.145,1212.506,1211.351,1211.761,1210.423,1210.317,1209.154,1209.283,1208.561,1000,1000,1000,1000,1000,1000,1000,1000,1000,1275.355,1271.949,1267.084,1267.084,1268.544,1265.625,1263.679,1261.247,1255.409,1255.895,1251.03,1248.841,1000,1000,1000,1000,1000,1000,1000,1183.408,1171.975,1169.056,1163.644,1161.516,1162.063,1164.252,1161.272,1161.759,1158.353,1000,1000,1000,1000,1000,1000,1000,1000,1000,1000,1000,1000,1000,1000,1000,1000,1000,1000,1000,1000,1000,1000,1000,1000,1000,1000,1000,1000,1000,1000,1000,1000,1000,1000,1000,1000,1000,1000,1000,1000,1000,1000,1000,1000,1000,1000,1000,1000,1000,1000,1000,1000,1000,1000,1000,1000,1000,1000,1000,1000,1000,1000,1000,1000,1000,1000,1000,1000,1000,1000,1000,1000,1000,1000,1000,1000,1000,1000,1000,1000,1000
1000,1000,1000,1000,1000,1000,1000,1000,1000,1000,1000,1000,1000,1000,1000,1000,1000,1000,1000,1000,1000,1000,1000,1000,1000,1000,1000,1000,1000,1000,1000,1000,1000,1000,1000,1000,1000,1000,1000,1000,1000,1000,1000,1000,1000,1000,1000,1000,1000,1000,1000,1000,1000,1000,1000,1000,1000,1000,1000,1000,1000,1000,1000,1000,1000,1000,1000,1000,1000,1000,1000,1000,1000,1000,1000,1000,1000,1000,1000,1000,1000,1000,1000,1000,1000,1000,1000,1000,1000,1000,1000,1000,1000,1000,1000,1000,1000,1000,1000,1000,1000,1000,1000,1000,1000,1000,1000,1000,1000,1000,1000,1000,1000,1000,1000,1000,1000,1000,1000,1000,1000,1000,1000,1000,1000,1000,1000,1000,1000,1000,1000,1000,1000,1000,1000,1000,1000,1000,1000,1000,1000,1000,1000,1000,1000,1000,1000,1000,1000,1000,1000,1000,1000,1000,1000,1000,1000,1000,1000,1000,1000,1241.3,1223.422,1216.064,1213.661,1213.145,1212.658,1212.506,1212.658,1000,1000,1000,1217.705,1218.983,1219.53,1218.192,1220.077,1221.537,1224.03,1000,1000,1000,1000,1000,1225.854,1227.314,1232.057,1235.584,1236.071,1234.611,1000,1237.895,1236.435,1236.922,1240.327,1237.408,1236.435,1240.327,1241.787,1246.165,1247.382,1253.219,1253.949,1254.436,1253.219,1000,1000,1000,1260.274,1263.679,1265.139,1265.139,1269.517,1270.976,1271.463,1275.355,1281.193,1279.247,1279.247,1280.22,1279.247,1282.652,1286.544,1296.274,1295.301,1301.139,1298.22,1297.247,1293.842,1301.139,1305.031,1309.896,1312.815,1316.707,1319.626,1321.085,1323.031,1324.977,1326.923,1330.815,1331.788,1223.863,1223.901,1224.015,1223.787,1223.787,1223.863,1223.939,1224.167,1224.486,1224.927,1225.071,1224.851,1224.995,1225.315,1225.315,1225.885,1226.797,1227.922,1227.77,1228.895,1229.594,1231.206,1230.78,1232.543,1234.854,1237.713,1240.692,1242.152,1244.341,1246.773,1000,1000,1000,1000,1000,1000,1000,1000,1000,1000,1000,1140.292,1140.9,1143.272,1000,1000,1000,1158.597,1164.191,1164.678,1165.894,1166.867,1172.218,1000,1000,1000,1000,1000,1000,1000,1000,1000,1000,1000,1000,1000,1000,1000,1000,1000,1000,1000,1000,1000,1000,1000,1000,1000,1000,1000,1000,1000,1000,1000,1000,1000,1000,1000,1000,1000,1000,1000,1139.745,1142.36,1143.272,1142.664,1144.245,1144.61,1146.434,1146.799,1151.056,1000,1000,1000,1000,1000,1000,1000,1000,1000,1000,1000,1000,1000,1000,1000,1000,1000,1000,1000,1000,1218.435,1201.895,1198.003,1180.489,1168.57,1166.867,1168.083,1163.218,1164.678,1161.029,1159.57,1161.516,1156.651,1153.488,1154.461,1151.786,1149.353,1149.84,1153.975,1000,1000,1000,1000,1000,1000,1000,1000,1000,1000,1000,1234.064,1231.388,1230.78,1229.989,1228.712,1228.378,1228.712,1228.074,1227.466,1226.675,1226.098,1226.204,1226.098,1225.581,1225.687,1224.661,1224.167,1223.977,1224.091,1223.977,1224.433,1224.6,1224.433,1224.334,1224.167,1223.825,1331.788,1325.95,1323.031,1324.977,1323.031,1324.004,1319.626,1318.653,1322.058,1324.977,1322.058,1324.977,1324.004,1321.085,1315.734,1309.896,1310.869,1301.139,1292.869,1286.058,1285.085,1278.76,1277.787,1280.22,1282.652,1282.652,1285.085,1290.923,1287.517,1282.652,1276.328,1273.895,1272.436,1269.517,1272.922,1273.895,1272.436,1266.598,1265.868,1262.22,1262.949,1265.139,1268.057,1267.084,1265.139,1265.868,1261.003,1255.165,1253.949,1251.517,1246.652,1244.463,1243.003,1236.435,1232.908,1231.206,1231.571,1232.422,1238.381,1240.327,1240.327,1233.76,1232.422,1231.571,1000,1000,1000,1202.381,1204.57,1203.719,1203.719,1200.435,1201.165,1000,1000,1183.317,1181.796,1181.447,1181.796,1182.161,1182.572,1183.317,1184.137,1184.137,1185.597,1189.793,1192.651,1000,1000,1000,1000,1000,1000,1210.743,1209.587,1209.587,1208.918,1208.971,1208.721,1208.675,1312.328,1314.274,1000,1000,1000,1000,1000,1000,1000,1000,1255.409,1248.841,1255.409,1253.949,1251.03,1253.949,1251.03,1245.922,1243.49,1242.76,1236.435,1238.381,1232.3,1228.895,1000,1000,1000,1000,1000,1000,1000,1183.894,1173.556,1168.326,1163.097,1161.272,1162.306,1162.853,1161.029,1161.029,1000,1000,1000,1000,1000,1000,1000,1000,1000,1000,1000,1000,1000,1000,1000,1000,1000,1000,1000,1000,1000,1000,1000,1000,1000,1000,1000,1000,1000,1000,1000,1000,1000,1000,1000,1000,1000,1000,1000,1000,1000,1000,1000,1000,1000,1000,1000,1000,1000,1000,1000,1000,1000,1000,1000,1000,1000,1000,1000,1000,1000,1000,1000,1000,1000,1000,1000,1000,1000,1000,1000,1000,1000,1000,1000,1000,1000,1000,1000,1000,1000,1000
1000,1000,1000,1000,1000,1000,1000,1000,1000,1000,1000,1000,1000,1000,1000,1000,1000,1000,1000,1000,1000,1000,1000,1000,1000,1000,1000,1000,1000,1000,1000,1000,1000,1000,1000,1000,1000,1000,1000,1000,1000,1000,1000,1000,1000,1000,1000,1000,1000,1000,1000,1000,1000,1000,1000,1000,1000,1000,1000,1000,1000,1000,1000,1000,1000,1000,1000,1000,1000,1000,1000,1000,1000,1000,1000,1000,1000,1000,1000,1000,1000,1000,1000,1000,1000,1000,1000,1000,1000,1000,1000,1000,1000,1000,1000,1000,1000,1000,1000,1000,1000,1000,1000,1000,1000,1000,1000,1000,1000,1000,1000,1000,1000,1000,1000,1000,1000,1000,1000,1000,1000,1000,1000,1000,1000,1000,1000,1000,1000,1000,1000,1000,1000,1000,1000,1000,1000,1000,1000,1000,1000,1000,1000,1000,1000,1000,1000,1000,1000,1000,1000,1000,1000,1000,1000,1000,1000,1000,1000,1000,1000,1000,1000,1000,1209.922,1210.013,1209.663,1209.504,1000,1000,1000,1000,1214.209,1214.786,1214.209,1212.962,1213.479,1215.03,1000,1000,1000,1000,1212.506,1213.844,1215.395,1216.976,1220.077,1222.145,1220.928,1221.841,1000,1224.76,1224.395,1225.489,1226.949,1226.584,1225.489,1229.138,1229.989,1233.76,1232.908,1236.071,1236.071,1000,1000,1000,1000,1000,1000,1000,1246.165,1000,1000,1000,1000,1253.219,1256.868,1256.868,1259.544,1260.274,1257.598,1261.49,1264.409,1268.057,1266.598,1272.922,1270.003,1270.976,1270.976,1278.76,1281.193,1285.085,1288.49,1292.869,1295.301,1291.896,1293.842,1296.274,1293.842,1296.274,1299.193,1299.193,1299.193,1304.058,1299.193,1305.031,1309.896,1309.896,1312.815,1321.085,1327.896,1223.787,1223.901,1224.091,1224.205,1224.433,1224.851,1225.406,1225.778,1225.991,1226.432,1227.329,1229.412,1229.594,1231.388,1000,1000,1242.881,1000,1000,1000,1000,1000,1000,1000,1000,1000,1000,1000,1000,1000,1000,1000,1000,1000,1000,1000,1000,1159.083,1163.218,1164.191,1164.191,1000,1000,1000,1000,1000,1000,1000,1000,1000,1000,1000,1000,1000,1000,1000,1000,1000,1000,1000,1000,1000,1000,1000,1000,1000,1000,1000,1000,1000,1000,1000,1000,1000,1000,1000,1000,1000,1000,1000,1000,1000,1141.448,1142.36,1143.637,1142.36,1143.637,1143.029,1144.002,1142.664,1146.434,1147.529,1000,1000,1000,1000,1000,1000,1000,1000,1000,1000,1000,1000,1000,1000,1000,1000,1000,1000,1000,1000,1000,1203.84,1193.138,1000,1000,1000,1000,1000,1000,1153.975,1157.137,1151.786,1149.84,1152.272,1150.569,1148.624,1149.353,1155.313,1000,1000,1000,1000,1000,1000,1000,1000,1000,1000,1000,1000,1225.581,1225.778,1225.315,1224.995,1224.927,1225.315,1224.995,1224.661,1224.288,1224.129,1224.205,1224.053,1223.939,1223.939,1325.95,1313.788,1307.95,1310.869,1307.95,1315.734,1322.058,1321.085,1312.815,1306.004,1299.193,1293.842,1292.869,1294.815,1299.193,1296.274,1298.22,1294.815,1291.896,1293.842,1298.22,1296.274,1300.166,1297.247,1291.896,1284.112,1278.76,1280.22,1277.787,1273.895,1268.544,1267.084,1262.22,1258.328,1257.598,1260.274,1259.544,1259.544,1265.139,1263.679,1261.003,1255.652,1253.949,1253.219,1250.301,1253.219,1254.436,1253.949,1250.301,1250.301,1247.868,1247.868,1247.868,1249.571,1247.868,1244.463,1243.003,1238.868,1233.76,1232.422,1229.989,1228.773,1226.584,1226.219,1222.449,1222.145,1000,1220.685,1220.077,1223.057,1224.395,1222.814,1221.841,1223.422,1224.395,1000,1000,1000,1203.719,1206.395,1205.422,1205.057,1201.651,1201.165,1201.651,1000,1185.232,1182.435,1181.796,1181.796,1182.298,1182.435,1183.469,1184.654,1185.84,1187.786,1194.232,1199.948,1000,1000,1000,1000,1000,1000,1000,1317.193,1317.193,1304.058,1307.463,1305.517,1307.463,1288.49,1000,1000,1000,1000,1000,1242.03,1239.598,1235.219,1238.381,1233.516,1230.111,1231.084,1232.787,1228.408,1232.787,1230.111,1228.895,1228.408,1230.598,1223.787,1222.814,1216.003,1211.016,1205.117,1000,1000,1000,1000,1000,1000,1000,1000,1170.881,1165.712,1163.097,1163.401,1164.495,1162.306,1000,1000,1000,1000,1000,1000,1000,1000,1000,1000,1000,1000,1000,1000,1000,1000,1000,1000,1000,1000,1000,1000,1000,1000,1000,1000,1000,1000,1000,1000,1000,1000,1000,1000,1000,1000,1000,1000,1000,1000,1000,1000,1000,1000,1000,1000,1000,1000,1000,1000,1000,1000,1000,1000,1000,1000,1000,1000,1000,1000,1000,1000,1000,1000,1000,1000,1000,1000,1000,1000,1000,1000,1000,1000,1000,1000,1000,1000,1000,1000,1000,1000,1000
1000,1000,1000,1000,1000,1000,1000,1000,1000,1000,1000,1000,1000,1000,1000,1000,1000,1000,1000,1000,1000,1000,1000,1000,1000,1000,1000,1000,1000,1000,1000,1000,1000,1000,1000,1000,1000,1000,1000,1000,1000,1000,1000,1000,1000,1000,1000,1000,1000,1000,1000,1000,1000,1000,1000,1000,1000,1000,1000,1000,1000,1000,1000,1000,1000,1000,1000,1000,1000,1000,1000,1000,1000,1000,1000,1000,1000,1000,1000,1000,1000,1000,1000,1000,1000,1000,1000,1000,1000,1000,1000,1000,1000,1000,1000,1000,1000,1000,1000,1000,1000,1000,1000,1000,1000,1000,1000,1000,1000,1000,1000,1000,1000,1000,1000,1000,1000,1000,1000,1000,1000,1000,1000,1000,1000,1000,1000,1000,1000,1000,1000,1000,1210.651,1218.192,1000,1000,1219.043,1000,1000,1000,1205.361,1000,1000,1000,1000,1000,1000,1000,1000,1000,1000,1000,1000,1000,1000,1000,1000,1000,1000,1000,1000,1000,1000,1000,1000,1208.485,1208.485,1208.523,1000,1000,1000,1000,1000,1209.427,1209.154,1209.032,1209.093,1209.587,1000,1000,1000,1210.119,1209.663,1209.922,1210.53,1211.351,1212.962,1214.209,1213.661,1213.661,1214.604,1215.82,1216.489,1217.219,1218.192,1218.192,1216.976,1217.462,1218.192,1219.834,1220.077,1221.841,1222.145,1224.03,1224.395,1000,1000,1228.043,1228.773,1229.989,1229.625,1230.841,1232.422,1232.908,1000,1236.071,1237.408,1238.381,1239.354,1238.868,1238.381,1240.327,1240.327,1243.49,1243.49,1247.868,1247.868,1250.787,1254.436,1259.544,1262.949,1000,1270.003,1272.436,1275.355,1272.922,1276.814,1279.247,1277.787,1280.22,1281.679,1281.193,1282.652,1289.463,1288.49,1295.301,1301.139,1300.166,1301.139,1307.95,1316.707,1319.626,1324.004,1329.842,1223.863,1224.015,1224.334,1000,1000,1225.489,1226.098,1000,1000,1000,1000,1000,1000,1000,1000,1000,1000,1000,1000,1000,1000,1000,1000,1000,1000,1000,1000,1000,1000,1000,1153.124,1000,1000,1000,1000,1000,1000,1000,1000,1000,1000,1000,1000,1000,1000,1000,1000,1000,1000,1000,1000,1000,1000,1000,1000,1000,1000,1000,1000,1000,1000,1000,1000,1000,1000,1000,1000,1000,1000,1000,1000,1000,1000,1000,1000,1000,1000,1142.36,1142.056,1144.61,1144.975,1147.529,1144.002,1144.975,1143.272,1144.61,1000,1148.988,1000,1000,1000,1000,1000,1000,1000,1000,1000,1000,1000,1000,1000,1000,1000,1000,1000,1000,1000,1000,1232.057,1000,1219.408,1214.057,1000,1000,1000,1000,1000,1000,1000,1000,1149.84,1147.529,1149.353,1147.894,1145.705,1146.799,1150.569,1151.056,1150.569,1000,1000,1000,1000,1000,1000,1000,1000,1000,1000,1000,1223.939,1331.788,1330.815,1223.787,1224.015,1327.896,1324.004,1317.68,1311.842,1312.815,1310.869,1308.923,1303.085,1295.301,1287.517,1287.517,1290.436,1292.869,1296.274,1299.193,1295.301,1288.49,1279.247,1272.436,1272.922,1271.463,1272.922,1279.247,1279.247,1277.787,1272.436,1270.003,1272.436,1272.922,1268.544,1270.976,1265.868,1261.003,1259.544,1261.49,1263.679,1262.949,1260.274,1256.382,1252.003,1249.571,1245.679,1245.679,1246.652,1246.165,1242.517,1246.165,1240.327,1237.408,1233.76,1233.76,1233.76,1235.098,1236.071,1238.381,1235.584,1234.246,1233.273,1232.057,1231.571,1232.057,1231.571,1231.206,1228.043,1226.584,1223.787,1221.537,1220.381,1220.381,1218.739,1217.949,1217.462,1216.064,1216.489,1217.949,1216.733,1216.307,1217.462,1218.192,1216.064,1216.064,1216.307,1216.489,1000,1000,1000,1000,1210.165,1207.732,1205.422,1202.867,1202.867,1203.232,1193.259,1186.631,1183.317,1182.435,1182.435,1183.012,1183.955,1185.019,1186.205,1187.3,1190.34,1194.84,1206.881,1000,1000,1000,1000,1000,1000,1292.382,1292.382,1293.355,1284.598,1290.436,1288.49,1287.517,1270.49,1000,1000,1000,1234.003,1235.219,1230.111,1228.895,1223.3,1225.733,1221.354,1220.016,1218.678,1220.868,1215.638,1219.043,1216.489,1216.003,1214.057,1215.638,1211.381,1209.922,1206.273,1202.138,1199.219,1000,1000,1197.09,1000,1000,1000,1000,1000,1000,1000,1000,1000,1165.712,1162.063,1000,1000,1000,1000,1000,1000,1000,1000,1000,1000,1000,1000,1000,1000,1000,1000,1000,1000,1000,1000,1000,1000,1000,1000,1000,1000,1000,1000,1000,1000,1000,1000,1000,1000,1000,1000,1000,1000,1000,1000,1000,1000,1000,1000,1000,1000,1000,1000,1000,1000,1000,1000,1000,1000,1000,1000,1000,1000,1000,1000,1000,1000,1000,1000,1000,1000,1000,1000,1000,1000,1000,1000,1000,1000,1000,1000,1000,1000,1000,1000,1000,1000,1000
1000,1000,1000,1000,1000,1000,1000,1000,1000,1000,1000,1000,1000,1000,1000,1000,1000,1000,1000,1000,1000,1000,1000,1000,1000,1000,1000,1000,1000,1000,1000,1000,1000,1000,1000,1000,1000,1000,1000,1000,1000,1000,1000,1000,1000,1000,1000,1000,1000,1000,1000,1000,1000,1000,1000,1000,1000,1000,1000,1000,1000,1000,1000,1000,1000,1000,1000,1000,1000,1000,1000,1000,1000,1000,1000,1000,1000,1000,1000,1000,1000,1000,1000,1000,1000,1000,1000,1000,1000,1000,1000,1000,1000,1000,1000,1000,1000,1000,1000,1000,1000,1000,1000,1000,1000,1000,1000,1000,1000,1000,1000,1000,1000,1000,1000,1000,1000,1000,1000,1000,1000,1000,1000,1000,1000,1000,1000,1000,1000,1000,1197.09,1199.644,1202.138,1205.969,1000,1000,1205.361,1203.719,1206.881,1206.577,1203.172,1202.138,1199.827,1000,1000,1000,1000,1000,1000,1000,1000,1000,1000,1000,1000,1000,1000,1000,1000,1000,1000,1000,1000,1000,1000,1293.355,1292.382,1289.463,1291.409,1297.247,1000,1000,1000,1311.355,1306.49,1303.085,1308.436,1208.219,1208.257,1000,1208.371,1000,1000,1208.371,1208.675,1208.812,1209.663,1000,1210.317,1210.317,1210.986,1211.107,1211.107,1211.624,1212.05,1212.05,1211.351,1211.107,1211.107,1211.351,1212.354,1213.479,1214.786,1216.307,1216.976,1217.705,1217.462,1217.949,1218.496,1219.53,1219.287,1220.381,1222.814,1223.787,1225.125,1226.584,1227.679,1228.043,1227.314,1227.314,1226.949,1228.043,1226.584,1227.679,1228.773,1232.422,1233.76,1236.922,1241.787,1245.679,1247.868,1000,1000,1252.003,1253.219,1251.517,1255.652,1256.868,1257.598,1261.49,1263.679,1262.949,1265.139,1272.436,1272.436,1280.22,1286.544,1285.085,1000,1000,1000,1000,1000,1326.923,1331.788,1000,1224.38,1000,1000,1000,1000,1000,1000,1000,1000,1000,1000,1000,1000,1000,1000,1000,1000,1000,1000,1000,1000,1000,1000,1000,1000,1000,1000,1000,1160.056,1000,1000,1000,1000,1000,1000,1000,1000,1000,1000,1000,1000,1000,1000,1000,1000,1000,1000,1000,1000,1000,1000,1000,1000,1000,1000,1000,1000,1000,1000,1000,1000,1000,1000,1000,1000,1000,1000,1000,1000,1000,1000,1000,1000,1000,1000,1000,1000,1144.975,1145.705,1148.259,1143.029,1144.975,1141.752,1142.664,1000,1151.786,1000,1000,1000,1000,1000,1000,1000,1000,1000,1000,1000,1000,1000,1000,1000,1000,1000,1000,1000,1000,1000,1232.057,1232.057,1231.084,1000,1000,1000,1000,1000,1000,1000,1000,1152.272,1146.799,1150.205,1147.529,1145.34,1145.34,1146.799,1145.705,1145.34,1143.637,1000,1000,1000,1000,1000,1000,1000,1000,1000,1000,1000,1000,1312.815,1311.842,1309.896,1303.085,1295.301,1289.463,1286.058,1286.058,1282.652,1285.085,1280.22,1273.895,1270.003,1272.436,1270.976,1270.003,1273.895,1276.328,1268.544,1264.409,1259.544,1255.165,1255.165,1257.598,1256.868,1257.598,1255.652,1250.787,1246.652,1246.652,1249.084,1250.787,1249.084,1250.787,1246.652,1246.165,1243.49,1246.165,1245.192,1245.679,1242.517,1241.3,1236.435,1236.435,1233.76,1233.76,1234.611,1235.098,1229.989,1231.206,1226.219,1223.422,1220.928,1222.449,1221.841,1223.422,1224.03,1226.584,1224.76,1224.03,1223.057,1221.537,1220.928,1219.53,1219.287,1218.496,1216.733,1215.638,1214.786,1213.145,1212.962,1213.479,1212.962,1212.81,1212.506,1212.506,1212.658,1213.661,1213.145,1212.506,1211.488,1211.229,1209.922,1209.838,1210.423,1210.986,1000,1000,1000,1000,1214.3,1211.138,1208.219,1205.422,1205.422,1205.422,1197.03,1190.097,1185.232,1183.773,1183.317,1183.469,1184.137,1185.232,1186.631,1188.029,1192.043,1197.394,1210.165,1219.165,1000,1000,1000,1000,1000,1268.057,1269.517,1270.976,1268.544,1266.111,1270.976,1000,1000,1000,1000,1224.76,1222.327,1220.503,1220.503,1219.53,1216.489,1217.705,1212.111,1209.557,1208.827,1208.462,1204.266,1207.489,1206.273,1205.117,1204.266,1204.509,1201.165,1200.07,1198.641,1196.634,1195.661,1195.92,1000,1000,1000,1193.107,1000,1000,1000,1000,1000,1000,1000,1000,1000,1000,1000,1000,1000,1000,1000,1000,1000,1000,1000,1000,1000,1000,1000,1000,1000,1000,1000,1000,1000,1000,1000,1000,1000,1000,1000,1000,1000,1000,1000,1000,1000,1000,1000,1000,1000,1000,1000,1000,1000,1000,1000,1000,1000,1000,1000,1000,1000,1000,1000,1000,1000,1000,1000,1000,1000,1000,1000,1000,1000,1000,1000,1000,1000,1000,1000,1000,1000,1000,1000,1000,1000,1000,1000,1000,1000,1000,1000,1000,1000,1000,1000,1000
1000,1000,1000,1000,1000,1000,1000,1000,1000,1000,1000,1000,1000,1000,1000,1000,1000,1000,1000,1000,1000,1000,1000,1000,1000,1000,1000,1000,1000,1000,1000,1000,1000,1000,1000,1000,1000,1000,1000,1000,1000,1000,1000,1000,1000,1000,1000,1000,1000,1000,1000,1000,1000,1000,1000,1000,1000,1000,1000,1000,1000,1000,1000,1000,1000,1000,1000,1000,1000,1000,1000,1000,1000,1000,1000,1000,1000,1000,1000,1000,1000,1000,1000,1000,1000,1000,1000,1000,1000,1000,1000,1000,1000,1000,1000,1000,1000,1000,1000,1000,1000,1000,1000,1000,1000,1000,1000,1000,1000,1000,1000,1000,1000,1000,1000,1000,1000,1000,1000,1000,1000,1193.86,1000,1000,1194.445,1000,1000,1196.193,1000,1000,1195.296,1195.783,1197.242,1199.644,1200.739,1201.651,1201.165,1199.827,1201.895,1201.895,1200.496,1199.827,1199.644,1000,1000,1000,1000,1000,1000,1000,1000,1000,1000,1000,1000,1000,1000,1000,1000,1000,1000,1000,1000,1000,1000,1000,1282.652,1279.247,1275.355,1278.274,1000,1000,1000,1277.301,1272.922,1270.976,1275.355,1284.598,1287.517,1293.355,1297.247,1000,1000,1000,1304.058,1309.409,1317.193,1000,1000,1208.295,1208.371,1208.675,1208.918,1209.154,1209.283,1209.427,1208.918,1208.812,1208.812,1208.918,1209.359,1209.922,1210.317,1210.743,1211.351,1211.761,1211.898,1212.506,1213.327,1213.844,1213.327,1214.209,1215.638,1215.82,1216.489,1217.949,1218.496,1219.834,1220.077,1219.53,1217.949,1218.983,1217.949,1218.192,1220.077,1224.76,1225.489,1228.408,1232.908,1235.098,1236.071,1000,1237.895,1237.408,1240.327,1239.841,1241.787,1243.976,1246.165,1247.382,1249.084,1250.301,1254.436,1262.949,1265.139,1000,1284.112,1280.22,1000,1000,1000,1000,1000,1000,1000,1000,1000,1000,1000,1000,1000,1000,1000,1000,1000,1000,1000,1000,1000,1000,1000,1000,1000,1000,1000,1000,1000,1000,1000,1000,1000,1000,1000,1000,1000,1000,1000,1000,1000,1000,1000,1000,1000,1000,1000,1000,1000,1000,1000,1000,1000,1000,1000,1000,1000,1000,1000,1327.896,1000,1000,1000,1000,1000,1000,1000,1000,1000,1000,1000,1000,1000,1000,1000,1000,1000,1000,1000,1000,1000,1000,1000,1000,1000,1000,1000,1152.637,1144.002,1145.705,1142.36,1142.056,1000,1152.272,1153.975,1000,1000,1000,1000,1000,1000,1000,1000,1000,1000,1000,1000,1000,1000,1000,1000,1000,1000,1000,1000,1228.165,1226.219,1227.192,1000,1000,1000,1000,1000,1000,1000,1000,1000,1000,1000,1000,1000,1000,1000,1000,1141.448,1138.164,1134.819,1000,1132.417,1000,1000,1000,1000,1000,1000,1000,1000,1000,1000,1000,1000,1276.328,1269.517,1265.139,1264.409,1262.22,1262.22,1265.868,1265.139,1262.22,1259.544,1259.544,1255.165,1251.517,1252.49,1253.949,1249.571,1249.084,1244.463,1242.517,1240.327,1240.814,1238.868,1239.354,1236.922,1234.246,1232.057,1233.273,1234.611,1234.611,1233.76,1235.584,1233.273,1233.273,1230.841,1231.206,1228.408,1226.584,1225.854,1226.949,1224.03,1225.854,1225.125,1224.395,1222.814,1222.145,1217.949,1218.192,1215.03,1215.03,1214.786,1216.064,1215.82,1216.733,1216.733,1217.219,1216.064,1215.212,1214.422,1214.026,1213.661,1212.506,1212.354,1211.624,1210.53,1210.119,1209.747,1209.359,1209.427,1209.663,1209.504,1209.838,1209.427,1209.283,1209.359,1209.663,1209.427,1209.504,1208.918,1208.918,1208.599,1208.561,1208.523,1208.812,1000,1000,1000,1000,1220.381,1216.003,1211.624,1208.705,1210.165,1211.624,1204.57,1197.03,1189.55,1185.84,1183.955,1183.469,1183.955,1185.232,1186.874,1189.002,1193.867,1199.584,1000,1000,1000,1000,1000,1235.949,1245.436,1247.382,1250.301,1252.49,1000,1000,1000,1000,1000,1000,1208.462,1209.557,1208.827,1206.881,1208.462,1208.827,1204.813,1204.813,1202.381,1200.922,1201.408,1201.165,1198.459,1200.07,1199.036,1197.09,1196.33,1196.33,1194.962,1194.552,1194.552,1193.86,1193.791,1000,1000,1000,1000,1000,1284.598,1273.895,1000,1000,1000,1000,1000,1000,1000,1000,1000,1000,1000,1000,1000,1000,1000,1000,1000,1000,1000,1000,1000,1000,1000,1000,1000,1000,1000,1000,1000,1000,1000,1000,1000,1000,1000,1000,1000,1000,1000,1000,1000,1000,1000,1000,1000,1000,1000,1000,1000,1000,1000,1000,1000,1000,1000,1000,1000,1000,1000,1000,1000,1000,1000,1000,1000,1000,1000,1000,1000,1000,1000,1000,1000,1000,1000,1000,1000,1000,1000,1000,1000,1000,1000,1000,1000,1000,1000,1000,1000,1000
1000,1000,1000,1000,1000,1000,1000,1000,1000,1000,1000,1000,1000,1000,1000,1000,1000,1000,1000,1000,1000,1000,1000,1000,1000,1000,1000,1000,1000,1000,1000,1000,1000,1000,1000,1000,1000,1000,1000,1000,1000,1000,1000,1000,1000,1000,1000,1000,1000,1000,1000,1000,1000,1000,1000,1000,1000,1000,1000,1000,1000,1000,1000,1000,1000,1000,1000,1000,1000,1000,1000,1000,1000,1000,1000,1000,1000,1000,1000,1000,1000,1000,1000,1000,1000,1000,1000,1000,1000,1000,1000,1000,1000,1000,1000,1000,1000,1000,1000,1000,1000,1000,1237.895,1237.895,1000,1000,1000,1000,1000,1263.679,1270.003,1000,1272.922,1273.895,1285.571,1277.787,1284.598,1291.896,1301.625,1298.707,1192.803,1192.879,1192.727,1192.727,1193.107,1193.404,1193.464,1193.86,1000,1193.297,1193.404,1193.791,1194.552,1195.661,1195.418,1195.783,1196.057,1195.418,1196.634,1197.242,1197.242,1196.786,1196.938,1194.856,1000,1000,1000,1000,1000,1000,1000,1000,1000,1000,1000,1000,1000,1000,1000,1000,1000,1000,1000,1000,1000,1000,1000,1259.301,1259.787,1259.301,1268.057,1000,1000,1000,1255.409,1254.436,1259.787,1263.679,1263.679,1263.679,1000,1000,1263.679,1267.084,1275.355,1279.247,1285.571,1000,1293.355,1293.355,1294.328,1301.139,1307.463,1309.409,1314.274,1317.193,1309.409,1305.517,1307.463,1309.409,1314.274,1317.193,1208.371,1208.409,1208.409,1208.523,1208.721,1208.918,1209.427,1209.587,1209.504,1209.922,1210.743,1210.636,1211.488,1212.506,1213.145,1213.479,1214.604,1213.844,1213.327,1213.661,1213.661,1213.479,1215.395,1218.983,1219.287,1220.077,1222.449,1224.76,1225.489,1227.679,1231.206,1234.246,1236.435,1236.922,1239.354,1238.381,1000,1241.787,1243.003,1000,1000,1256.382,1000,1000,1000,1000,1000,1000,1000,1000,1000,1000,1000,1000,1000,1000,1000,1000,1000,1000,1000,1000,1000,1000,1000,1000,1000,1000,1000,1000,1000,1000,1000,1000,1000,1000,1000,1000,1000,1000,1000,1000,1000,1000,1000,1000,1000,1000,1000,1000,1000,1000,1000,1000,1000,1000,1000,1000,1000,1000,1000,1000,1000,1000,1000,1000,1000,1000,1000,1000,1000,1000,1000,1000,1000,1000,1000,1000,1000,1000,1000,1000,1000,1000,1000,1000,1000,1000,1000,1000,1000,1000,1000,1000,1000,1000,1000,1000,1000,1000,1000,1000,1000,1145.34,1000,1136.522,1133.694,1000,1131.839,1000,1000,1000,1000,1000,1000,1000,1000,1000,1000,1000,1000,1232.057,1231.084,1232.057,1000,1000,1000,1000,1000,1000,1000,1000,1000,1000,1000,1000,1000,1000,1000,1000,1000,1000,1131.839,1131.201,1130.639,1130.053,1130.137,1129.643,1129.08,1000,1000,1000,1000,1000,1000,1000,1000,1000,1000,1248.354,1248.354,1243.49,1246.165,1251.517,1251.517,1250.301,1247.868,1247.382,1242.517,1237.895,1236.435,1238.381,1234.611,1234.246,1232.422,1232.908,1231.206,1232.422,1229.625,1229.625,1226.584,1224.76,1222.145,1223.057,1224.03,1222.145,1220.928,1223.057,1221.537,1220.928,1219.53,1221.233,1219.53,1219.287,1218.192,1220.077,1217.949,1218.496,1217.949,1216.976,1215.638,1215.212,1212.354,1212.506,1211.229,1211.229,1210.636,1211.229,1210.864,1211.107,1211.229,1211.624,1211.488,1210.864,1210.21,1210.21,1209.922,1209.359,1209.215,1209.093,1208.637,1208.447,1208.447,1208.333,1208.371,1208.409,1208.333,1208.447,1316.22,1208.219,1208.333,1208.295,1317.193,1208.219,1305.517,1301.139,1298.22,1302.112,1299.193,1305.517,1000,1000,1000,1000,1225.246,1218.678,1214.786,1212.111,1211.138,1212.597,1208.219,1202.016,1194.84,1189.55,1186.448,1185.415,1186.023,1187.117,1189.307,1190.644,1195.205,1199.219,1210.165,1000,1000,1000,1000,1228.408,1233.516,1235.219,1236.435,1231.084,1233.516,1000,1000,1000,1000,1200.496,1200.496,1201.651,1201.408,1200.496,1201.408,1201.408,1199.036,1198.641,1197.911,1196.33,1196.193,1195.783,1194.552,1194.749,1194.445,1193.525,1193.297,1193.153,1192.917,1192.765,1193.031,1192.765,1192.841,1192.765,1000,1000,1000,1000,1000,1261.247,1000,1000,1000,1000,1000,1000,1000,1000,1000,1000,1000,1000,1000,1000,1000,1000,1000,1000,1000,1000,1000,1000,1000,1000,1000,1000,1000,1000,1000,1000,1000,1000,1000,1000,1000,1000,1000,1000,1000,1000,1000,1000,1000,1000,1000,1000,1000,1000,1000,1000,1000,1000,1000,1000,1000,1000,1000,1000,1000,1000,1000,1000,1000,1000,1000,1000,1000,1000,1000,1000,1000,1000,1000,1000,1000,1000,1000,1000,1000,1000,1000,1000,1000,1000,1000,1000,1000,1000,1000,1000
1000,1000,1000,1000,1000,1000,1000,1000,1000,1000,1000,1000,1000,1000,1000,1000,1000,1000,1000,1000,1000,1000,1000,1000,1000,1000,1000,1000,1000,1000,1000,1000,1000,1000,1000,1000,1000,1000,1000,1000,1000,1000,1000,1000,1000,1000,1000,1000,1000,1000,1000,1000,1000,1000,1000,1000,1000,1000,1000,1000,1000,1000,1000,1000,1000,1000,1000,1000,1000,1000,1000,1000,1000,1000,1000,1000,1000,1000,1000,1000,1000,1000,1000,1000,1000,1000,1000,1000,1000,1000,1000,1000,1000,1000,1000,1000,1000,1000,1000,1000,1207.732,1213.814,1219.165,1222.327,1000,1000,1000,1000,1237.895,1238.868,1251.03,1248.598,1251.03,1250.057,1264.652,1257.355,1268.057,1274.868,1279.733,1273.895,1281.679,1276.814,1278.76,1279.733,1289.463,1293.842,1302.599,1000,1303.571,1000,1298.707,1302.599,1192.803,1193.069,1193.069,1193.297,1193.464,1193.404,1194.019,1194.27,1194.856,1194.445,1194.552,1193.791,1193.35,1000,1000,1000,1000,1000,1000,1000,1000,1000,1000,1000,1000,1000,1000,1000,1000,1000,1000,1000,1000,1000,1257.355,1246.652,1242.03,1238.868,1242.76,1000,1235.219,1238.381,1237.652,1237.652,1241.3,1245.436,1245.922,1245.436,1248.111,1245.922,1244.706,1244.706,1252.976,1255.409,1258.328,1263.193,1268.057,1268.544,1267.084,1272.922,1276.328,1276.328,1280.706,1286.544,1280.706,1279.733,1284.598,1286.544,1290.436,1296.274,1299.193,1295.301,1296.274,1297.247,1298.22,1305.517,1316.22,1315.247,1314.274,1208.295,1208.599,1208.721,1209.283,1209.922,1210.317,1210.317,1210.636,1210.119,1210.119,1210.423,1000,1000,1212.354,1215.03,1215.638,1217.219,1220.685,1222.449,1223.057,1224.395,1000,1229.625,1000,1234.611,1000,1000,1000,1000,1000,1000,1000,1000,1000,1000,1000,1000,1000,1000,1000,1000,1000,1000,1000,1000,1000,1000,1000,1000,1000,1000,1000,1000,1000,1000,1000,1000,1000,1000,1000,1000,1000,1000,1000,1000,1000,1000,1000,1000,1000,1000,1000,1000,1000,1000,1000,1000,1000,1000,1000,1000,1000,1000,1000,1000,1000,1000,1000,1000,1000,1000,1000,1000,1000,1000,1000,1000,1000,1000,1000,1000,1000,1000,1000,1000,1000,1000,1000,1000,1000,1000,1000,1000,1000,1000,1000,1000,1000,1000,1000,1000,1000,1000,1000,1000,1000,1000,1000,1000,1000,1000,1000,1000,1000,1000,1000,1133.36,1131.201,1130.053,1129.43,1128.814,1128.814,1000,1000,1000,1000,1000,1000,1000,1000,1000,1000,1224.273,1224.273,1224.273,1000,1000,1000,1000,1000,1000,1000,1000,1000,1000,1000,1000,1000,1000,1000,1000,1000,1000,1129.43,1129.308,1129.247,1128.852,1128.89,1128.776,1128.586,1128.434,1000,1000,1000,1000,1000,1000,1000,1000,1000,1000,1000,1235.584,1235.584,1238.381,1238.381,1236.071,1236.071,1237.895,1232.908,1229.989,1228.043,1229.625,1226.219,1226.584,1225.125,1225.854,1224.03,1223.787,1221.233,1220.685,1217.949,1216.976,1216.307,1217.219,1216.976,1216.064,1215.395,1216.307,1215.395,1215.212,1214.786,1215.03,1213.327,1212.658,1212.202,1212.506,1211.624,1211.761,1211.488,1211.229,1210.636,1210.423,1209.215,1209.283,1208.971,1208.918,1208.766,1208.918,1208.812,1208.865,1208.918,1208.918,1208.865,1208.721,1208.295,1208.295,1316.22,1309.409,1307.463,1309.409,1298.22,1299.193,1298.22,1296.274,1297.247,1304.058,1298.22,1302.112,1289.463,1000,1000,1283.625,1282.652,1282.652,1272.922,1272.922,1278.274,1281.679,1281.679,1281.679,1000,1000,1000,1234.49,1227.192,1219.895,1216.003,1212.597,1211.138,1213.814,1210.651,1205.422,1201.165,1195.205,1189.793,1188.029,1188.273,1189.002,1190.888,1192.347,1195.57,1198.489,1000,1000,1000,1000,1000,1000,1225.733,1223.3,1220.868,1000,1000,1000,1000,1198.276,1198.094,1196.057,1196.482,1197.09,1197.09,1196.193,1197.09,1196.482,1195.418,1195.068,1195.418,1194.27,1194.095,1193.715,1193.244,1193.031,1192.803,1296.76,1292.869,1283.625,1279.733,1279.733,1000,1286.544,1290.436,1287.517,1000,1000,1000,1000,1000,1000,1000,1000,1000,1000,1000,1000,1000,1000,1000,1000,1000,1000,1000,1000,1000,1000,1000,1000,1000,1000,1000,1000,1000,1000,1000,1000,1000,1000,1000,1000,1000,1000,1000,1000,1000,1000,1000,1000,1000,1000,1000,1000,1000,1000,1000,1000,1000,1000,1000,1000,1000,1000,1000,1000,1000,1000,1000,1000,1000,1000,1000,1000,1000,1000,1000,1000,1000,1000,1000,1000,1000,1000,1000,1000,1000,1000,1000,1000,1000,1000,1000,1000,1000,1000,1000,1000,1000,1000,1000,1000
1000,1000,1000,1000,1000,1000,1000,1000,1000,1000,1000,1000,1000,1000,1000,1000,1000,1000,1000,1000,1000,1000,1000,1000,1000,1000,1000,1000,1000,1000,1000,1000,1000,1000,1000,1000,1000,1000,1000,1000,1000,1000,1000,1000,1000,1000,1000,1000,1000,1000,1000,1000,1000,1000,1000,1000,1000,1000,1000,1000,1000,1000,1000,1000,1000,1000,1000,1000,1000,1000,1000,1000,1000,1000,1000,1000,1000,1000,1000,1000,1000,1000,1000,1000,1000,1000,1000,1000,1000,1000,1000,1000,1000,1000,1000,1000,1000,1000,1000,1000,1000,1203.232,1207.732,1210.165,1216.976,1000,1000,1216.489,1221.111,1221.111,1230.354,1229.138,1230.354,1228.408,1241.787,1236.679,1243.733,1249.571,1254.436,1249.571,1258.328,1254.922,1252.49,1252.49,1260.274,1260.274,1000,1000,1271.949,1267.084,1272.922,1275.841,1278.76,1281.679,1283.625,1286.544,1291.896,1295.788,1192.651,1192.803,1193.153,1192.993,1192.993,1192.955,1192.727,1000,1000,1000,1000,1000,1000,1000,1000,1000,1000,1000,1000,1000,1000,1000,1000,1000,1000,1000,1000,1000,1000,1241.3,1234.003,1230.598,1232.3,1000,1226.219,1225.733,1225.733,1224.273,1226.219,1227.922,1228.895,1225.246,1227.435,1225.733,1224.76,1225.733,1234.003,1235.219,1239.598,1242.76,1247.382,1247.382,1248.111,1252.49,1252.976,1252.976,1256.868,1260.76,1259.787,1261.247,1269.517,1270.49,1271.949,1272.922,1275.355,1267.084,1268.544,1271.949,1277.301,1282.652,1294.328,1292.382,1292.382,1295.301,1302.112,1304.058,1316.22,1208.447,1208.675,1208.721,1208.766,1208.675,1208.721,1209.032,1209.663,1000,1210.864,1000,1214.026,1214.026,1215.638,1216.976,1217.219,1000,1000,1229.989,1000,1000,1000,1000,1000,1000,1000,1000,1000,1000,1000,1000,1000,1000,1000,1000,1000,1000,1000,1000,1000,1000,1000,1000,1000,1000,1000,1000,1000,1000,1000,1000,1000,1000,1000,1000,1000,1000,1000,1000,1000,1000,1000,1000,1000,1000,1000,1000,1000,1000,1000,1000,1000,1000,1000,1229.989,1232.422,1236.071,1240.327,1239.354,1000,1000,1000,1000,1000,1000,1000,1000,1000,1000,1000,1000,1000,1000,1000,1000,1000,1000,1000,1000,1000,1000,1000,1000,1000,1000,1000,1000,1000,1000,1000,1000,1000,1000,1000,1000,1000,1000,1000,1000,1000,1000,1000,1000,1000,1000,1000,1000,1000,1000,1000,1000,1000,1132.721,1130.426,1129.43,1129.027,1128.738,1128.51,1223.3,1224.273,1212.597,1192.165,1180.002,1000,1000,1000,1000,1000,1223.3,1224.273,1221.354,1224.273,1000,1000,1000,1000,1000,1000,1000,1000,1000,1000,1000,1000,1000,1000,1000,1000,1000,1000,1000,1129.08,1128.662,1128.7,1128.548,1236.435,1232.543,1000,1000,1000,1000,1000,1000,1000,1000,1000,1000,1000,1000,1000,1000,1233.273,1228.408,1226.584,1227.679,1222.449,1219.53,1218.496,1219.834,1217.219,1217.219,1216.976,1217.462,1216.307,1216.064,1215.03,1214.026,1212.81,1212.506,1212.81,1212.962,1212.658,1212.05,1211.229,1211.351,1210.636,1210.53,1210.119,1209.922,1209.283,1209.215,1208.971,1208.918,1208.812,1208.637,1208.599,1208.561,1208.561,1208.485,1316.22,1315.247,1311.355,1307.463,1305.517,1308.436,1302.112,1299.193,1304.058,1302.112,1301.139,1303.085,1299.193,1297.247,1295.301,1290.436,1283.625,1283.625,1273.895,1272.922,1268.544,1269.517,1268.057,1270.49,1265.625,1263.679,1252.49,1254.436,1249.571,1246.652,1248.841,1249.571,1242.76,1248.111,1251.517,1256.868,1253.949,1253.949,1000,1000,1000,1230.354,1225.976,1219.895,1216.976,1215.273,1214.786,1215.273,1213.327,1210.165,1204.57,1198.854,1192.955,1190.888,1189.55,1190.097,1191.192,1192.347,1193.624,1196.3,1000,1000,1000,1000,1000,1000,1208.827,1000,1000,1000,1000,1000,1195.068,1194.552,1194.643,1193.647,1194.019,1194.095,1194.095,1193.647,1193.647,1193.404,1193.031,1192.803,1192.803,1298.707,1297.734,1296.76,1291.896,1284.598,1284.598,1273.895,1265.625,1261.733,1259.301,1255.895,1258.328,1259.301,1259.301,1258.328,1257.355,1000,1000,1000,1000,1000,1000,1000,1000,1000,1000,1000,1000,1000,1000,1000,1000,1000,1000,1000,1000,1000,1000,1000,1000,1000,1000,1000,1000,1000,1000,1000,1000,1000,1000,1000,1000,1000,1000,1000,1000,1000,1000,1000,1000,1000,1000,1000,1000,1000,1000,1000,1000,1000,1000,1000,1000,1000,1000,1000,1000,1000,1000,1000,1000,1000,1000,1000,1000,1000,1000,1000,1000,1000,1000,1000,1000,1000,1000,1000,1000,1000,1000,1000,1000,1000,1000,1000,1000,1000,1000,1000,1000,1000,1000,1000
1000,1000,1000,1000,1000,1000,1000,1000,1000,1000,1000,1000,1000,1000,1000,1000,1000,1000,1000,1000,1000,1000,1000,1000,1000,1000,1000,1000,1000,1000,1000,1000,1000,1000,1000,1000,1000,1000,1000,1000,1000,1000,1000,1000,1000,1000,1000,1000,1000,1000,1000,1000,1000,1000,1000,1000,1000,1000,1000,1000,1000,1000,1000,1000,1000,1000,1000,1000,1000,1000,1000,1000,1000,1000,1000,1000,1000,1000,1000,1000,1000,1000,1000,1000,1000,1000,1000,1000,1000,1000,1000,1000,1000,1000,1000,1000,1000,1000,1000,1188.273,1000,1195.57,1197.394,1200.435,1202.867,1000,1000,1206.881,1210.651,1214.786,1219.165,1218.192,1218.192,1217.462,1222.327,1221.111,1224.76,1229.868,1231.084,1228.408,1233.76,1233.76,1231.814,1235.219,1238.868,1237.895,1000,1000,1246.165,1247.138,1251.03,1252.003,1254.922,1256.868,1260.274,1267.084,1275.841,1281.679,1284.598,1283.625,1290.436,1288.49,1286.544,1292.869,1291.896,1273.895,1263.679,1000,1000,1000,1000,1000,1000,1000,1000,1000,1000,1000,1000,1000,1000,1000,1000,1000,1000,1000,1000,1000,1228.408,1219.043,1000,1216.003,1209.557,1212.111,1213.205,1212.111,1214.786,1216.489,1217.705,1215.273,1216.489,1214.422,1213.205,1214.422,1217.705,1219.53,1222.327,1225.246,1227.922,1230.598,1230.598,1234.003,1235.219,1235.219,1236.435,1239.598,1241.3,1243.976,1251.03,1252.49,1253.949,1254.436,1255.895,1249.571,1251.517,1253.949,1255.409,1257.355,1268.057,1268.544,1270.976,1274.868,1284.598,1286.544,1296.274,1304.058,1311.355,1309.409,1314.274,1310.382,1208.219,1208.523,1209.747,1000,1000,1000,1000,1000,1000,1000,1000,1000,1000,1000,1000,1000,1000,1000,1000,1000,1000,1000,1000,1000,1000,1000,1000,1000,1000,1000,1000,1000,1000,1000,1000,1000,1000,1000,1000,1000,1000,1000,1000,1000,1000,1000,1000,1000,1000,1000,1000,1000,1000,1000,1000,1000,1000,1000,1000,1000,1000,1000,1000,1000,1000,1000,1000,1000,1000,1000,1000,1230.354,1236.922,1238.381,1000,1000,1000,1000,1000,1000,1000,1000,1000,1000,1000,1000,1000,1000,1000,1000,1000,1000,1000,1000,1000,1000,1000,1000,1000,1000,1000,1000,1000,1000,1000,1000,1000,1000,1000,1324.004,1000,1000,1000,1000,1000,1000,1000,1000,1000,1000,1000,1000,1000,1000,1000,1000,1000,1132.569,1131.323,1129.802,1129.133,1128.936,1128.624,1221.354,1219.408,1211.624,1190.219,1180.975,1000,1000,1000,1000,1000,1216.489,1215.516,1214.057,1215.03,1216.489,1000,1000,1000,1000,1000,1000,1000,1000,1000,1000,1000,1000,1000,1000,1000,1000,1000,1000,1000,1128.936,1128.738,1128.586,1241.3,1233.516,1236.435,1000,1000,1000,1000,1000,1000,1000,1000,1000,1000,1000,1000,1000,1000,1000,1000,1221.841,1216.976,1214.604,1212.962,1214.026,1212.81,1212.962,1213.145,1214.026,1213.145,1212.354,1211.624,1211.229,1210.119,1209.922,1209.922,1210.013,1209.427,1209.215,1208.766,1208.766,1208.561,1208.447,1208.371,1208.257,1308.436,1306.49,1300.166,1298.22,1297.247,1298.22,1298.22,1300.166,1297.247,1294.328,1284.598,1279.247,1279.733,1277.301,1276.328,1279.247,1276.328,1275.355,1279.247,1276.328,1272.922,1276.328,1271.949,1270.49,1268.544,1265.625,1259.787,1259.301,1252.49,1252.976,1251.517,1251.517,1248.841,1247.382,1243.976,1000,1231.084,1231.814,1230.111,1228.895,1228.408,1229.625,1227.435,1229.625,1229.625,1236.922,1231.084,1000,1000,1000,1238.868,1225.976,1222.814,1216.489,1213.814,1212.597,1213.327,1213.814,1214.786,1212.597,1207.732,1201.165,1195.935,1192.955,1192.347,1192.347,1192.651,1193.259,1193.624,1193.259,1197.394,1000,1000,1000,1000,1000,1000,1000,1000,1000,1194.552,1193.586,1193.647,1193.297,1193.297,1192.879,1192.955,1192.993,1192.917,1192.803,1192.803,1192.651,1289.463,1280.706,1278.76,1270.976,1270.003,1272.922,1270.003,1261.247,1261.733,1252.49,1244.706,1242.273,1240.814,1236.679,1237.408,1237.895,1000,1231.814,1230.354,1225.246,1000,1000,1000,1000,1000,1000,1000,1000,1000,1000,1000,1000,1000,1000,1000,1000,1000,1000,1000,1000,1000,1000,1000,1000,1000,1000,1000,1000,1000,1000,1000,1000,1000,1000,1000,1000,1000,1000,1000,1000,1000,1000,1000,1000,1000,1000,1000,1000,1000,1000,1000,1000,1000,1000,1000,1000,1000,1000,1000,1000,1000,1000,1000,1000,1000,1000,1000,1000,1000,1000,1000,1000,1000,1000,1000,1000,1000,1000,1000,1000,1000,1000,1000,1000,1000,1000,1000,1000,1000,1000,1000,1000,1000,1000
1000,1000,1000,1000,1000,1000,1000,1000,1000,1000,1000,1000,1000,1000,1000,1000,1000,1000,1000,1000,1000,1000,1000,1000,1000,1000,1000,1000,1000,1000,1000,1000,1000,1000,1000,1000,1000,1000,1000,1000,1000,1000,1000,1000,1000,1000,1000,1000,1000,1000,1000,1000,1000,1000,1000,1000,1000,1000,1000,1000,1000,1000,1000,1000,1000,1000,1000,1000,1000,1000,1000,1000,1000,1000,1000,1000,1000,1000,1000,1000,1000,1000,1000,1000,1000,1000,1000,1000,1000,1000,1000,1000,1000,1000,1000,1182.161,1000,1000,1000,1183.773,1000,1187.117,1187.786,1189.307,1192.651,1192.955,1194.232,1197.03,1199.948,1202.016,1203.719,1204.084,1204.084,1205.908,1207.732,1210.165,1213.327,1215.273,1215.273,1214.786,1215.273,1214.786,1214.786,1218.192,1218.192,1216.976,1219.895,1224.03,1225.976,1229.868,1234.49,1235.949,1237.408,1237.408,1240.327,1246.165,1252.49,1261.247,1264.652,1262.706,1266.111,1261.247,1256.868,1261.733,1260.274,1251.03,1245.679,1231.814,1000,1000,1000,1000,1000,1000,1000,1000,1000,1000,1000,1000,1000,1000,1000,1000,1000,1000,1000,1000,1000,1000,1000,1211.381,1201.895,1203.415,1203.962,1203.172,1204.509,1205.969,1207.246,1206.273,1207.246,1206.273,1205.665,1206.273,1207.489,1208.827,1211.016,1213.205,1214.786,1217.341,1219.043,1221.354,1222.327,1223.3,1224.273,1226.219,1228.408,1229.625,1234.733,1234.003,1234.733,1236.435,1238.868,1234.003,1236.435,1239.598,1238.381,1241.3,1249.571,1252.976,1255.895,1263.193,1269.517,1274.868,1285.571,1000,1000,1000,1000,1000,1000,1209.427,1000,1000,1000,1000,1000,1000,1000,1000,1000,1000,1000,1000,1000,1000,1000,1000,1000,1000,1000,1000,1000,1000,1000,1000,1000,1000,1000,1000,1000,1000,1000,1000,1000,1000,1000,1000,1000,1000,1000,1000,1000,1208.333,1310.382,1307.463,1000,1000,1000,1000,1000,1000,1000,1000,1000,1000,1000,1000,1000,1000,1000,1000,1000,1000,1000,1000,1000,1000,1000,1000,1000,1225.125,1230.354,1000,1000,1000,1000,1000,1000,1000,1000,1000,1000,1000,1000,1000,1000,1000,1000,1000,1000,1000,1000,1000,1000,1000,1000,1000,1000,1000,1000,1000,1000,1000,1000,1000,1000,1000,1000,1000,1000,1000,1000,1000,1000,1000,1000,1000,1000,1000,1000,1000,1000,1000,1000,1000,1000,1132.873,1130.426,1129.08,1240.327,1240.327,1226.219,1211.624,1213.57,1213.57,1189.732,1183.408,1000,1000,1000,1000,1000,1214.057,1215.03,1215.03,1210.651,1211.138,1000,1000,1000,1000,1000,1000,1000,1000,1000,1000,1000,1000,1000,1000,1000,1000,1000,1000,1000,1000,1000,1129.802,1128.662,1238.381,1238.381,1000,1000,1000,1000,1000,1000,1000,1000,1000,1000,1000,1000,1000,1000,1000,1000,1000,1000,1000,1210.423,1211.488,1210.864,1210.53,1210.53,1211.488,1210.986,1210.423,1209.504,1209.283,1208.766,1208.561,1208.561,1208.599,1208.257,1315.247,1306.49,1305.517,1301.139,1295.301,1295.301,1291.409,1282.652,1281.679,1278.274,1272.922,1271.949,1272.922,1270.49,1270.976,1269.517,1268.544,1260.76,1256.868,1255.409,1252.976,1250.301,1252.49,1251.517,1252.976,1255.895,1254.436,1251.03,1255.895,1249.571,1247.382,1245.922,1245.922,1242.03,1241.3,1238.381,1238.381,1236.435,1234.003,1230.598,1227.435,1222.814,1219.53,1214.422,1216.003,1215.638,1214.786,1216.854,1217.341,1215.638,1215.638,1214.786,1215.638,1208.462,1000,1000,1000,1231.814,1222.814,1218.192,1212.597,1209.192,1208.219,1207.732,1207.732,1207.246,1208.219,1204.57,1201.165,1197.394,1195.935,1193.624,1193.624,1192.651,1193.259,1192.651,1193.624,1196.665,1000,1000,1000,1000,1193.525,1193.198,1192.841,1192.689,1302.599,1192.651,1301.625,1192.841,1303.571,1300.652,1000,1293.842,1290.436,1288.49,1288.49,1287.517,1282.652,1272.922,1264.652,1261.733,1258.328,1252.49,1249.571,1247.625,1240.814,1237.895,1232.3,1229.868,1225.246,1225.976,1221.597,1223.3,1221.597,1218.192,1214.3,1000,1208.219,1000,1000,1000,1000,1000,1000,1000,1000,1000,1000,1000,1000,1000,1000,1000,1000,1000,1000,1000,1000,1000,1000,1000,1000,1000,1000,1000,1000,1000,1000,1000,1000,1000,1000,1000,1000,1000,1000,1000,1000,1000,1000,1000,1000,1000,1000,1000,1000,1000,1000,1000,1000,1000,1000,1000,1000,1000,1000,1000,1000,1000,1000,1000,1000,1000,1000,1000,1000,1000,1000,1000,1000,1000,1000,1000,1000,1000,1000,1000,1000,1000,1000,1000,1000,1000,1000,1000,1000,1000,1000,1000,1000,1000,1000
1000,1000,1000,1000,1000,1000,1000,1000,1000,1000,1000,1000,1000,1000,1000,1000,1000,1000,1000,1000,1000,1000,1000,1000,1000,1000,1000,1000,1000,1000,1000,1000,1000,1000,1000,1000,1000,1000,1000,1000,1000,1000,1000,1000,1000,1000,1000,1000,1000,1000,1000,1000,1000,1000,1000,1000,1000,1000,1000,1000,1000,1000,1000,1000,1000,1000,1000,1000,1000,1000,1000,1000,1000,1000,1000,1000,1000,1000,1000,1000,1000,1000,1000,1000,1000,1000,1000,1000,1000,1000,1000,1000,1000,1000,1000,1179.531,1179.729,1179.782,1179.964,1180.557,1181.675,1000,1183.165,1183.469,1000,1000,1185.415,1186.874,1190.644,1191.739,1194.232,1194.232,1193.867,1193.259,1193.624,1194.84,1197.394,1199.584,1199.584,1203.232,1202.016,1203.719,1204.084,1206.395,1204.57,1205.422,1208.705,1212.111,1216.489,1218.678,1222.814,1222.327,1222.814,1221.111,1225.246,1227.192,1231.084,1239.354,1241.787,1236.679,1242.273,1241.787,1239.354,1244.706,1247.138,1240.327,1237.408,1225.246,1210.165,1000,1000,1000,1000,1000,1000,1000,1000,1000,1000,1000,1000,1000,1000,1000,1000,1000,1000,1000,1000,1000,1000,1000,1000,1199.036,1198.276,1197.394,1197.911,1198.641,1199.462,1199.462,1200.739,1200.07,1199.462,1201.165,1202.138,1202.928,1204.509,1205.969,1206.577,1208.219,1209.922,1211.016,1212.841,1213.205,1213.205,1215.638,1218.192,1219.043,1222.327,1222.814,1222.327,1223.787,1225.733,1224.76,1228.408,1228.895,1000,1231.084,1234.733,1000,1243.976,1253.949,1000,1000,1000,1000,1000,1000,1000,1000,1000,1000,1000,1000,1000,1000,1000,1000,1000,1000,1000,1000,1000,1000,1000,1000,1000,1000,1000,1000,1000,1000,1000,1000,1187.3,1175.137,1174.408,1178.543,1000,1000,1000,1000,1000,1000,1000,1000,1000,1000,1000,1000,1000,1000,1293.355,1300.166,1291.409,1293.355,1000,1000,1000,1000,1000,1000,1000,1000,1000,1000,1000,1000,1000,1000,1211.488,1000,1000,1000,1000,1000,1000,1000,1000,1000,1000,1000,1000,1000,1000,1000,1000,1000,1000,1000,1000,1000,1000,1000,1000,1000,1000,1000,1000,1000,1000,1000,1000,1000,1000,1000,1000,1000,1000,1000,1000,1000,1000,1000,1000,1000,1000,1000,1000,1000,1000,1000,1000,1000,1000,1000,1000,1000,1000,1000,1000,1000,1000,1000,1000,1000,1000,1000,1130.426,1128.89,1232.543,1233.516,1226.219,1216.489,1227.192,1226.219,1205.786,1197.03,1187.786,1000,1000,1000,1000,1199.462,1201.408,1199.462,1195.57,1200.435,1000,1000,1000,1000,1000,1000,1000,1000,1000,1000,1000,1000,1000,1000,1000,1000,1000,1000,1000,1000,1000,1000,1000,1128.662,1240.327,1232.543,1000,1000,1000,1000,1000,1000,1000,1000,1000,1000,1000,1000,1000,1000,1000,1000,1000,1000,1000,1209.747,1210.013,1209.838,1209.747,1210.119,1209.587,1209.093,1208.561,1208.219,1306.49,1295.301,1287.517,1286.544,1279.733,1278.274,1276.328,1276.328,1272.922,1268.544,1268.057,1263.193,1258.328,1255.895,1254.436,1251.03,1251.517,1250.301,1251.03,1251.03,1248.841,1247.382,1242.03,1236.435,1236.435,1235.949,1234.733,1234.733,1236.922,1238.868,1239.598,1237.652,1234.733,1234.733,1230.111,1228.895,1226.949,1228.408,1226.949,1226.219,1225.733,1225.246,1223.787,1220.868,1216.003,1211.746,1210.651,1206.881,1204.813,1206.273,1206.577,1205.665,1206.881,1206.273,1204.813,1204.266,1203.172,1203.172,1198.094,1000,1000,1246.165,1229.138,1219.165,1212.597,1208.705,1204.57,1203.719,1203.232,1202.381,1201.651,1201.165,1199.219,1197.03,1195.205,1194.232,1192.651,1192.347,1192.043,1193.867,1194.84,1000,1202.381,1000,1000,1261.733,1283.625,1282.652,1281.679,1279.733,1277.787,1271.949,1274.868,1273.895,1277.787,1268.057,1269.031,1266.111,1267.084,1267.084,1266.111,1265.625,1265.625,1258.328,1248.598,1241.787,1241.787,1238.868,1233.76,1232.3,1231.084,1224.03,1220.381,1216.489,1216.003,1212.597,1212.111,1209.192,1209.192,1205.908,1204.084,1199.948,1000,1000,1000,1000,1000,1000,1000,1000,1000,1000,1000,1000,1000,1000,1000,1000,1000,1000,1000,1000,1000,1000,1000,1000,1000,1000,1000,1000,1000,1000,1000,1000,1000,1000,1000,1000,1000,1000,1000,1000,1000,1000,1000,1000,1000,1000,1000,1000,1000,1000,1000,1000,1000,1000,1000,1000,1000,1000,1000,1000,1000,1000,1000,1000,1000,1000,1000,1000,1000,1000,1000,1000,1000,1000,1000,1000,1000,1000,1000,1000,1000,1000,1000,1000,1000,1000,1000,1000,1000,1000,1000,1000,1000,1000,1000,1000
1000,1000,1000,1000,1000,1000,1000,1000,1000,1000,1000,1000,1000,1000,1000,1000,1000,1000,1000,1000,1000,1000,1000,1000,1000,1000,1000,1000,1000,1000,1000,1000,1000,1000,1000,1000,1000,1000,1000,1000,1000,1000,1000,1000,1000,1000,1000,1000,1000,1000,1000,1000,1000,1000,1000,1000,1000,1000,1000,1000,1000,1000,1000,1000,1000,1000,1000,1000,1000,1000,1000,1000,1000,1000,1000,1000,1000,1000,1000,1000,1000,1000,1000,1000,1000,1000,1000,1000,1000,1000,1000,1000,1000,1000,1000,1000,1283.139,1282.166,1289.95,1179.257,1179.371,1179.577,1179.622,1179.729,1180.094,1180.823,1000,1182.298,1183.469,1184.837,1186.023,1187.117,1187.543,1188.759,1188.759,1189.002,1189.307,1189.55,1188.759,1191.739,1191.496,1193.624,1193.624,1196.3,1194.84,1196.3,1197.759,1200.8,1203.232,1205.422,1209.192,1211.138,1212.597,1211.138,1213.327,1215.273,1214.786,1221.111,1222.327,1218.678,1221.111,1224.03,1224.03,1230.354,1235.219,1231.814,1229.138,1219.895,1207.246,1000,1000,1000,1000,1000,1000,1000,1000,1000,1000,1000,1000,1000,1000,1000,1000,1000,1000,1000,1000,1000,1000,1000,1000,1000,1194.095,1000,1194.179,1194.643,1194.856,1195.296,1195.92,1195.783,1195.783,1197.577,1198.094,1198.276,1199.219,1199.462,1199.219,1200.07,1201.408,1202.624,1205.117,1205.665,1206.273,1207.854,1209.557,1210.651,1213.57,1214.422,1214.422,1000,1000,1000,1000,1000,1000,1000,1000,1000,1000,1000,1000,1000,1000,1000,1000,1000,1000,1000,1000,1000,1119.176,1121.045,1121.045,1122.201,1124.177,1000,1000,1000,1000,1000,1000,1000,1000,1000,1000,1000,1000,1000,1000,1000,1000,1000,1187.3,1180.002,1178.056,1180.975,1196.057,1000,1000,1000,1000,1000,1000,1000,1000,1000,1000,1000,1000,1000,1279.733,1291.409,1283.625,1282.652,1281.679,1000,1000,1000,1000,1000,1000,1000,1000,1000,1000,1000,1000,1000,1209.427,1208.812,1000,1000,1000,1000,1000,1000,1000,1000,1000,1000,1000,1000,1000,1000,1000,1000,1000,1000,1000,1000,1000,1000,1000,1000,1000,1000,1000,1000,1000,1000,1000,1000,1000,1000,1269.031,1269.517,1000,1000,1156.651,1000,1000,1000,1000,1000,1000,1000,1000,1000,1000,1000,1000,1000,1000,1000,1000,1000,1000,1000,1000,1000,1000,1000,1000,1000,1000,1000,1000,1000,1228.165,1000,1234.49,1000,1000,1000,1238.381,1000,1192.165,1000,1000,1000,1000,1000,1198.003,1193.138,1185.354,1195.57,1000,1000,1000,1000,1000,1000,1000,1000,1000,1000,1000,1000,1000,1000,1000,1000,1000,1000,1000,1000,1000,1000,1000,1000,1000,1000,1000,1000,1000,1000,1000,1000,1000,1000,1000,1000,1000,1000,1000,1000,1000,1000,1000,1000,1000,1000,1000,1210.636,1210.21,1209.504,1208.971,1208.523,1306.49,1294.328,1284.598,1269.517,1257.355,1256.868,1254.436,1254.436,1252.976,1254.436,1252.976,1247.382,1242.03,1242.03,1238.868,1236.922,1236.922,1238.381,1238.381,1236.922,1237.652,1238.381,1235.949,1232.787,1229.625,1224.273,1222.814,1221.841,1221.354,1221.841,1223.787,1225.733,1224.76,1223.3,1220.016,1218.678,1215.638,1215.273,1213.57,1214.786,1215.273,1215.273,1214.786,1214.057,1213.57,1210.651,1207.489,1204.266,1203.719,1200.922,1199.827,1200.253,1200.07,1199.462,1199.827,1000,1198.854,1199.036,1197.759,1197.242,1194.552,1192.651,1258.328,1242.273,1224.76,1212.597,1206.395,1202.867,1198.854,1198.854,1198.124,1196.665,1194.84,1194.597,1192.651,1191.739,1192.347,1192.955,1191.739,1192.043,1191.496,1000,1195.57,1000,1000,1000,1240.814,1000,1264.652,1264.652,1261.733,1260.274,1253.463,1244.706,1246.165,1245.679,1248.598,1246.165,1245.679,1247.138,1247.625,1247.138,1243.733,1243.246,1240.814,1235.219,1228.408,1225.246,1224.76,1221.597,1218.678,1216.003,1213.327,1209.192,1205.422,1203.232,1202.381,1202.381,1201.651,1200.435,1198.854,1195.935,1193.259,1189.307,1185.597,1184.654,1183.165,1000,1000,1000,1000,1000,1000,1000,1000,1000,1000,1000,1000,1000,1000,1000,1000,1000,1000,1000,1000,1000,1000,1000,1000,1000,1000,1000,1000,1000,1000,1000,1000,1000,1000,1000,1000,1000,1000,1000,1000,1000,1000,1000,1000,1000,1000,1000,1000,1000,1000,1000,1000,1000,1000,1000,1000,1000,1000,1000,1000,1000,1000,1000,1000,1000,1000,1000,1000,1000,1000,1000,1000,1000,1000,1000,1000,1000,1000,1000,1000,1000,1000,1000,1000,1000,1000,1000,1000,1000,1000,1000,1000,1000
1000,1000,1000,1000,1000,1000,1000,1000,1000,1000,1000,1000,1000,1000,1000,1000,1000,1000,1000,1000,1000,1000,1000,1000,1000,1000,1000,1000,1000,1000,1000,1000,1000,1000,1000,1000,1000,1000,1000,1000,1000,1000,1000,1000,1000,1000,1000,1000,1000,1000,1000,1000,1000,1000,1000,1000,1000,1000,1000,1000,1000,1000,1000,1000,1000,1000,1000,1000,1000,1000,1000,1000,1000,1000,1000,1000,1000,1000,1000,1000,1000,1000,1000,1000,1000,1000,1000,1000,1000,1000,1000,1000,1000,1000,1000,1000,1270.976,1270.003,1270.976,1271.949,1274.868,1278.274,1276.814,1278.274,1279.247,1179.067,1000,1179.577,1180.314,1181.021,1181.447,1182.161,1183.317,1183.621,1183.773,1183.955,1184.29,1183.773,1183.621,1184.654,1184.837,1186.448,1187.117,1189.002,1188.516,1190.644,1191.192,1192.955,1195.935,1197.759,1199.948,1200.8,1203.232,1201.165,1201.165,1202.867,1202.381,1204.57,1205.908,1204.084,1000,1000,1000,1217.462,1222.814,1218.192,1217.462,1211.138,1203.232,1199.219,1000,1000,1000,1000,1000,1000,1000,1000,1000,1000,1000,1000,1000,1000,1000,1000,1000,1000,1000,1000,1000,1000,1000,1000,1000,1192.765,1192.879,1193.107,1193.107,1193.404,1194.095,1194.179,1194.354,1195.296,1195.661,1195.54,1196.193,1196.057,1196.33,1000,1000,1199.219,1201.651,1202.381,1203.172,1204.813,1207.246,1205.361,1208.219,1208.827,1210.286,1000,1000,1000,1000,1000,1000,1000,1000,1000,1000,1000,1000,1000,1000,1000,1000,1000,1000,1000,1118.552,1119.282,1120.741,1123.326,1123.752,1125.758,1129.468,1130.684,1000,1000,1000,1000,1000,1000,1000,1000,1000,1000,1000,1000,1000,1000,1000,1000,1187.786,1181.462,1178.543,1183.894,1206.759,1000,1000,1000,1000,1000,1000,1000,1000,1000,1000,1000,1000,1000,1000,1270.49,1263.679,1265.625,1265.625,1264.652,1000,1000,1000,1000,1000,1000,1000,1000,1000,1000,1000,1000,1000,1000,1000,1000,1000,1000,1000,1000,1000,1000,1000,1000,1000,1000,1000,1000,1000,1000,1000,1000,1000,1000,1000,1000,1000,1000,1000,1000,1000,1000,1000,1000,1000,1000,1269.517,1264.409,1000,1000,1000,1259.909,1000,1000,1000,1000,1000,1000,1000,1000,1000,1000,1000,1000,1000,1000,1000,1000,1000,1000,1000,1000,1000,1000,1000,1000,1000,1000,1000,1000,1000,1000,1000,1000,1000,1000,1000,1000,1000,1000,1000,1000,1000,1000,1000,1000,1000,1000,1000,1000,1000,1000,1000,1000,1000,1000,1000,1000,1000,1000,1000,1000,1000,1000,1000,1000,1391.786,1000,1000,1000,1000,1000,1000,1000,1000,1000,1000,1000,1000,1000,1000,1000,1000,1000,1000,1000,1000,1000,1000,1000,1000,1000,1000,1000,1000,1000,1000,1217.705,1000,1211.351,1209.154,1208.409,1287.517,1273.895,1263.193,1250.301,1238.868,1236.435,1232.787,1232.3,1231.814,1235.219,1235.219,1234.733,1229.625,1228.895,1225.733,1223.3,1221.841,1224.273,1223.3,1222.327,1222.814,1221.354,1218.192,1216.854,1214.786,1212.476,1212.111,1211.746,1211.381,1213.205,1212.476,1214.786,1212.841,1211.016,1207.246,1205.969,1203.172,1203.415,1202.381,1203.172,1203.415,1203.962,1203.962,1203.962,1203.962,1202.381,1200.496,1198.641,1198.094,1197.242,1196.786,1196.786,1196.634,1196.057,1195.783,1000,1195.175,1195.661,1194.962,1194.962,1193.464,1298.707,1254.922,1240.327,1221.111,1210.165,1201.651,1199.219,1195.57,1194.597,1192.955,1191.739,1189.55,1188.516,1186.631,1186.631,1187.3,1188.759,1189.002,1191.739,1191.192,1192.651,1200.435,1208.219,1217.462,1231.814,1234.49,1237.895,1246.165,1244.706,1241.787,1240.327,1234.49,1229.868,1228.408,1227.679,1230.354,1226.462,1225.976,1226.462,1227.192,1225.246,1222.814,1219.165,1219.165,1212.597,1211.138,1209.678,1212.111,1208.705,1208.705,1205.422,1204.57,1200.8,1197.394,1194.597,1193.624,1192.043,1191.496,1191.192,1189.002,1186.874,1184.654,1182.708,1181.127,1180.314,1000,1000,1000,1000,1000,1000,1000,1000,1000,1000,1000,1000,1000,1000,1000,1000,1000,1000,1000,1000,1000,1000,1000,1000,1000,1000,1000,1000,1000,1000,1000,1000,1000,1000,1000,1000,1000,1000,1000,1000,1000,1000,1000,1000,1000,1000,1000,1000,1000,1000,1000,1000,1000,1000,1000,1000,1000,1000,1000,1000,1000,1000,1000,1000,1000,1000,1000,1000,1000,1000,1000,1000,1000,1000,1000,1000,1000,1000,1000,1000,1000,1000,1000,1000,1000,1000,1000,1000,1000,1000,1000,1000,1000,1000
1000,1000,1000,1000,1000,1000,1000,1000,1000,1000,1000,1000,1000,1000,1000,1000,1000,1000,1000,1000,1000,1000,1000,1000,1000,1000,1000,1000,1000,1000,1000,1000,1000,1000,1000,1000,1000,1000,1000,1000,1000,1000,1000,1000,1000,1000,1000,1000,1000,1000,1000,1000,1000,1000,1000,1000,1000,1000,1000,1000,1000,1000,1000,1000,1000,1000,1000,1000,1000,1000,1000,1000,1000,1000,1000,1000,1000,1000,1000,1000,1000,1000,1000,1000,1000,1000,1000,1000,1000,1000,1000,1000,1000,1000,1000,1000,1000,1000,1238.381,1239.841,1243.733,1252.49,1258.328,1262.22,1265.139,1273.895,1272.922,1280.22,1288.004,1179.143,1179.257,1179.675,1180.17,1180.398,1180.732,1180.823,1180.823,1180.474,1180.557,1181.021,1181.553,1182.708,1183.165,1000,1183.773,1184.654,1184.472,1185.232,1187.543,1188.273,1190.097,1191.496,1194.232,1193.624,1193.867,1192.651,1192.955,1193.259,1193.867,1194.597,1000,1000,1000,1206.395,1210.651,1207.246,1207.246,1204.084,1199.584,1195.935,1194.232,1000,1000,1000,1000,1000,1000,1000,1000,1000,1000,1000,1000,1000,1000,1000,1000,1000,1000,1000,1000,1000,1000,1000,1291.896,1289.463,1288.49,1291.896,1289.463,1293.842,1192.727,1192.917,1193.107,1193.791,1194.27,1194.019,1000,1000,1195.418,1000,1197.242,1198.459,1200.496,1201.408,1202.138,1203.962,1205.665,1000,1000,1000,1000,1000,1000,1000,1000,1000,1000,1000,1000,1000,1000,1000,1000,1000,1000,1000,1000,1117.306,1116.948,1118.043,1118.856,1118.963,1120.437,1123.143,1124.36,1126.731,1134.758,1000,1000,1000,1000,1000,1000,1000,1000,1000,1000,1000,1000,1000,1000,1000,1000,1000,1175.624,1172.948,1169.543,1176.597,1000,1000,1000,1000,1000,1000,1000,1000,1000,1000,1000,1000,1000,1000,1000,1000,1264.652,1263.193,1262.22,1000,1000,1000,1000,1000,1000,1000,1000,1000,1000,1000,1000,1000,1000,1000,1000,1000,1000,1000,1000,1000,1000,1000,1000,1000,1000,1154.705,1000,1149.84,1000,1000,1000,1000,1000,1000,1000,1000,1000,1000,1000,1000,1000,1000,1000,1000,1000,1000,1000,1000,1000,1000,1000,1000,1000,1000,1000,1000,1000,1000,1000,1000,1000,1000,1000,1000,1000,1000,1000,1000,1000,1000,1000,1000,1000,1000,1000,1000,1000,1000,1000,1000,1000,1000,1000,1000,1000,1000,1000,1000,1000,1000,1000,1000,1000,1000,1000,1000,1000,1000,1000,1000,1000,1000,1000,1000,1000,1000,1000,1000,1000,1000,1000,1000,1000,1000,1000,1000,1000,1000,1000,1000,1000,1000,1000,1000,1000,1000,1000,1145.948,1000,1000,1000,1000,1000,1000,1000,1000,1000,1000,1000,1000,1000,1000,1000,1000,1000,1000,1000,1000,1000,1000,1000,1000,1000,1000,1249.571,1235.949,1228.895,1228.895,1225.246,1223.3,1222.327,1222.327,1220.503,1220.503,1215.638,1214.786,1213.57,1211.016,1209.922,1211.381,1211.016,1209.922,1209.922,1209.192,1207.489,1205.969,1205.361,1203.962,1204.266,1204.266,1204.266,1204.266,1203.719,1203.962,1202.624,1201.651,1200.496,1199.644,1198.854,1198.276,1197.759,1197.577,1197.577,1197.09,1197.577,1197.911,1197.394,1196.786,1196.786,1195.661,1195.175,1194.962,1194.962,1194.354,1194.354,1194.179,1194.019,1193.464,1193.297,1193.404,1193.153,1192.879,1297.734,1279.733,1253.463,1237.408,1225.976,1211.138,1200.435,1197.759,1194.84,1191.739,1190.644,1189.793,1187.543,1186.205,1185.232,1185.019,1186.023,1188.029,1189.307,1193.259,1193.624,1195.205,1205.422,1213.327,1218.678,1225.246,1227.192,1227.679,1231.814,1229.138,1227.679,1222.814,1218.678,1214.3,1213.327,1212.597,1215.273,1211.624,1211.138,1210.651,1210.651,1209.192,1206.395,1203.719,1202.381,1198.124,1198.124,1199.584,1199.584,1197.759,1196.665,1194.597,1192.955,1192.043,1189.002,1187.3,1186.205,1185.597,1185.232,1185.232,1184.472,1183.469,1181.796,1181.021,1180.025,1179.371,1179.067,1000,1000,1000,1000,1000,1000,1000,1000,1000,1000,1000,1000,1000,1000,1000,1000,1000,1000,1000,1000,1000,1000,1000,1000,1000,1000,1000,1000,1000,1000,1000,1000,1000,1000,1000,1000,1000,1000,1000,1000,1000,1000,1000,1000,1000,1000,1000,1000,1000,1000,1000,1000,1000,1000,1000,1000,1000,1000,1000,1000,1000,1000,1000,1000,1000,1000,1000,1000,1000,1000,1000,1000,1000,1000,1000,1000,1000,1000,1000,1000,1000,1000,1000,1000,1000,1000,1000,1000,1000,1000,1000,1000,1000
1000,1000,1000,1000,1000,1000,1000,1000,1000,1000,1000,1000,1000,1000,1000,1000,1000,1000,1000,1000,1000,1000,1000,1000,1000,1000,1000,1000,1000,1000,1000,1000,1000,1000,1000,1000,1000,1000,1000,1000,1000,1000,1000,1000,1000,1000,1000,1000,1000,1000,1000,1000,1000,1000,1000,1000,1000,1000,1000,1000,1000,1000,1000,1000,1000,1000,1000,1000,1000,1000,1000,1000,1000,1000,1000,1000,1000,1000,1000,1000,1000,1000,1000,1000,1000,1000,1000,1000,1000,1000,1000,1000,1000,1000,1000,1000,1000,1000,1220.868,1220.868,1225.246,1230.111,1233.516,1239.841,1246.652,1000,1252.003,1260.274,1266.111,1271.949,1269.031,1278.274,1284.112,1287.031,1289.95,1179.219,1179.181,1179.029,1179.067,1179.181,1179.409,1179.843,1180.17,1180.474,1180.823,1181.34,1000,1181.796,1182.86,1183.773,1184.472,1185.597,1186.874,1187.3,1186.631,1186.448,1186.205,1187.117,1187.117,1188.516,1190.644,1000,1000,1198.124,1200.435,1198.854,1198.124,1196.3,1193.867,1193.259,1192.347,1000,1000,1000,1000,1000,1000,1000,1000,1000,1000,1000,1000,1000,1000,1000,1000,1000,1000,1000,1000,1000,1000,1000,1279.733,1279.733,1276.814,1281.679,1277.787,1282.652,1294.815,1298.707,1300.652,1193.069,1193.244,1000,1000,1000,1000,1000,1000,1000,1000,1000,1000,1000,1000,1000,1000,1000,1000,1000,1000,1000,1000,1000,1000,1000,1000,1000,1000,1000,1000,1000,1000,1117.306,1117.754,1117.26,1117.632,1000,1000,1120.741,1122.566,1000,1128.069,1000,1000,1000,1000,1000,1000,1000,1000,1000,1000,1000,1000,1000,1000,1000,1000,1000,1000,1000,1165.407,1164.191,1160.543,1166.867,1000,1000,1000,1000,1000,1000,1000,1000,1000,1000,1000,1000,1000,1000,1000,1000,1000,1000,1000,1000,1000,1000,1000,1000,1000,1000,1000,1000,1000,1000,1000,1000,1000,1000,1000,1000,1000,1000,1000,1000,1000,1000,1000,1000,1000,1164.191,1170.759,1161.029,1161.029,1000,1000,1196.057,1000,1000,1000,1000,1000,1000,1000,1000,1000,1000,1000,1000,1000,1000,1000,1000,1000,1000,1000,1000,1000,1000,1000,1000,1000,1000,1000,1000,1000,1000,1000,1000,1000,1000,1000,1000,1000,1000,1000,1000,1000,1000,1000,1000,1000,1000,1000,1000,1000,1000,1000,1000,1000,1000,1000,1000,1000,1000,1000,1000,1000,1000,1000,1000,1000,1000,1000,1000,1000,1000,1000,1000,1000,1000,1000,1000,1000,1000,1000,1000,1000,1000,1000,1000,1000,1000,1000,1000,1000,1000,1000,1140.596,1000,1135.853,1132.569,1134.029,1130.38,1132.569,1128.069,1128.069,1127.279,1129.225,1126.731,1126.488,1126.002,1125.515,1122.201,1122.201,1121.198,1121.866,1000,1121.349,1119.89,1119.768,1117.511,1229.625,1000,1000,1000,1000,1000,1000,1000,1000,1223.3,1221.354,1218.192,1213.205,1212.111,1210.651,1210.286,1210.286,1208.462,1207.854,1206.881,1203.962,1203.415,1203.719,1204.266,1202.928,1203.415,1202.381,1201.408,1199.644,1199.036,1198.094,1198.854,1198.094,1198.641,1198.641,1198.276,1197.759,1197.759,1196.33,1195.92,1195.296,1195.068,1194.552,1194.354,1194.095,1194.27,1193.936,1194.095,1194.019,1193.936,1193.586,1193.647,1193.244,1193.35,1193.198,1193.244,1193.031,1193.031,1192.955,1192.689,1297.734,1294.815,1292.869,1286.544,1280.706,1278.76,1264.652,1247.138,1236.679,1229.138,1210.651,1201.165,1195.57,1192.955,1189.55,1188.516,1188.273,1187.117,1184.837,1183.955,1183.469,1183.773,1183.621,1187.3,1191.496,1194.84,1194.84,1206.881,1209.192,1213.327,1214.3,1217.462,1217.462,1219.165,1216.976,1216.003,1211.138,1206.881,1202.867,1202.867,1201.651,1202.867,1200.435,1201.165,1198.489,1198.489,1197.759,1195.935,1193.624,1193.259,1190.34,1189.793,1190.097,1189.002,1187.117,1187.3,1186.205,1186.205,1186.874,1185.84,1184.837,1183.955,1183.773,1182.298,1182.572,1182.039,1181.447,1180.025,1179.843,1179.257,1000,1269.031,1000,1000,1000,1000,1000,1000,1000,1000,1000,1000,1000,1000,1000,1000,1000,1000,1000,1000,1000,1000,1000,1000,1000,1000,1000,1000,1000,1000,1000,1000,1000,1000,1000,1000,1000,1000,1000,1000,1000,1000,1000,1000,1000,1000,1000,1000,1000,1000,1000,1000,1000,1000,1000,1000,1000,1000,1000,1000,1000,1000,1000,1000,1000,1000,1000,1000,1000,1000,1000,1000,1000,1000,1000,1000,1000,1000,1000,1000,1000,1000,1000,1000,1000,1000,1000,1000,1000,1000,1000,1000,1000,1000,1000
1000,1000,1000,1000,1000,1000,1000,1000,1000,1000,1000,1000,1000,1000,1000,1000,1000,1000,1000,1000,1000,1000,1000,1000,1000,1000,1000,1000,1000,1000,1000,1000,1000,1000,1000,1000,1000,1000,1000,1000,1000,1000,1000,1000,1000,1000,1000,1000,1000,1000,1000,1000,1000,1000,1000,1000,1000,1000,1000,1000,1000,1000,1000,1000,1000,1000,1000,1000,1000,1000,1000,1000,1000,1000,1000,1000,1000,1000,1000,1000,1000,1000,1000,1000,1000,1000,1000,1000,1000,1000,1000,1000,1000,1000,1000,1000,1000,1000,1000,1202.381,1207.489,1209.678,1211.138,1217.462,1223.787,1000,1228.652,1236.435,1241.3,1245.679,1242.273,1246.652,1000,1261.247,1263.193,1269.031,1272.922,1270.976,1267.084,1270.003,1282.166,1179.029,1179.143,1179.485,1179.782,1179.729,1179.729,1180.025,1180.17,1180.557,1180.823,1181.34,1181.675,1182.572,1182.039,1182.298,1182.161,1182.86,1183.012,1183.621,1185.019,1187.543,1188.029,1189.55,1192.043,1191.739,1190.888,1190.644,1189.307,1188.759,1187.786,1186.874,1184.472,1000,1000,1000,1000,1000,1143.652,1000,1000,1000,1000,1000,1000,1000,1000,1000,1000,1000,1000,1000,1000,1000,1000,1000,1000,1269.031,1266.111,1271.949,1282.652,1000,1000,1000,1000,1000,1000,1000,1000,1000,1000,1000,1000,1000,1000,1000,1000,1000,1000,1000,1000,1000,1000,1000,1000,1000,1000,1000,1000,1000,1000,1000,1000,1000,1000,1000,1000,1000,1000,1000,1000,1000,1000,1000,1000,1000,1000,1000,1000,1000,1000,1000,1000,1000,1000,1000,1000,1000,1000,1000,1000,1000,1162.975,1162.489,1161.029,1159.326,1000,1000,1000,1000,1000,1000,1000,1000,1000,1000,1000,1000,1000,1000,1000,1000,1000,1000,1000,1000,1000,1000,1000,1000,1000,1000,1000,1000,1000,1000,1000,1000,1000,1000,1000,1000,1000,1000,1000,1000,1000,1000,1000,1000,1000,1000,1000,1000,1179.516,1168.083,1167.597,1175.137,1183.894,1194.597,1000,1000,1000,1000,1000,1000,1000,1000,1000,1000,1192.651,1000,1000,1000,1000,1000,1000,1000,1000,1000,1000,1000,1000,1000,1000,1000,1000,1000,1000,1000,1000,1000,1000,1000,1000,1000,1000,1000,1000,1000,1000,1000,1000,1000,1000,1000,1000,1000,1000,1000,1000,1000,1000,1000,1000,1000,1000,1000,1000,1000,1000,1000,1000,1000,1000,1000,1000,1000,1000,1000,1000,1000,1000,1000,1000,1000,1000,1000,1000,1000,1000,1147.894,1000,1000,1000,1000,1000,1000,1000,1140.961,1134.029,1137.677,1000,1000,1128.373,1132.569,1000,1000,1127.826,1127.279,1125.758,1125.029,1123.752,1124.177,1123.934,1122.201,1120.589,1120.741,1120.027,1120.741,1120.437,1120.893,1120.027,1120.301,1118.75,1117.823,1117.138,1000,1000,1000,1000,1000,1000,1000,1000,1000,1216.489,1211.016,1208.462,1206.881,1206.273,1205.969,1205.117,1203.719,1201.895,1199.219,1198.641,1198.641,1198.641,1197.911,1198.276,1197.911,1196.938,1196.057,1195.54,1195.296,1195.418,1194.856,1195.068,1195.068,1194.552,1194.095,1194.179,1193.404,1193.404,1193.153,1193.107,1192.917,1192.879,1192.651,1192.689,1300.652,1303.571,1302.599,1301.625,1296.76,1300.652,1293.842,1295.788,1295.788,1296.76,1291.896,1291.896,1288.49,1282.652,1276.814,1273.895,1270.976,1265.625,1259.301,1254.922,1243.733,1234.49,1225.976,1219.895,1207.246,1201.165,1193.624,1191.739,1188.759,1189.307,1187.786,1187.543,1184.837,1183.773,1182.86,1184.137,1184.137,1188.273,1000,1197.03,1000,1201.651,1203.719,1204.57,1205.422,1208.219,1208.219,1206.395,1205.908,1203.232,1199.219,1196.3,1195.935,1195.935,1194.232,1195.57,1193.867,1193.624,1190.888,1189.793,1188.273,1186.205,1185.019,1185.232,1184.472,1183.621,1183.621,1182.86,1182.435,1182.435,1182.161,1182.039,1182.298,1180.93,1180.474,1180.17,1180.094,1179.675,1180.17,1180.094,1179.903,1179.105,1288.977,1273.895,1259.301,1245.679,1000,1000,1000,1000,1000,1000,1000,1000,1000,1000,1000,1000,1000,1000,1000,1000,1000,1000,1000,1000,1000,1000,1000,1000,1000,1000,1000,1000,1000,1000,1000,1000,1000,1000,1000,1000,1000,1000,1000,1000,1000,1000,1000,1000,1000,1000,1000,1000,1000,1000,1000,1000,1000,1000,1000,1000,1000,1000,1000,1000,1000,1000,1000,1000,1000,1000,1000,1000,1000,1000,1000,1000,1000,1000,1000,1000,1000,1000,1000,1000,1000,1000,1000,1000,1000,1000,1000,1000,1000,1000,1000,1000,1000
1000,1000,1000,1000,1000,1000,1000,1000,1000,1000,1000,1000,1000,1000,1000,1000,1000,1000,1000,1000,1000,1000,1000,1000,1000,1000,1000,1000,1000,1000,1000,1000,1000,1000,1000,1000,1000,1000,1000,1000,1000,1000,1000,1000,1000,1000,1000,1000,1000,1000,1000,1000,1000,1000,1000,1000,1000,1000,1000,1000,1000,1000,1000,1000,1000,1000,1000,1000,1000,1000,1000,1000,1000,1000,1000,1000,1000,1000,1000,1000,1000,1000,1000,1000,1000,1000,1000,1000,1000,1000,1000,1000,1000,1000,1000,1000,1000,1000,1000,1000,1195.084,1195.084,1195.57,1198.003,1206.273,1211.624,1211.624,1220.138,1228.652,1226.706,1221.597,1226.706,1000,1000,1236.435,1243.246,1247.625,1246.652,1245.679,1248.111,1261.247,1265.139,1269.031,1276.814,1000,1284.112,1287.031,1179.105,1179.257,1179.371,1179.409,1179.675,1179.782,1180.238,1180.17,1180.398,1180.398,1180.823,1180.93,1180.93,1181.447,1182.708,1182.86,1183.773,1185.597,1185.84,1185.84,1186.205,1185.84,1186.023,1185.84,1185.84,1184.29,1000,1000,1000,1000,1000,1000,1000,1000,1000,1000,1000,1000,1000,1000,1000,1000,1000,1000,1000,1000,1000,1000,1000,1000,1000,1000,1000,1000,1000,1000,1000,1000,1000,1000,1000,1000,1000,1000,1000,1000,1000,1000,1000,1000,1000,1000,1000,1000,1000,1000,1000,1000,1000,1000,1000,1000,1000,1000,1000,1000,1000,1000,1000,1000,1000,1000,1000,1000,1000,1000,1000,1000,1000,1000,1000,1000,1000,1000,1000,1000,1000,1000,1000,1000,1000,1000,1000,1158.11,1160.056,1155.921,1158.11,1160.056,1000,1000,1000,1000,1000,1000,1000,1000,1000,1000,1000,1000,1000,1000,1000,1000,1000,1000,1000,1000,1000,1000,1000,1000,1000,1000,1000,1000,1000,1000,1000,1000,1000,1000,1000,1000,1000,1000,1000,1000,1000,1000,1000,1000,1000,1000,1000,1000,1000,1180.975,1172.218,1170.029,1176.597,1000,1000,1000,1000,1000,1000,1000,1000,1000,1000,1000,1186.083,1188.273,1000,1000,1000,1000,1000,1000,1000,1000,1000,1000,1000,1000,1000,1000,1000,1000,1000,1000,1000,1000,1000,1000,1000,1000,1000,1000,1000,1000,1000,1000,1000,1000,1000,1000,1000,1000,1000,1000,1000,1000,1000,1000,1000,1000,1000,1000,1000,1000,1000,1000,1000,1000,1000,1000,1000,1000,1000,1000,1000,1000,1000,1000,1000,1000,1000,1000,1000,1000,1000,1000,1149.84,1145.948,1147.894,1000,1000,1000,1000,1000,1000,1000,1141.813,1000,1000,1000,1000,1000,1136.218,1131.353,1000,1126.245,1000,1121.866,1122.018,1121.866,1120.741,1120.893,1121.349,1121.045,1122.961,1122.961,1123.752,1122.566,1122.566,1120.164,1119.069,1117.823,1000,1000,1000,1000,1000,1000,1000,1000,1000,1000,1000,1000,1200.496,1199.644,1200.922,1201.165,1200.739,1198.641,1196.33,1195.54,1194.962,1194.749,1194.643,1194.643,1194.27,1193.936,1193.464,1193.297,1193.153,1193.244,1193.069,1193.153,1193.031,1192.955,1192.727,1192.765,1300.652,1301.625,1293.842,1292.869,1287.517,1282.652,1278.76,1281.679,1274.868,1274.868,1276.814,1274.868,1271.949,1270.976,1268.057,1270.003,1270.976,1270.976,1270.976,1270.976,1265.625,1259.301,1254.436,1251.03,1247.138,1245.679,1240.327,1237.895,1233.03,1226.462,1218.678,1216.489,1209.678,1206.395,1200.435,1000,1000,1000,1000,1192.955,1187.543,1185.84,1184.29,1185.415,1184.137,1188.029,1192.955,1193.867,1193.259,1195.57,1196.665,1197.394,1197.03,1198.124,1198.489,1196.665,1194.84,1193.624,1191.496,1190.34,1190.34,1190.34,1188.516,1189.307,1187.543,1187.117,1185.415,1184.29,1182.86,1181.447,1181.34,1181.447,1181.34,1180.732,1180.732,1179.964,1179.843,1179.843,1179.903,1179.675,1179.675,1179.219,1179.181,1287.031,1288.004,1282.166,1285.085,1285.085,1179.067,1274.868,1271.949,1261.247,1000,1000,1000,1000,1000,1000,1000,1000,1000,1000,1000,1000,1000,1000,1000,1000,1000,1000,1000,1000,1000,1000,1000,1000,1000,1000,1000,1000,1000,1000,1000,1000,1000,1000,1000,1000,1000,1000,1000,1000,1000,1000,1000,1000,1000,1000,1000,1000,1000,1000,1000,1000,1000,1000,1000,1000,1000,1000,1000,1000,1000,1000,1000,1000,1000,1000,1000,1000,1000,1000,1000,1000,1000,1000,1000,1000,1000,1000,1000,1000,1000,1000,1000,1000,1000,1000,1000,1000,1000,1000,1000,1000,1000,1000,1000
1000,1000,1000,1000,1000,1000,1000,1000,1000,1000,1000,1000,1000,1000,1000,1000,1000,1000,1000,1000,1000,1000,1000,1000,1000,1000,1000,1000,1000,1000,1000,1000,1000,1000,1000,1000,1000,1000,1000,1000,1000,1000,1000,1000,1000,1000,1000,1000,1000,1000,1000,1000,1000,1000,1000,1000,1000,1000,1000,1000,1000,1000,1000,1000,1000,1000,1000,1000,1000,1000,1000,1000,1000,1000,1000,1000,1000,1000,1000,1000,1000,1000,1000,1000,1000,1000,1000,1000,1000,1000,1000,1000,1000,1000,1000,1000,1000,1000,1000,1000,1185.597,1184.137,1185.597,1188.029,1195.084,1197.03,1200.192,1206.759,1214.057,1211.138,1211.138,1212.841,1217.462,1000,1218.678,1221.597,1226.706,1226.706,1229.625,1232.057,1241.3,1241.3,1243.733,1247.625,1000,1253.463,1257.355,1263.193,1268.057,1272.922,1275.841,1284.112,1285.085,1179.029,1179.067,1179.143,1179.181,1179.447,1179.577,1179.675,1179.729,1180.094,1180.094,1180.17,1180.93,1181.34,1181.675,1182.161,1182.298,1182.572,1182.86,1183.165,1183.012,1000,1000,1000,1000,1000,1000,1000,1000,1000,1000,1000,1000,1000,1000,1000,1000,1000,1000,1000,1000,1000,1000,1000,1000,1000,1000,1000,1000,1000,1000,1000,1000,1000,1000,1000,1000,1000,1000,1000,1000,1000,1000,1000,1000,1000,1000,1000,1000,1000,1000,1000,1000,1000,1000,1000,1000,1000,1000,1000,1000,1000,1000,1000,1000,1000,1000,1000,1000,1000,1000,1256.868,1262.706,1000,1000,1000,1000,1000,1000,1000,1000,1000,1000,1000,1000,1000,1000,1000,1155.921,1155.921,1153.002,1154.218,1155.921,1000,1000,1000,1000,1000,1000,1000,1000,1000,1000,1000,1000,1000,1000,1000,1000,1000,1000,1000,1000,1000,1000,1000,1000,1000,1000,1000,1000,1000,1000,1000,1000,1000,1000,1000,1000,1000,1000,1000,1000,1000,1000,1000,1000,1000,1000,1000,1000,1000,1175.624,1168.813,1171.489,1177.083,1000,1000,1000,1000,1000,1000,1000,1000,1000,1000,1000,1184.624,1185.354,1177.083,1000,1000,1000,1000,1000,1000,1000,1000,1000,1000,1000,1000,1000,1000,1000,1000,1000,1000,1000,1000,1000,1000,1000,1000,1000,1000,1000,1000,1000,1000,1000,1000,1000,1000,1000,1000,1000,1000,1000,1000,1000,1000,1000,1000,1000,1000,1000,1000,1000,1000,1000,1000,1000,1000,1000,1177.813,1180.489,1181.219,1177.813,1179.273,1177.083,1000,1000,1000,1000,1000,1000,1000,1000,1000,1000,1000,1000,1000,1000,1000,1000,1000,1000,1000,1000,1000,1000,1000,1000,1000,1134.758,1131.353,1127.522,1000,1122.201,1000,1000,1000,1000,1000,1000,1000,1000,1000,1000,1125.272,1121.198,1120.741,1118.659,1118.126,1000,1219.895,1217.462,1212.597,1198.975,1000,1000,1000,1000,1000,1000,1000,1000,1000,1197.394,1197.759,1196.057,1194.643,1194.019,1193.586,1193.297,1193.153,1192.955,1192.803,1192.689,1296.76,1292.869,1293.842,1292.869,1286.544,1288.49,1284.598,1283.625,1276.814,1279.733,1275.841,1278.76,1272.922,1274.868,1270.003,1266.111,1260.274,1261.733,1255.895,1252.003,1252.49,1251.03,1247.138,1247.625,1245.679,1247.625,1249.571,1250.057,1247.625,1249.571,1243.246,1239.354,1234.49,1233.76,1229.868,1229.868,1225.246,1224.76,1219.165,1216.976,1210.651,1210.651,1204.57,1203.719,1199.219,1000,1000,1000,1000,1000,1191.739,1190.34,1187.786,1189.307,1186.631,1188.516,1189.793,1191.496,1189.793,1190.644,1190.644,1190.644,1189.002,1190.097,1190.644,1188.759,1187.543,1187.3,1185.232,1184.29,1184.472,1184.137,1183.012,1183.621,1183.012,1182.708,1181.918,1181.021,1180.238,1179.622,1179.485,1179.577,1179.622,1179.447,1179.333,1289.95,1287.031,1288.004,1285.085,1283.139,1278.274,1271.949,1269.031,1265.139,1263.193,1259.301,1257.355,1257.355,1264.166,1259.301,1255.409,1000,1000,1000,1000,1000,1000,1000,1000,1000,1000,1000,1000,1000,1000,1000,1000,1000,1000,1000,1000,1000,1000,1000,1000,1000,1000,1000,1000,1000,1000,1000,1000,1000,1000,1000,1000,1000,1000,1000,1000,1000,1000,1000,1000,1000,1000,1000,1000,1000,1000,1000,1000,1000,1000,1000,1000,1000,1000,1000,1000,1000,1000,1000,1000,1000,1000,1000,1000,1000,1000,1000,1000,1000,1000,1000,1000,1000,1000,1000,1000,1000,1000,1000,1000,1000,1000,1000,1000,1000,1000,1000,1000,1000,1000,1000,1000
1000,1000,1000,1000,1000,1000,1000,1000,1000,1000,1000,1000,1000,1000,1000,1000,1000,1000,1000,1000,1000,1000,1000,1000,1000,1000,1000,1000,1000,1000,1000,1000,1000,1000,1000,1000,1000,1000,1000,1000,1000,1000,1000,1000,1000,1000,1000,1000,1000,1000,1000,1000,1000,1000,1000,1000,1000,1000,1000,1000,1000,1000,1000,1000,1000,1000,1000,1000,1000,1000,1000,1000,1000,1000,1000,1000,1000,1000,1000,1000,1000,1000,1000,1000,1000,1000,1000,1000,1000,1000,1000,1000,1000,1000,1000,1000,1000,1000,1000,1000,1175.928,1176.171,1177.023,1179.637,1183.773,1185.232,1187.543,1193.259,1196.543,1194.111,1195.57,1198.003,1198.489,1196.543,1202.381,1206.273,1211.138,1214.057,1216.246,1216.733,1222.327,1222.327,1224.273,1229.625,1234.003,1237.408,1238.868,1247.625,1247.625,1257.355,1259.301,1265.139,1262.22,1268.057,1268.057,1268.057,1271.949,1280.22,1285.085,1287.031,1288.977,1179.181,1179.181,1179.181,1179.447,1179.843,1179.903,1180.17,1180.238,1180.732,1181.34,1000,1000,1000,1000,1000,1000,1000,1000,1000,1000,1000,1000,1000,1000,1000,1000,1000,1000,1000,1000,1000,1000,1000,1000,1000,1000,1000,1000,1000,1000,1000,1000,1000,1000,1000,1000,1000,1000,1000,1000,1000,1000,1000,1000,1000,1000,1000,1000,1000,1000,1000,1000,1000,1000,1000,1000,1000,1000,1000,1000,1000,1000,1000,1000,1000,1000,1000,1000,1000,1235.219,1239.354,1000,1000,1000,1000,1000,1000,1000,1000,1000,1000,1000,1000,1000,1000,1000,1000,1000,1156.894,1153.732,1153.002,1153.732,1155.191,1160.056,1000,1000,1000,1000,1000,1000,1000,1000,1000,1000,1000,1000,1000,1000,1000,1000,1000,1000,1000,1000,1000,1000,1000,1000,1000,1000,1000,1000,1000,1000,1000,1000,1000,1000,1000,1000,1000,1000,1000,1000,1000,1000,1000,1000,1000,1000,1000,1000,1000,1172.948,1166.867,1170.759,1000,1000,1000,1000,1000,1000,1000,1000,1000,1000,1174.164,1179.273,1188.759,1185.354,1000,1000,1000,1000,1000,1000,1000,1000,1000,1000,1000,1000,1000,1000,1000,1000,1000,1000,1000,1000,1000,1000,1000,1000,1000,1000,1000,1000,1000,1000,1000,1000,1000,1000,1000,1000,1000,1000,1000,1000,1000,1000,1000,1000,1000,1000,1000,1000,1000,1000,1000,1000,1000,1000,1000,1000,1169.786,1171.732,1172.218,1171.002,1171.002,1167.597,1000,1000,1000,1000,1000,1000,1000,1000,1000,1000,1000,1000,1000,1000,1000,1000,1000,1000,1000,1000,1000,1000,1000,1000,1000,1000,1000,1000,1000,1000,1000,1000,1000,1000,1000,1000,1000,1000,1000,1000,1000,1000,1000,1000,1000,1000,1229.625,1218.435,1206.759,1198.975,1193.624,1000,1000,1000,1000,1000,1000,1000,1000,1000,1000,1196.482,1194.27,1193.244,1192.955,1302.599,1295.788,1288.49,1284.598,1281.679,1270.976,1268.057,1268.057,1268.057,1262.706,1266.111,1262.706,1260.274,1254.922,1256.868,1254.922,1253.463,1246.165,1246.165,1242.273,1238.868,1234.49,1239.354,1235.949,1231.814,1232.3,1234.49,1230.354,1229.868,1228.408,1229.138,1227.192,1227.192,1227.192,1227.679,1224.03,1221.597,1217.462,1215.273,1213.814,1214.3,1212.111,1211.624,1210.651,1209.678,1205.057,1203.232,1200.435,1198.854,1194.84,1195.935,1194.84,1196.665,1000,1000,1188.273,1186.205,1184.837,1186.023,1184.137,1185.019,1186.023,1186.205,1185.597,1185.415,1185.019,1184.472,1183.773,1183.955,1184.472,1183.955,1183.165,1183.012,1182.039,1181.234,1181.34,1180.93,1180.238,1180.398,1180.398,1179.964,1179.843,1179.371,1179.029,1281.193,1276.814,1278.274,1279.247,1274.868,1269.031,1262.22,1258.328,1260.274,1260.274,1256.382,1255.409,1253.463,1249.084,1248.111,1243.246,1243.733,1237.408,1235.949,1000,1000,1000,1000,1000,1000,1000,1000,1000,1000,1000,1000,1000,1000,1000,1000,1000,1000,1000,1000,1000,1000,1000,1000,1000,1000,1000,1000,1000,1000,1000,1000,1000,1000,1000,1000,1000,1000,1000,1000,1000,1000,1000,1000,1000,1000,1000,1000,1000,1000,1000,1000,1000,1000,1000,1000,1000,1000,1000,1000,1000,1000,1000,1000,1000,1000,1000,1000,1000,1000,1000,1000,1000,1000,1000,1000,1000,1000,1000,1000,1000,1000,1000,1000,1000,1000,1000,1000,1000,1000,1000,1000,1000,1000,1000,1000,1000,1000,1000
1000,1000,1000,1000,1000,1000,1000,1000,1000,1000,1000,1000,1000,1000,1000,1000,1000,1000,1000,1000,1000,1000,1000,1000,1000,1000,1000,1000,1000,1000,1000,1000,1000,1000,1000,1000,1000,1000,1000,1000,1000,1000,1000,1000,1000,1000,1000,1000,1000,1000,1000,1000,1000,1000,1000,1000,1000,1000,1000,1000,1000,1000,1000,1000,1000,1000,1000,1000,1000,1000,1000,1000,1000,1000,1000,1000,1000,1000,1000,1000,1000,1000,1000,1000,1000,1000,1000,1000,1000,1000,1000,1000,1000,1000,1000,1000,1000,1000,1000,1000,1169.847,1172.218,1000,1000,1177.874,1178.117,1179.637,1184.502,1186.813,1185.597,1187.178,1189.246,1187.178,1188.029,1190.462,1000,1196.057,1200.192,1201.165,1203.354,1205.543,1203.354,1204.57,1207.976,1211.624,1216.733,1219.408,1228.652,1229.625,1238.381,1242.273,1247.625,1244.706,1250.057,1250.057,1249.084,1252.003,1260.274,1265.139,1270.976,1270.003,1280.22,1000,1000,1000,1000,1000,1000,1179.333,1000,1000,1000,1000,1000,1000,1000,1000,1000,1000,1000,1000,1000,1000,1000,1000,1000,1000,1000,1000,1000,1000,1000,1000,1000,1000,1000,1000,1000,1000,1000,1000,1000,1000,1000,1000,1000,1000,1000,1000,1000,1000,1000,1000,1000,1000,1000,1000,1000,1000,1000,1000,1000,1000,1000,1000,1000,1000,1000,1000,1000,1000,1000,1000,1000,1000,1000,1000,1000,1000,1223.3,1228.408,1228.408,1231.814,1233.76,1000,1000,1000,1248.598,1248.598,1255.895,1000,1000,1000,1000,1000,1257.355,1000,1000,1000,1153.002,1152.516,1152.516,1153.002,1154.705,1159.326,1000,1000,1000,1000,1000,1000,1000,1000,1000,1000,1000,1000,1000,1000,1000,1000,1000,1000,1000,1000,1000,1000,1000,1000,1000,1000,1000,1000,1000,1000,1000,1000,1000,1000,1000,1000,1000,1000,1000,1000,1000,1000,1000,1193.198,1000,1000,1000,1000,1000,1164.921,1161.029,1169.543,1000,1000,1000,1000,1000,1000,1000,1000,1000,1000,1179.759,1184.624,1186.813,1182.435,1000,1000,1000,1000,1000,1000,1000,1000,1000,1000,1000,1000,1000,1000,1000,1000,1000,1000,1000,1000,1000,1000,1000,1000,1000,1000,1000,1000,1000,1000,1000,1000,1000,1000,1000,1000,1000,1000,1000,1000,1000,1000,1000,1000,1000,1000,1000,1000,1000,1000,1000,1000,1000,1000,1000,1000,1171.002,1171.002,1172.218,1170.516,1169.299,1166.867,1000,1000,1000,1000,1000,1000,1000,1000,1000,1000,1000,1000,1000,1000,1000,1000,1000,1000,1000,1000,1000,1000,1000,1000,1000,1000,1000,1000,1000,1000,1000,1000,1000,1000,1257.355,1000,1000,1000,1000,1000,1000,1000,1000,1000,1000,1000,1223.787,1207.732,1192.651,1187.3,1180.489,1000,1000,1000,1000,1000,1000,1000,1000,1000,1000,1000,1000,1192.765,1192.689,1291.896,1284.598,1274.868,1267.084,1262.706,1256.868,1254.436,1254.436,1255.895,1251.03,1250.057,1246.165,1243.246,1237.895,1237.895,1237.408,1233.76,1230.354,1228.408,1226.462,1224.03,1222.814,1223.3,1221.597,1217.462,1217.462,1216.976,1214.786,1213.814,1213.327,1213.327,1213.814,1213.814,1214.786,1214.786,1212.111,1211.138,1207.732,1206.881,1207.246,1207.732,1205.908,1205.422,1204.57,1203.232,1198.854,1196.3,1196.3,1194.232,1192.043,1193.867,1192.043,1192.043,1188.759,1186.631,1184.837,1184.29,1183.012,1183.621,1182.86,1182.435,1183.012,1183.165,1182.708,1181.796,1181.796,1181.234,1180.823,1180.648,1180.648,1180.314,1179.843,1179.729,1179.622,1179.531,1179.577,1179.371,1179.257,1179.181,1179.143,1284.112,1288.004,1273.895,1262.22,1260.274,1258.328,1257.355,1260.274,1257.355,1250.057,1243.246,1239.841,1238.868,1238.381,1234.976,1234.976,1228.165,1225.733,1225.246,1220.868,1218.678,1214.786,1000,1000,1000,1000,1000,1000,1000,1000,1000,1000,1000,1000,1000,1000,1000,1000,1000,1000,1000,1000,1000,1000,1000,1000,1000,1000,1000,1000,1000,1000,1000,1000,1000,1000,1000,1000,1000,1000,1000,1000,1000,1000,1000,1000,1000,1000,1000,1000,1000,1000,1000,1000,1000,1000,1000,1000,1000,1000,1000,1000,1000,1000,1000,1000,1000,1000,1000,1000,1000,1000,1000,1000,1000,1000,1000,1000,1000,1000,1000,1000,1000,1000,1000,1000,1000,1000,1000,1000,1000,1000,1000,1000,1000,1000,1000,1000,1000,1000,1000,1000
1000,1000,1000,1000,1000,1000,1000,1000,1000,1000,1000,1000,1000,1000,1000,1000,1000,1000,1000,1000,1000,1000,1000,1000,1000,1000,1000,1000,1000,1000,1000,1000,1000,1000,1000,1000,1000,1000,1000,1000,1000,1000,1000,1000,1000,1000,1000,1000,1000,1000,1000,1000,1000,1000,1000,1000,1000,1000,1000,1000,1000,1000,1000,1000,1000,1000,1000,1000,1000,1000,1000,1000,1000,1000,1000,1000,1000,1000,1000,1000,1000,1000,1000,1000,1000,1000,1000,1000,1000,1000,1000,1000,1000,1000,1000,1000,1000,1000,1000,1000,1000,1000,1000,1000,1000,1000,1000,1178.421,1181.219,1180.246,1181.583,1182.678,1180.61,1180.975,1181.583,1000,1187.543,1189.61,1190.097,1191.435,1193.624,1191.435,1194.597,1198.003,1000,1203.354,1205.057,1209.192,1211.624,1216.733,1223.787,1232.057,1232.057,1237.408,1238.381,1000,1000,1000,1000,1000,1252.49,1000,1000,1000,1000,1000,1000,1000,1000,1000,1000,1000,1000,1000,1108.313,1109.339,1110.571,1111.772,1113.839,1000,1000,1000,1000,1000,1000,1000,1000,1000,1000,1000,1000,1000,1000,1000,1000,1000,1000,1000,1000,1000,1000,1000,1000,1000,1000,1000,1000,1000,1000,1000,1000,1000,1000,1000,1000,1000,1000,1000,1000,1000,1000,1000,1000,1000,1000,1000,1000,1000,1000,1000,1000,1000,1000,1000,1000,1000,1000,1000,1210.651,1213.814,1216.976,1216.976,1000,1000,1000,1000,1000,1233.03,1234.49,1242.273,1000,1000,1252.003,1000,1000,1252.49,1000,1000,1150.326,1147.894,1148.38,1147.894,1148.38,1149.84,1000,1000,1000,1000,1000,1000,1000,1000,1000,1000,1000,1000,1000,1000,1000,1000,1000,1000,1000,1000,1000,1000,1000,1000,1000,1000,1000,1000,1000,1000,1000,1000,1000,1000,1000,1000,1294.815,1301.625,1000,1000,1000,1000,1000,1000,1303.571,1298.707,1000,1000,1000,1160.543,1158.11,1159.326,1170.759,1000,1000,1000,1000,1000,1000,1000,1000,1000,1000,1000,1000,1000,1000,1000,1000,1000,1000,1000,1000,1000,1000,1000,1000,1000,1000,1000,1000,1000,1000,1000,1000,1000,1000,1000,1000,1000,1000,1000,1000,1000,1000,1000,1000,1000,1000,1000,1000,1000,1000,1000,1000,1000,1000,1000,1000,1000,1000,1000,1000,1000,1000,1000,1000,1000,1000,1000,1000,1000,1000,1171.002,1169.299,1169.786,1168.57,1166.867,1164.678,1158.11,1000,1000,1000,1000,1000,1000,1000,1000,1000,1000,1000,1000,1000,1000,1000,1000,1000,1000,1000,1000,1000,1000,1000,1000,1000,1000,1000,1000,1000,1000,1267.084,1258.328,1261.733,1260.274,1254.922,1246.165,1243.246,1237.895,1232.3,1227.192,1000,1000,1000,1000,1000,1000,1205.786,1191.678,1190.705,1190.705,1000,1000,1000,1000,1000,1000,1000,1000,1000,1000,1000,1000,1000,1000,1000,1261.733,1248.598,1247.138,1247.138,1240.814,1238.868,1238.868,1237.895,1233.76,1231.814,1231.814,1229.138,1225.246,1225.976,1225.246,1219.165,1215.273,1213.814,1211.138,1209.678,1210.165,1212.111,1210.165,1206.881,1207.246,1205.422,1203.719,1202.867,1202.381,1200.8,1201.651,1200.8,1201.165,1201.165,1200.435,1199.948,1199.219,1199.584,1199.948,1200.8,1199.584,1198.854,1198.489,1198.489,1195.205,1193.259,1192.347,1190.888,1188.759,1189.002,1185.84,1185.415,1183.165,1182.039,1181.796,1181.675,1181.127,1181.127,1180.823,1180.398,1180.557,1180.398,1180.025,1179.531,1179.409,1179.257,1179.219,1179.257,1179.295,1179.181,1289.95,1288.977,1285.085,1283.139,1280.22,1271.949,1265.139,1261.247,1256.382,1251.03,1253.463,1247.625,1242.273,1244.706,1240.814,1243.246,1242.273,1241.3,1234.003,1228.165,1220.868,1221.597,1219.408,1216.733,1220.868,1217.462,1212.841,1211.138,1207.489,1206.273,1201.651,1000,1000,1000,1000,1000,1000,1000,1000,1000,1000,1000,1000,1000,1000,1000,1000,1000,1000,1000,1000,1000,1000,1000,1000,1000,1000,1000,1000,1000,1000,1000,1000,1000,1000,1000,1000,1000,1000,1000,1000,1000,1000,1000,1000,1000,1000,1000,1000,1000,1000,1000,1000,1000,1000,1000,1000,1000,1000,1000,1000,1000,1000,1000,1000,1000,1000,1000,1000,1000,1000,1000,1000,1000,1000,1000,1000,1000,1000,1000,1000,1000,1000,1000,1000,1000,1000,1000,1000,1000,1000,1000,1000,1000,1000,1000,1000,1000,1000,1000,1000
1000,1000,1000,1000,1000,1000,1000,1000,1000,1000,1000,1000,1000,1000,1000,1000,1000,1000,1000,1000,1000,1000,1000,1000,1000,1000,1000,1000,1000,1000,1000,1000,1000,1000,1000,1000,1000,1000,1000,1000,1000,1000,1000,1000,1000,1000,1000,1000,1000,1000,1000,1000,1000,1000,1000,1000,1000,1000,1000,1000,1000,1000,1000,1000,1000,1000,1000,1000,1000,1000,1000,1000,1000,1000,1000,1000,1000,1000,1000,1000,1000,1000,1000,1000,1000,1000,1000,1000,1000,1000,1000,1000,1000,1000,1000,1000,1000,1000,1000,1000,1000,1000,1000,1000,1000,1000,1000,1000,1000,1000,1175.928,1176.475,1174.651,1000,1000,1000,1180.246,1182.313,1181.948,1182.678,1185.232,1184.867,1188.759,1000,1000,1200.192,1200.678,1000,1000,1000,1000,1000,1000,1000,1000,1000,1000,1000,1000,1000,1000,1000,1000,1000,1000,1000,1000,1000,1000,1000,1000,1000,1000,1107.963,1108.093,1108.169,1108.473,1109.552,1110.434,1110.708,1112.471,1000,1000,1000,1000,1000,1000,1000,1000,1000,1000,1000,1000,1000,1000,1000,1000,1000,1000,1000,1000,1000,1150.813,1155.678,1161.759,1174.164,1000,1000,1000,1000,1000,1000,1000,1000,1000,1000,1000,1000,1000,1000,1000,1000,1000,1000,1000,1000,1000,1000,1000,1000,1000,1000,1000,1000,1000,1000,1000,1202.381,1201.165,1203.719,1203.719,1205.057,1207.246,1000,1000,1216.976,1224.76,1226.462,1228.408,1233.76,1237.408,1000,1243.733,1000,1000,1248.598,1000,1000,1146.434,1144.61,1144.61,1144.123,1144.61,1141.448,1000,1000,1000,1000,1000,1000,1000,1000,1000,1000,1000,1000,1000,1000,1000,1000,1000,1000,1000,1000,1000,1000,1000,1000,1000,1000,1000,1225.976,1000,1000,1000,1000,1000,1000,1000,1000,1000,1192.651,1000,1000,1000,1000,1000,1000,1000,1000,1000,1000,1000,1155.191,1153.732,1158.84,1177.083,1000,1000,1000,1146.069,1143.637,1000,1000,1000,1000,1000,1000,1000,1000,1000,1000,1000,1000,1000,1000,1000,1000,1000,1000,1000,1000,1000,1000,1000,1000,1000,1000,1000,1000,1000,1000,1000,1000,1000,1000,1000,1000,1000,1000,1000,1000,1000,1000,1000,1000,1283.625,1286.544,1288.49,1000,1000,1000,1000,1000,1000,1000,1000,1000,1000,1000,1000,1000,1000,1000,1000,1000,1000,1169.299,1167.597,1168.57,1167.597,1165.894,1164.191,1162.002,1000,1000,1000,1000,1000,1000,1000,1000,1000,1000,1000,1000,1000,1000,1000,1000,1000,1000,1000,1000,1000,1000,1000,1000,1000,1000,1000,1000,1000,1000,1254.436,1248.598,1251.03,1247.625,1245.679,1237.408,1234.49,1230.354,1228.408,1223.3,1222.814,1222.327,1210.651,1000,1000,1000,1000,1000,1000,1000,1000,1000,1000,1000,1000,1000,1000,1000,1000,1000,1000,1000,1000,1000,1000,1000,1000,1000,1228.408,1224.76,1223.3,1225.246,1227.679,1222.327,1219.895,1219.895,1215.273,1210.165,1210.651,1208.705,1202.867,1201.651,1200.8,1199.584,1199.219,1199.219,1200.435,1199.584,1196.665,1196.665,1196.3,1195.57,1194.84,1194.84,1194.232,1194.597,1193.259,1192.043,1192.651,1192.955,1192.955,1192.347,1194.597,1194.597,1194.232,1193.624,1192.651,1191.496,1191.192,1187.786,1186.205,1184.472,1183.955,1181.918,1182.161,1181.553,1181.447,1180.238,1180.094,1179.903,1179.729,1179.577,1179.622,1179.485,1179.295,1179.295,1179.219,1288.977,1280.22,1278.274,1275.841,1274.868,1276.814,1274.868,1271.949,1268.057,1267.084,1260.274,1265.139,1264.166,1255.409,1249.084,1248.111,1242.273,1233.516,1234.003,1228.652,1224.273,1225.246,1224.273,1225.246,1224.273,1222.327,1215.516,1211.138,1205.057,1205.543,1205.057,1203.354,1204.57,1205.057,1198.003,1196.543,1192.286,1189.61,1000,1000,1000,1000,1000,1000,1000,1000,1000,1000,1000,1000,1000,1000,1000,1000,1000,1000,1000,1000,1000,1000,1000,1000,1000,1000,1000,1000,1000,1000,1000,1000,1000,1000,1000,1000,1000,1000,1000,1000,1000,1000,1000,1000,1000,1000,1000,1000,1000,1000,1000,1000,1000,1000,1000,1000,1000,1000,1000,1000,1000,1000,1000,1000,1000,1000,1000,1000,1000,1000,1000,1000,1000,1000,1000,1000,1000,1000,1000,1000,1000,1000,1000,1000,1000,1000,1000,1000,1000,1000,1000,1000,1000,1000,1000,1000,1000,1000,1000,1000,1000
1000,1000,1000,1000,1000,1000,1000,1000,1000,1000,1000,1000,1000,1000,1000,1000,1000,1000,1000,1000,1000,1000,1000,1000,1000,1000,1000,1000,1000,1000,1000,1000,1000,1000,1000,1000,1000,1000,1000,1000,1000,1000,1000,1000,1000,1000,1000,1000,1000,1000,1000,1000,1000,1000,1000,1000,1000,1000,1000,1000,1000,1000,1000,1000,1000,1000,1000,1000,1000,1000,1000,1000,1000,1000,1000,1000,1000,1000,1000,1000,1000,1000,1000,1000,1000,1000,1000,1000,1000,1000,1000,1000,1000,1000,1000,1000,1000,1000,1000,1000,1000,1000,1000,1000,1000,1000,1000,1000,1000,1000,1000,1000,1000,1000,1000,1000,1000,1000,1000,1000,1000,1000,1000,1000,1000,1000,1000,1000,1000,1000,1000,1000,1000,1000,1000,1000,1000,1000,1000,1000,1000,1000,1000,1000,1000,1000,1000,1000,1000,1000,1107.53,1107.781,1108.024,1107.781,1107.675,1107.963,1108.397,1109.126,1109.552,1109.795,1000,1000,1000,1000,1000,1000,1000,1000,1000,1000,1000,1000,1000,1000,1000,1000,1000,1000,1000,1000,1137.677,1144.975,1150.813,1159.083,1164.678,1000,1000,1000,1000,1000,1000,1000,1000,1000,1000,1000,1000,1000,1000,1000,1000,1000,1000,1000,1000,1000,1000,1000,1000,1000,1000,1000,1000,1195.57,1000,1000,1000,1198.124,1197.394,1198.854,1198.854,1201.165,1203.719,1208.219,1000,1212.111,1216.489,1216.003,1216.489,1220.381,1000,1000,1231.814,1237.895,1000,1000,1000,1000,1139.745,1138.164,1137.677,1136.218,1135.488,1000,1000,1000,1000,1000,1000,1000,1000,1000,1000,1000,1000,1000,1000,1000,1000,1000,1000,1000,1000,1000,1000,1000,1000,1000,1000,1000,1218.192,1220.381,1000,1000,1000,1000,1000,1000,1000,1000,1000,1000,1000,1000,1000,1000,1000,1000,1000,1000,1000,1000,1155.191,1157.624,1000,1000,1000,1000,1151.056,1000,1155.799,1148.988,1145.34,1000,1000,1000,1000,1000,1000,1000,1000,1000,1000,1000,1000,1000,1265.625,1000,1000,1000,1000,1000,1000,1000,1000,1000,1000,1000,1000,1000,1000,1000,1000,1000,1000,1000,1000,1000,1000,1000,1000,1000,1000,1000,1000,1000,1261.733,1261.247,1000,1000,1000,1000,1000,1000,1000,1000,1000,1000,1000,1000,1000,1000,1000,1000,1000,1000,1000,1000,1164.678,1165.894,1165.894,1163.218,1162.002,1160.543,1150.205,1000,1000,1000,1000,1000,1000,1000,1000,1000,1000,1000,1000,1000,1000,1000,1000,1000,1000,1000,1000,1000,1000,1000,1000,1000,1000,1000,1000,1000,1242.273,1237.895,1239.354,1233.03,1231.084,1223.3,1219.895,1217.462,1217.462,1214.786,1216.003,1214.786,1210.165,1206.395,1000,1000,1000,1000,1000,1000,1000,1000,1000,1000,1000,1000,1000,1000,1000,1000,1000,1000,1000,1000,1000,1000,1000,1000,1000,1000,1214.3,1216.003,1219.895,1216.976,1214.3,1211.624,1207.732,1203.232,1201.651,1198.489,1194.597,1192.955,1192.651,1191.739,1191.739,1192.347,1192.347,1191.496,1190.097,1189.55,1189.002,1189.002,1187.786,1187.543,1187.117,1186.874,1186.205,1186.631,1186.874,1187.543,1187.543,1186.874,1188.029,1188.273,1188.516,1188.273,1187.543,1000,1186.631,1182.86,1181.234,1180.238,1179.843,1179.257,1179.371,1179.409,1179.485,1179.257,1179.143,1179.029,1285.085,1283.139,1282.166,1283.139,1276.814,1274.868,1270.003,1262.22,1254.436,1252.49,1252.49,1253.463,1255.409,1252.49,1248.111,1243.733,1000,1235.949,1239.841,1240.814,1234.003,1228.652,1226.706,1220.868,1213.57,1214.786,1209.192,1207.976,1209.678,1208.705,1208.705,1209.192,1206.273,1201.165,1198.003,1192.773,1190.462,1190.097,1188.394,1190.462,1189.246,1186.813,1185.232,1182.313,1177.57,1000,1000,1172.218,1000,1000,1000,1000,1000,1000,1000,1000,1000,1000,1000,1000,1000,1000,1000,1000,1000,1000,1000,1000,1000,1000,1000,1000,1000,1000,1000,1000,1000,1000,1000,1000,1000,1000,1000,1000,1000,1000,1000,1000,1000,1000,1000,1000,1000,1000,1000,1000,1000,1000,1000,1000,1000,1000,1000,1000,1000,1000,1000,1000,1000,1000,1000,1000,1000,1000,1000,1000,1000,1000,1000,1000,1000,1000,1000,1000,1000,1000,1000,1000,1000,1000,1000,1000,1000,1000,1000,1000,1000,1000,1000,1000,1000,1000,1000,1000,1000,1000
1000,1000,1000,1000,1000,1000,1000,1000,1000,1000,1000,1000,1000,1000,1000,1000,1000,1000,1000,1000,1000,1000,1000,1000,1000,1000,1000,1000,1000,1000,1000,1000,1000,1000,1000,1000,1000,1000,1000,1000,1000,1000,1000,1000,1000,1000,1000,1000,1000,1000,1000,1000,1000,1000,1000,1000,1000,1000,1000,1000,1000,1000,1000,1000,1000,1000,1000,1000,1000,1000,1000,1000,1000,1000,1000,1000,1000,1000,1000,1000,1000,1000,1000,1000,1000,1000,1000,1000,1000,1000,1000,1000,1000,1000,1000,1000,1000,1000,1000,1000,1000,1000,1000,1000,1000,1000,1000,1000,1000,1000,1000,1000,1000,1000,1000,1000,1000,1000,1000,1000,1000,1000,1000,1000,1000,1000,1000,1000,1000,1000,1000,1000,1000,1000,1000,1000,1000,1000,1000,1000,1000,1000,1000,1000,1000,1000,1000,1215.03,1215.03,1220.868,1107.218,1107.53,1107.675,1107.675,1107.447,1107.903,1108.237,1109.552,1110.16,1000,1000,1000,1000,1000,1000,1000,1000,1000,1000,1000,1000,1000,1000,1000,1000,1000,1000,1000,1000,1130.015,1135.731,1139.137,1143.272,1147.164,1153.245,1000,1000,1000,1000,1000,1000,1000,1000,1000,1000,1000,1000,1000,1000,1000,1000,1000,1000,1000,1000,1000,1000,1000,1000,1000,1000,1000,1000,1000,1190.097,1192.955,1192.955,1194.597,1194.232,1195.935,1196.665,1199.219,1199.219,1204.084,1207.732,1207.732,1211.138,1212.597,1209.678,1209.678,1000,1000,1000,1000,1000,1000,1000,1000,1000,1000,1000,1000,1000,1000,1000,1000,1000,1000,1000,1000,1000,1000,1000,1000,1000,1000,1000,1000,1000,1193.259,1196.665,1199.948,1203.232,1202.381,1205.057,1207.732,1207.732,1207.732,1210.165,1210.651,1214.786,1216.976,1218.192,1223.3,1229.138,1000,1000,1000,1000,1000,1000,1000,1000,1000,1000,1000,1000,1199.462,1000,1000,1150.326,1154.705,1156.407,1000,1000,1000,1000,1153.124,1158.597,1000,1000,1151.056,1000,1000,1000,1000,1000,1000,1000,1000,1000,1000,1000,1000,1256.868,1253.463,1250.057,1000,1258.328,1000,1000,1000,1000,1000,1000,1000,1272.922,1275.841,1000,1000,1000,1000,1131.444,1130.228,1000,1000,1000,1000,1000,1000,1000,1000,1000,1000,1000,1000,1245.679,1247.138,1256.868,1000,1000,1000,1000,1000,1000,1000,1000,1000,1000,1000,1000,1000,1000,1000,1000,1000,1000,1000,1168.083,1169.299,1168.083,1164.191,1162.002,1160.056,1152.637,1000,1000,1000,1000,1000,1000,1000,1000,1000,1000,1000,1000,1000,1000,1000,1000,1000,1000,1000,1000,1000,1000,1000,1000,1000,1000,1000,1000,1000,1000,1231.814,1229.138,1223.3,1221.111,1214.3,1211.138,1209.678,1208.705,1206.395,1205.422,1204.084,1200.435,1198.124,1193.867,1000,1000,1000,1000,1000,1186.631,1000,1000,1000,1000,1000,1000,1000,1000,1000,1000,1000,1000,1000,1000,1000,1000,1000,1000,1000,1000,1000,1000,1000,1208.219,1207.732,1202.867,1198.124,1195.57,1192.347,1190.097,1188.273,1188.516,1188.273,1188.516,1188.029,1187.543,1186.631,1185.019,1184.472,1183.773,1184.137,1183.469,1183.621,1183.469,1183.317,1182.572,1182.572,1182.86,1183.012,1182.708,1182.572,1184.137,1183.469,1183.621,1183.773,1183.621,1181.553,1181.127,1179.675,1179.295,1279.247,1272.922,1265.139,1269.031,1275.841,1280.22,1276.814,1273.895,1270.003,1264.166,1263.193,1262.22,1263.193,1256.382,1253.463,1248.111,1240.814,1236.435,1235.949,1235.949,1234.976,1235.949,1230.111,1225.246,1000,1000,1000,1217.462,1218.192,1214.057,1211.138,1211.624,1205.057,1201.651,1203.354,1200.678,1198.489,1200.192,1199.705,1196.543,1195.57,1192.773,1189.246,1186.327,1183.773,1183.043,1181.948,1181.948,1183.408,1181.583,1178.421,1177.874,1174.894,1000,1000,1000,1169.239,1169.391,1170.333,1000,1000,1000,1000,1000,1000,1000,1000,1000,1000,1000,1000,1000,1000,1000,1000,1000,1000,1000,1000,1000,1000,1000,1000,1000,1000,1000,1000,1000,1000,1000,1000,1000,1000,1000,1000,1000,1000,1000,1000,1000,1000,1000,1000,1000,1000,1000,1000,1000,1000,1000,1000,1000,1000,1000,1000,1000,1000,1000,1000,1000,1000,1000,1000,1000,1000,1000,1000,1000,1000,1000,1000,1000,1000,1000,1000,1000,1000,1000,1000,1000,1000,1000,1000,1000,1000,1000,1000,1000,1000,1000,1000,1000,1000,1000,1000
1000,1000,1000,1000,1000,1000,1000,1000,1000,1000,1000,1000,1000,1000,1000,1000,1000,1000,1000,1000,1000,1000,1000,1000,1000,1000,1000,1000,1000,1000,1000,1000,1000,1000,1000,1000,1000,1000,1000,1000,1000,1000,1000,1000,1000,1000,1000,1000,1000,1000,1000,1000,1000,1000,1000,1000,1000,1000,1000,1000,1000,1000,1000,1000,1000,1000,1000,1000,1000,1000,1000,1000,1000,1000,1000,1000,1000,1000,1000,1000,1000,1000,1000,1000,1000,1000,1000,1000,1000,1000,1000,1000,1000,1000,1000,1000,1000,1000,1000,1000,1000,1000,1000,1000,1000,1000,1000,1000,1000,1000,1000,1000,1000,1000,1000,1000,1000,1000,1000,1000,1000,1000,1000,1000,1000,1000,1000,1000,1000,1000,1000,1000,1000,1000,1000,1000,1000,1000,1000,1000,1000,1000,1000,1000,1000,1000,1216.003,1206.759,1204.813,1213.084,1107.066,1107.37,1107.621,1107.903,1107.621,1108.169,1108.647,1000,1000,1000,1000,1000,1000,1000,1000,1000,1000,1000,1000,1000,1000,1000,1000,1000,1000,1000,1000,1000,1000,1123.569,1130.38,1130.867,1135.245,1142.786,1148.38,1000,1000,1000,1000,1000,1000,1000,1000,1000,1000,1000,1000,1000,1000,1000,1000,1000,1000,1000,1000,1000,1000,1000,1000,1000,1000,1000,1000,1189.002,1188.516,1191.496,1190.888,1191.192,1189.793,1191.192,1189.793,1192.347,1191.496,1196.665,1000,1000,1000,1000,1000,1000,1000,1000,1000,1000,1000,1000,1000,1000,1000,1000,1000,1000,1000,1000,1000,1000,1000,1000,1000,1000,1000,1000,1000,1000,1184.472,1186.631,1189.307,1190.644,1192.043,1192.955,1194.597,1198.124,1200.8,1201.165,1202.381,1204.57,1204.57,1204.57,1206.395,1207.246,1209.192,1210.165,1209.678,1214.3,1218.192,1218.192,1221.597,1000,1000,1000,1000,1000,1000,1000,1000,1000,1238.381,1187.3,1160.543,1149.353,1148.38,1155.191,1162.489,1000,1000,1000,1000,1153.124,1000,1000,1000,1000,1000,1000,1000,1000,1000,1000,1000,1000,1000,1000,1000,1000,1243.733,1240.814,1236.679,1238.868,1243.733,1000,1000,1000,1000,1000,1000,1264.652,1000,1259.301,1000,1000,1000,1000,1132.265,1131.444,1131.201,1132.113,1131.839,1000,1000,1000,1000,1000,1000,1000,1000,1000,1235.219,1235.949,1241.787,1000,1000,1000,1000,1000,1000,1000,1000,1000,1000,1000,1000,1000,1000,1000,1000,1000,1000,1000,1000,1170.516,1171.732,1166.38,1159.57,1159.083,1152.637,1147.529,1000,1000,1000,1000,1000,1000,1000,1000,1000,1000,1000,1000,1000,1000,1000,1000,1000,1000,1000,1000,1000,1000,1000,1000,1000,1000,1000,1000,1000,1218.678,1214.786,1210.165,1208.219,1203.232,1202.016,1200.8,1199.948,1198.124,1197.759,1197.03,1194.84,1193.867,1191.739,1000,1000,1000,1000,1185.84,1186.448,1186.023,1185.597,1183.469,1182.435,1181.447,1181.127,1180.314,1000,1000,1000,1000,1000,1000,1000,1000,1000,1000,1000,1000,1000,1000,1000,1000,1000,1000,1196.3,1190.888,1188.759,1186.448,1185.84,1183.621,1184.137,1184.29,1184.137,1183.469,1183.469,1182.435,1181.796,1181.127,1180.823,1180.823,1180.557,1180.398,1180.557,1180.474,1180.094,1180.025,1180.17,1180.17,1180.025,1179.964,1180.93,1180.398,1180.314,1179.903,1179.843,1288.977,1284.112,1272.922,1271.949,1259.301,1256.382,1250.057,1252.003,1254.436,1257.355,1253.463,1251.03,1247.625,1242.273,1240.814,1240.814,1242.273,1236.435,1233.516,1226.706,1220.138,1216.733,1214.786,1215.516,1216.733,1218.192,1214.057,1211.138,1207.489,1000,1203.354,1202.867,1202.867,1198.489,1197.03,1195.57,1192.286,1188.759,1190.462,1189.246,1188.029,1188.394,1188.394,1186.813,1185.597,1183.773,1182.313,1180.246,1176.475,1175.137,1173.921,1174.408,1174.894,1174.164,1171.793,1171.397,1168.95,1000,1000,1000,1167.027,1166.935,1167.931,1167.505,1000,1000,1000,1000,1000,1000,1000,1000,1000,1000,1000,1000,1000,1000,1000,1000,1000,1000,1000,1000,1000,1000,1000,1000,1000,1000,1000,1000,1000,1000,1000,1000,1000,1000,1000,1000,1000,1000,1000,1000,1000,1000,1000,1000,1000,1000,1000,1000,1000,1000,1000,1000,1000,1000,1000,1000,1000,1000,1000,1000,1000,1000,1000,1000,1000,1000,1000,1000,1000,1000,1000,1000,1000,1000,1000,1000,1000,1000,1000,1000,1000,1000,1000,1000,1000,1000,1000,1000,1000,1000,1000,1000,1000,1000,1000
1000,1000,1000,1000,1000,1000,1000,1000,1000,1000,1000,1000,1000,1000,1000,1000,1000,1000,1000,1000,1000,1000,1000,1000,1000,1000,1000,1000,1000,1000,1000,1000,1000,1000,1000,1000,1000,1000,1000,1000,1000,1000,1000,1000,1000,1000,1000,1000,1000,1000,1000,1000,1000,1000,1000,1000,1000,1000,1000,1000,1000,1000,1000,1000,1000,1000,1000,1000,1000,1000,1000,1000,1000,1000,1000,1000,1000,1000,1000,1000,1000,1000,1000,1000,1000,1000,1000,1000,1000,1000,1000,1000,1000,1000,1000,1000,1000,1000,1000,1000,1000,1000,1000,1000,1000,1000,1000,1000,1000,1000,1000,1000,1000,1000,1000,1000,1000,1000,1000,1000,1000,1000,1000,1000,1000,1000,1000,1000,1000,1000,1000,1000,1000,1000,1000,1000,1000,1000,1000,1000,1000,1000,1000,1000,1000,1000,1000,1205.786,1214.057,1000,1000,1000,1000,1000,1000,1000,1000,1000,1000,1000,1000,1000,1000,1000,1000,1000,1000,1000,1000,1000,1000,1000,1000,1000,1000,1000,1000,1000,1111.012,1114.63,1119.495,1121.258,1125.394,1132.083,1138.65,1000,1000,1000,1000,1000,1000,1000,1242.273,1000,1000,1000,1000,1000,1000,1000,1000,1000,1179.447,1179.485,1179.622,1180.094,1000,1000,1000,1000,1000,1000,1000,1186.023,1185.84,1188.516,1188.029,1187.117,1186.448,1186.631,1000,1000,1000,1000,1000,1000,1000,1000,1000,1000,1000,1000,1000,1000,1000,1000,1000,1000,1000,1000,1000,1000,1000,1000,1000,1000,1000,1000,1000,1000,1000,1000,1181.918,1182.708,1183.165,1185.415,1187.3,1188.759,1189.55,1190.097,1191.192,1193.259,1193.867,1194.84,1197.03,1198.489,1199.948,1200.8,1201.651,1201.651,1202.867,1203.719,1205.057,1209.192,1214.3,1216.003,1218.678,1000,1000,1000,1000,1000,1000,1132.417,1129.878,1000,1000,1000,1155.921,1151.056,1148.38,1000,1000,1000,1000,1000,1000,1000,1000,1000,1000,1000,1000,1000,1000,1000,1000,1000,1000,1000,1000,1000,1000,1239.354,1231.814,1226.462,1222.814,1222.814,1224.76,1000,1000,1000,1000,1000,1000,1000,1000,1000,1243.246,1000,1000,1000,1134.242,1133.36,1133.877,1134.424,1134.819,1135.245,1136.704,1137.921,1000,1000,1000,1000,1232.3,1221.597,1221.597,1221.597,1227.192,1000,1000,1000,1000,1000,1000,1219.165,1000,1218.192,1000,1218.192,1000,1216.489,1000,1000,1000,1000,1000,1000,1000,1000,1174.164,1166.38,1160.543,1159.57,1151.786,1146.799,1000,1000,1000,1000,1000,1000,1000,1000,1000,1000,1000,1000,1000,1000,1000,1000,1000,1000,1000,1000,1000,1000,1000,1000,1000,1000,1000,1000,1000,1211.624,1206.395,1202.016,1200.435,1195.57,1194.597,1194.597,1192.955,1191.192,1191.739,1190.644,1188.759,1188.759,1187.543,1186.631,1000,1000,1000,1185.84,1184.472,1184.29,1183.469,1182.161,1181.675,1181.34,1180.93,1180.398,1000,1000,1000,1000,1000,1000,1000,1000,1000,1000,1000,1000,1000,1000,1000,1000,1000,1000,1000,1000,1184.837,1183.012,1183.469,1181.553,1183.012,1182.572,1182.435,1181.021,1180.732,1180.094,1179.843,1179.485,1179.485,1179.447,1179.295,1179.219,1179.333,1179.333,1179.333,1179.333,1179.485,1179.409,1179.257,1179.105,1179.295,1283.139,1275.841,1268.057,1270.003,1253.463,1000,1250.057,1250.057,1240.814,1241.3,1235.949,1234.003,1237.408,1242.273,1236.435,1233.516,1231.084,1225.733,1223.787,1223.787,1225.246,1220.868,1216.246,1209.678,1205.543,1204.57,1203.84,1205.057,1203.84,1204.57,1200.678,1198.489,1194.597,1193.259,1190.097,1188.759,1187.178,1185.962,1187.543,1187.178,1184.137,1182.678,1182.313,1179.637,1177.874,1177.874,1176.171,1176.171,1176.475,1175.928,1175.381,1173.495,1171.033,1169.999,1169.087,1169.391,1169.543,1169.087,1167.931,1168.174,1166.692,1000,1165.826,1000,1165.521,1165.446,1000,1000,1000,1000,1000,1000,1000,1000,1000,1000,1000,1000,1000,1000,1000,1000,1000,1000,1000,1000,1000,1000,1000,1000,1000,1000,1000,1000,1000,1000,1000,1000,1000,1000,1000,1000,1000,1000,1000,1000,1000,1000,1000,1000,1000,1000,1000,1000,1000,1000,1000,1000,1000,1000,1000,1000,1000,1000,1000,1000,1000,1000,1000,1000,1000,1000,1000,1000,1000,1000,1000,1000,1000,1000,1000,1000,1000,1000,1000,1000,1000,1000,1000,1000,1000,1000,1000,1000,1000,1000,1000,1000,1000,1000,1000,1000,1000
1000,1000,1000,1000,1000,1000,1000,1000,1000,1000,1000,1000,1000,1000,1000,1000,1000,1000,1000,1000,1000,1000,1000,1000,1000,1000,1000,1000,1000,1000,1000,1000,1000,1000,1000,1000,1000,1000,1000,1000,1000,1000,1000,1000,1000,1000,1000,1000,1000,1000,1000,1000,1000,1000,1000,1000,1000,1000,1000,1000,1000,1000,1000,1000,1000,1000,1000,1000,1000,1000,1000,1000,1000,1000,1000,1000,1000,1000,1000,1000,1000,1000,1000,1000,1000,1000,1000,1000,1000,1000,1000,1000,1000,1000,1000,1000,1000,1000,1000,1000,1000,1000,1000,1000,1000,1000,1000,1000,1000,1000,1000,1000,1000,1000,1000,1000,1000,1000,1000,1000,1000,1000,1000,1000,1000,1000,1000,1000,1000,1000,1000,1000,1000,1000,1000,1000,1000,1000,1000,1000,1000,1000,1000,1000,1000,1000,1000,1000,1000,1000,1000,1000,1000,1000,1000,1000,1000,1000,1000,1000,1000,1000,1000,1000,1000,1000,1000,1000,1000,1000,1000,1000,1000,1000,1000,1000,1000,1000,1000,1000,1000,1000,1000,1125.029,1000,1000,1000,1000,1000,1000,1000,1234.976,1233.516,1237.408,1234.003,1000,1000,1000,1000,1000,1000,1000,1179.105,1179.143,1179.219,1179.371,1000,1000,1000,1000,1000,1000,1000,1000,1000,1000,1000,1000,1000,1000,1000,1000,1000,1000,1000,1000,1000,1000,1000,1000,1000,1000,1000,1000,1000,1000,1000,1000,1000,1000,1000,1000,1000,1000,1000,1000,1000,1000,1000,1000,1181.234,1181.447,1181.553,1182.572,1182.572,1183.621,1184.837,1186.205,1186.448,1186.448,1187.543,1189.002,1189.793,1190.888,1192.347,1193.624,1195.57,1195.935,1197.394,1197.759,1198.854,1000,1000,1000,1000,1000,1000,1000,1000,1000,1000,1131.566,1132.265,1000,1000,1000,1000,1000,1151.542,1151.056,1149.84,1000,1000,1000,1000,1000,1000,1000,1000,1000,1000,1000,1000,1000,1000,1000,1000,1000,1000,1000,1000,1000,1000,1231.814,1227.679,1221.597,1215.273,1215.273,1217.462,1221.111,1000,1000,1000,1000,1000,1000,1000,1000,1000,1000,1000,1000,1135.002,1135.427,1136.704,1137.191,1137.434,1137.921,1138.164,1138.164,1137.191,1000,1000,1000,1000,1210.651,1210.165,1210.165,1216.003,1000,1000,1000,1000,1000,1206.395,1205.422,1207.246,1206.881,1208.219,1206.881,1210.165,1208.705,1208.705,1213.814,1000,1000,1000,1000,1000,1000,1168.083,1156.651,1151.056,1151.421,1145.705,1144.245,1000,1000,1000,1000,1000,1000,1000,1000,1000,1000,1000,1000,1000,1000,1000,1000,1000,1000,1000,1000,1000,1000,1000,1000,1000,1000,1000,1000,1000,1000,1198.854,1194.84,1192.955,1189.307,1188.516,1188.029,1186.205,1185.597,1186.205,1185.415,1184.837,1184.837,1183.773,1183.621,1000,1000,1000,1183.165,1181.796,1181.796,1181.127,1180.648,1180.557,1180.732,1180.648,1180.314,1179.729,1179.333,1285.085,1268.057,1257.355,1000,1000,1000,1000,1000,1000,1000,1000,1000,1000,1000,1000,1000,1000,1000,1000,1000,1000,1179.782,1181.021,1180.648,1180.823,1179.843,1179.447,1179.029,1285.085,1280.22,1278.274,1279.247,1276.814,1274.868,1279.247,1276.814,1278.274,1278.274,1284.112,1278.274,1276.814,1269.031,1269.031,1251.03,1245.679,1240.814,1245.679,1238.868,1237.408,1234.976,1232.057,1225.733,1224.273,1223.787,1222.327,1224.273,1227.192,1224.273,1216.246,1212.841,1208.705,1205.543,1205.543,1209.678,1206.273,1203.84,1197.03,1193.624,1191.8,1190.948,1191.435,1190.462,1189.246,1188.029,1188.029,1185.597,1184.867,1182.678,1181.583,1178.725,1177.57,1178.117,1177.874,1175.928,1175.381,1175.137,1173.009,1171.975,1171.215,1170.333,1171.033,1171.793,1171.793,1171.975,1170.516,1168.296,1167.399,1166.852,1166.616,1166.616,1166.221,1166.054,1166.282,1165.788,1271.463,1000,1000,1257.355,1252.49,1000,1000,1000,1000,1000,1000,1000,1000,1000,1000,1000,1000,1000,1000,1000,1000,1000,1000,1000,1000,1000,1000,1000,1000,1000,1000,1000,1000,1000,1000,1000,1000,1000,1000,1000,1000,1000,1000,1000,1000,1000,1000,1000,1000,1000,1000,1000,1000,1000,1000,1000,1000,1000,1000,1000,1000,1000,1000,1000,1000,1000,1000,1000,1000,1000,1000,1000,1000,1000,1000,1000,1000,1000,1000,1000,1000,1000,1000,1000,1000,1000,1000,1000,1000,1000,1000,1000,1000,1000,1000,1000,1000,1000,1000,1000,1000,1000
1000,1000,1000,1000,1000,1000,1000,1000,1000,1000,1000,1000,1000,1000,1000,1000,1000,1000,1000,1000,1000,1000,1000,1000,1000,1000,1000,1000,1000,1000,1000,1000,1000,1000,1000,1000,1000,1000,1000,1000,1000,1000,1000,1000,1000,1000,1000,1000,1000,1000,1000,1000,1000,1000,1000,1000,1000,1000,1000,1000,1000,1000,1000,1000,1000,1000,1000,1000,1000,1000,1000,1000,1000,1000,1000,1000,1000,1000,1000,1000,1000,1000,1000,1000,1000,1000,1000,1000,1000,1000,1000,1000,1000,1000,1000,1000,1000,1000,1000,1000,1000,1000,1000,1000,1000,1000,1000,1000,1000,1000,1108.609,1000,1000,1000,1000,1000,1000,1000,1000,1000,1000,1000,1000,1000,1000,1000,1000,1000,1000,1000,1000,1000,1000,1000,1000,1000,1000,1000,1000,1000,1000,1000,1000,1000,1000,1000,1000,1000,1000,1000,1000,1000,1000,1000,1000,1000,1000,1000,1000,1000,1000,1000,1000,1000,1000,1000,1000,1000,1000,1000,1000,1000,1000,1000,1000,1000,1000,1000,1000,1000,1000,1000,1000,1116.029,1118.643,1000,1000,1000,1000,1000,1228.165,1228.652,1227.192,1232.543,1231.084,1228.165,1000,1000,1000,1000,1000,1000,1000,1000,1000,1000,1000,1000,1000,1000,1000,1000,1000,1000,1000,1000,1000,1000,1000,1000,1000,1000,1000,1000,1000,1000,1000,1000,1000,1000,1000,1000,1000,1000,1000,1000,1000,1000,1000,1000,1000,1000,1000,1000,1000,1179.181,1000,1179.577,1179.577,1179.903,1180.238,1180.17,1180.094,1180.474,1180.557,1181.021,1181.796,1183.317,1183.317,1183.317,1184.137,1185.597,1186.205,1188.029,1189.793,1190.644,1192.043,1192.651,1192.955,1000,1000,1000,1000,1000,1000,1000,1000,1000,1000,1000,1000,1000,1000,1000,1000,1000,1000,1000,1000,1000,1000,1000,1000,1000,1000,1000,1408.654,1309.751,1000,1000,1000,1000,1000,1000,1000,1000,1000,1182.435,1000,1000,1000,1000,1000,1222.814,1219.165,1216.003,1207.732,1207.246,1000,1000,1000,1000,1000,1000,1000,1000,1000,1000,1000,1000,1000,1000,1000,1135.853,1137.434,1136.522,1137.191,1137.921,1137.434,1137.921,1137.921,1136.522,1000,1000,1000,1207.246,1205.422,1207.246,1000,1000,1000,1000,1000,1000,1195.205,1195.205,1197.394,1198.124,1198.124,1197.759,1199.584,1199.948,1201.165,1206.395,1000,1000,1000,1000,1000,1000,1000,1000,1000,1000,1145.705,1142.36,1000,1000,1000,1000,1000,1000,1000,1000,1000,1000,1000,1000,1000,1000,1000,1000,1000,1000,1000,1000,1000,1000,1000,1000,1000,1000,1000,1000,1000,1000,1000,1189.793,1188.029,1185.597,1185.232,1185.019,1183.012,1182.708,1182.708,1181.918,1181.127,1181.447,1180.823,1180.732,1180.557,1000,1181.447,1180.732,1179.903,1179.782,1179.485,1179.295,1179.295,1179.371,1179.447,1179.219,1179.105,1288.004,1280.22,1262.22,1255.409,1000,1000,1000,1000,1000,1000,1000,1000,1000,1000,1000,1000,1000,1000,1000,1000,1000,1000,1000,1000,1000,1000,1282.166,1283.139,1272.922,1272.922,1268.057,1270.003,1268.057,1266.111,1262.22,1266.111,1261.247,1259.301,1256.382,1261.247,1248.111,1247.625,1243.733,1243.733,1230.111,1228.652,1226.706,1228.165,1224.273,1220.868,1219.408,1217.462,1211.138,1209.678,1209.678,1208.705,1208.705,1211.624,1208.705,1203.354,1200.678,1197.516,1195.084,1195.084,1197.516,1193.624,1190.462,1186.813,1184.502,1183.043,1183.408,1184.137,1183.408,1182.313,1180.975,1180.975,1179.333,1178.725,1175.928,1175.685,1173.678,1172.583,1172.401,1172.218,1171.033,1170.85,1169.847,1168.539,1167.718,1166.776,1166.403,1167.11,1167.718,1168.174,1168.539,1167.825,1166.616,1166.107,1165.712,1165.712,1165.56,1273.409,1268.544,1273.409,1260.274,1000,1000,1000,1237.408,1235.463,1000,1000,1000,1000,1000,1000,1000,1000,1000,1000,1000,1000,1000,1000,1000,1000,1000,1000,1000,1000,1000,1000,1000,1000,1000,1000,1000,1000,1000,1000,1000,1000,1000,1000,1000,1000,1000,1000,1000,1000,1000,1000,1000,1000,1000,1000,1000,1000,1000,1000,1000,1000,1000,1000,1000,1000,1000,1000,1000,1000,1000,1000,1000,1000,1000,1000,1000,1000,1000,1000,1000,1000,1000,1000,1000,1000,1000,1000,1000,1000,1000,1000,1000,1000,1000,1000,1000,1000,1000,1000,1000,1000,1000,1000,1000,1000,1000
1000,1000,1000,1000,1000,1000,1000,1000,1000,1000,1000,1000,1000,1000,1000,1000,1000,1000,1000,1000,1000,1000,1000,1000,1000,1000,1000,1000,1000,1000,1000,1000,1000,1000,1000,1000,1000,1000,1000,1000,1000,1000,1000,1000,1000,1000,1000,1000,1000,1000,1000,1000,1000,1000,1000,1000,1000,1000,1000,1000,1000,1000,1000,1000,1000,1000,1000,1000,1000,1000,1000,1000,1000,1000,1000,1000,1000,1000,1000,1000,1000,1000,1000,1000,1000,1000,1000,1000,1000,1000,1000,1000,1000,1000,1000,1000,1000,1000,1000,1000,1000,1000,1000,1000,1000,1000,1000,1000,1000,1000,1106.542,1112.137,1112.501,1113.109,1000,1000,1000,1000,1000,1000,1000,1000,1000,1000,1000,1000,1000,1000,1000,1000,1000,1000,1000,1000,1000,1000,1000,1000,1000,1000,1000,1000,1000,1000,1000,1000,1000,1000,1000,1000,1000,1000,1000,1000,1000,1000,1000,1000,1000,1000,1000,1000,1000,1000,1000,1000,1000,1000,1000,1000,1000,1000,1000,1000,1000,1000,1000,1000,1000,1000,1000,1000,1000,1000,1000,1000,1000,1000,1000,1000,1216.733,1217.462,1216.246,1222.327,1220.868,1218.678,1219.408,1000,1000,1000,1000,1000,1000,1000,1000,1000,1000,1000,1000,1000,1000,1000,1000,1000,1000,1000,1000,1000,1000,1000,1000,1000,1000,1000,1000,1000,1000,1000,1000,1000,1128.799,1000,1000,1000,1000,1000,1000,1000,1000,1000,1000,1000,1000,1000,1000,1281.193,1285.085,1289.95,1179.029,1179.333,1179.485,1179.622,1179.622,1179.843,1179.903,1180.17,1180.314,1181.34,1181.553,1181.675,1182.039,1183.621,1184.29,1186.023,1187.3,1189.002,1190.888,1190.888,1190.888,1000,1000,1000,1000,1000,1000,1000,1000,1000,1000,1000,1000,1000,1000,1000,1000,1000,1000,1000,1000,1000,1000,1000,1000,1000,1000,1000,1000,1000,1000,1000,1186.023,1000,1000,1000,1000,1000,1183.955,1182.298,1181.553,1000,1000,1000,1000,1000,1000,1209.678,1000,1000,1000,1000,1000,1000,1000,1000,1000,1000,1000,1000,1000,1000,1000,1000,1000,1136.522,1137.434,1136.948,1137.191,1137.434,1136.948,1137.434,1137.191,1136.279,1000,1000,1000,1000,1000,1000,1000,1000,1000,1000,1000,1000,1191.192,1190.34,1191.192,1191.192,1191.192,1190.097,1192.043,1193.259,1194.597,1197.759,1000,1000,1000,1000,1000,1000,1000,1000,1000,1000,1000,1000,1000,1000,1000,1000,1000,1000,1000,1000,1000,1000,1000,1000,1000,1000,1000,1000,1000,1000,1000,1000,1000,1000,1000,1000,1000,1000,1000,1000,1000,1000,1000,1000,1182.86,1182.298,1182.435,1182.572,1181.234,1180.93,1180.823,1180.025,1179.622,1179.782,1179.577,1179.409,1179.371,1000,1179.843,1179.577,1179.257,1179.143,1288.004,1280.22,1278.274,1280.22,1287.031,1280.22,1280.22,1278.274,1272.922,1259.301,1254.436,1243.246,1000,1000,1000,1000,1000,1000,1000,1000,1000,1000,1000,1000,1000,1000,1000,1000,1000,1000,1000,1000,1000,1000,1000,1250.057,1249.084,1247.625,1253.463,1252.003,1252.003,1250.057,1252.003,1246.652,1242.273,1234.976,1234.976,1224.273,1222.327,1217.462,1222.327,1214.786,1214.786,1212.841,1212.354,1207.976,1202.867,1201.651,1200.192,1197.516,1197.03,1198.003,1198.003,1197.03,1198.975,1196.057,1191.8,1188.029,1186.327,1183.773,1183.408,1185.232,1183.408,1181.583,1179.333,1177.266,1176.171,1176.171,1176.719,1176.171,1175.381,1174.894,1174.651,1173.678,1173.921,1172.218,1171.397,1170.151,1168.95,1168.813,1168.539,1168.053,1167.612,1166.776,1166.107,1165.75,1273.409,1271.463,1165.56,1165.864,1166.16,1166.548,1166.221,1165.636,1271.463,1263.193,1256.382,1248.598,1238.868,1236.435,1236.435,1234.49,1233.03,1231.084,1227.679,1216.003,1000,1000,1000,1000,1000,1000,1000,1000,1000,1000,1000,1000,1000,1000,1000,1000,1000,1000,1000,1000,1000,1000,1000,1000,1000,1000,1000,1000,1000,1000,1000,1000,1000,1000,1000,1000,1000,1000,1000,1000,1000,1000,1000,1000,1000,1000,1000,1000,1000,1000,1000,1000,1000,1000,1000,1000,1000,1000,1000,1000,1000,1000,1000,1000,1000,1000,1000,1000,1000,1000,1000,1000,1000,1000,1000,1000,1000,1000,1000,1000,1000,1000,1000,1000,1000,1000,1000,1000,1000,1000,1000,1000,1000,1000,1000,1000,1000,1000
1000,1000,1000,1000,1000,1000,1000,1000,1000,1000,1000,1000,1000,1000,1000,1000,1000,1000,1000,1000,1000,1000,1000,1000,1000,1000,1000,1000,1000,1000,1000,1000,1000,1000,1000,1000,1000,1000,1000,1000,1000,1000,1000,1000,1000,1000,1000,1000,1000,1000,1000,1000,1000,1000,1000,1000,1000,1000,1000,1000,1000,1000,1000,1000,1000,1000,1000,1000,1000,1000,1000,1000,1000,1000,1000,1000,1000,1000,1000,1000,1000,1000,1000,1000,1000,1000,1000,1000,1000,1000,1000,1000,1000,1000,1000,1000,1000,1000,1000,1000,1000,1000,1000,1000,1000,1000,1000,1000,1000,1000,1000,1000,1113.474,1000,1116.393,1000,1000,1000,1000,1000,1000,1000,1000,1000,1000,1000,1000,1000,1000,1000,1000,1000,1000,1226.219,1000,1000,1000,1000,1000,1000,1000,1000,1000,1000,1000,1000,1000,1000,1000,1000,1166.107,1166.852,1167.201,1167.505,1167.825,1167.825,1000,1000,1000,1167.201,1167.505,1000,1000,1000,1000,1000,1000,1000,1000,1000,1000,1000,1000,1000,1000,1000,1000,1000,1000,1000,1000,1000,1000,1000,1000,1000,1000,1000,1000,1000,1000,1198.975,1202.867,1205.543,1205.057,1000,1000,1000,1000,1000,1000,1000,1000,1000,1000,1000,1000,1000,1000,1000,1000,1000,1000,1000,1000,1000,1000,1000,1000,1000,1000,1000,1000,1000,1000,1000,1000,1000,1123.569,1122.231,1123.569,1125.758,1000,1000,1000,1226.706,1232.543,1234.976,1233.516,1000,1000,1000,1000,1000,1000,1272.922,1278.274,1279.247,1280.22,1282.166,1289.95,1179.029,1179.029,1179.181,1179.295,1179.219,1179.333,1179.782,1179.964,1180.025,1180.557,1000,1182.86,1183.955,1000,1188.516,1191.192,1000,1000,1000,1000,1000,1000,1000,1000,1000,1000,1000,1000,1000,1000,1000,1000,1000,1000,1000,1000,1000,1000,1000,1000,1000,1000,1000,1000,1000,1000,1000,1181.796,1181.796,1183.469,1183.621,1185.415,1000,1000,1000,1181.918,1181.234,1181.234,1181.447,1000,1000,1000,1000,1000,1000,1000,1000,1152.379,1000,1000,1000,1128.814,1000,1000,1000,1000,1000,1000,1000,1000,1133.694,1000,1000,1000,1137.921,1137.677,1137.677,1137.434,1137.434,1136.704,1136.279,1000,1000,1000,1000,1000,1000,1000,1000,1000,1000,1000,1000,1188.273,1186.023,1187.3,1186.448,1186.874,1185.84,1188.029,1188.273,1191.739,1193.259,1000,1000,1000,1000,1000,1000,1000,1000,1000,1000,1000,1000,1000,1000,1000,1000,1000,1000,1000,1000,1000,1000,1000,1000,1000,1000,1000,1000,1000,1000,1000,1000,1000,1000,1000,1000,1000,1000,1000,1000,1000,1000,1000,1000,1000,1000,1179.843,1180.238,1179.843,1179.675,1179.782,1179.295,1179.105,1179.105,1288.004,1281.193,1279.247,1000,1283.139,1284.112,1274.868,1272.922,1267.084,1262.22,1259.301,1258.328,1262.22,1256.382,1256.382,1258.328,1255.409,1246.652,1246.652,1238.868,1226.706,1000,1000,1000,1000,1000,1000,1000,1000,1000,1000,1000,1000,1000,1000,1000,1000,1000,1000,1000,1000,1000,1000,1000,1000,1000,1000,1000,1243.246,1243.733,1243.733,1238.381,1000,1000,1000,1000,1205.543,1202.381,1203.84,1201.165,1202.381,1200.678,1198.975,1197.03,1193.624,1191.8,1189.246,1187.543,1186.813,1186.327,1184.867,1184.867,1185.232,1183.043,1180.002,1178.421,1177.57,1176.475,1175.928,1176.719,1176.171,1175.137,1173.252,1172.401,1171.215,1171.215,1171.033,1170.85,1169.999,1169.543,1169.239,1168.539,1168.418,1167.308,1167.201,1166.692,1166.282,1166.107,1166.221,1166,1165.826,1165.521,1274.382,1268.544,1253.463,1253.463,1257.355,1260.274,1263.193,1269.517,1265.625,1257.355,1249.571,1246.652,1235.463,1230.111,1222.327,1221.354,1218.435,1220.381,1218.435,1215.03,1205.057,1199.219,1000,1000,1000,1000,1000,1000,1000,1000,1000,1000,1000,1000,1000,1000,1000,1000,1000,1000,1000,1000,1000,1000,1000,1000,1000,1000,1000,1000,1000,1000,1000,1000,1000,1000,1000,1000,1000,1000,1000,1000,1000,1000,1000,1000,1000,1000,1000,1000,1000,1000,1000,1000,1000,1000,1000,1000,1000,1000,1000,1000,1000,1000,1000,1000,1000,1000,1000,1000,1000,1000,1000,1000,1000,1000,1000,1000,1000,1000,1000,1000,1000,1000,1000,1000,1000,1000,1000,1000,1000,1000,1000,1000,1000,1000,1000,1000,1000,1000
1000,1000,1000,1000,1000,1000,1000,1000,1000,1000,1000,1000,1000,1000,1000,1000,1000,1000,1000,1000,1000,1000,1000,1000,1000,1000,1000,1000,1000,1000,1000,1000,1000,1000,1000,1000,1000,1000,1000,1000,1000,1000,1000,1000,1000,1000,1000,1000,1000,1000,1000,1000,1000,1000,1000,1000,1000,1000,1000,1000,1000,1000,1000,1000,1000,1000,1000,1000,1000,1000,1000,1000,1000,1000,1000,1000,1000,1000,1000,1000,1000,1000,1000,1000,1000,1000,1000,1000,1000,1000,1000,1000,1000,1000,1000,1000,1000,1000,1000,1000,1000,1000,1000,1000,1000,1000,1000,1000,1000,1000,1000,1121.137,1119.069,1118.704,1000,1000,1000,1000,1000,1000,1000,1000,1243.246,1000,1000,1000,1000,1000,1000,1000,1000,1000,1000,1000,1000,1000,1000,1000,1000,1000,1000,1000,1000,1000,1000,1000,1000,1000,1000,1000,1269.517,1165.484,1165.56,1165.826,1165.826,1166.054,1165.75,1165.909,1165.955,1166.221,1166.343,1166.852,1166.343,1000,1000,1000,1000,1000,1000,1000,1000,1000,1000,1000,1000,1000,1000,1000,1000,1000,1000,1000,1000,1000,1000,1000,1000,1000,1000,1000,1000,1000,1000,1000,1000,1000,1000,1000,1000,1000,1000,1000,1000,1000,1000,1000,1000,1000,1000,1000,1000,1000,1000,1000,1000,1000,1000,1000,1000,1000,1000,1000,1000,1000,1000,1000,1000,1000,1124.299,1123.204,1123.569,1125.394,1000,1000,1000,1221.597,1226.706,1229.625,1228.652,1228.165,1000,1000,1000,1000,1000,1242.273,1256.382,1260.274,1265.139,1269.031,1276.814,1281.193,1282.166,1289.95,1179.143,1289.95,1288.004,1179.333,1179.409,1000,1180.557,1000,1000,1000,1000,1000,1000,1000,1000,1000,1000,1000,1000,1000,1000,1000,1000,1000,1000,1000,1000,1000,1000,1000,1000,1000,1000,1000,1000,1000,1000,1000,1000,1000,1000,1000,1179.729,1179.782,1179.577,1179.622,1180.314,1180.314,1181.553,1000,1000,1000,1180.823,1180.557,1180.823,1180.93,1000,1000,1000,1000,1000,1000,1000,1000,1000,1000,1000,1000,1128.7,1000,1000,1000,1000,1000,1000,1000,1000,1000,1000,1000,1000,1000,1000,1000,1000,1137.434,1136.522,1136.704,1000,1134.637,1000,1000,1000,1000,1000,1000,1000,1000,1000,1000,1000,1185.232,1186.023,1184.29,1183.773,1182.572,1183.621,1183.621,1186.631,1186.631,1000,1000,1000,1000,1000,1000,1000,1000,1000,1000,1000,1000,1000,1000,1000,1000,1000,1000,1000,1000,1000,1000,1000,1000,1000,1000,1000,1000,1000,1000,1000,1000,1000,1000,1000,1000,1000,1000,1000,1000,1000,1000,1000,1000,1000,1000,1000,1000,1000,1284.112,1285.085,1280.22,1278.274,1274.868,1271.949,1267.084,1264.166,1000,1256.382,1256.382,1253.463,1250.057,1251.03,1248.111,1245.679,1245.679,1247.625,1241.3,1241.3,1242.273,1239.841,1235.949,1234.003,1225.246,1219.408,1000,1000,1000,1000,1000,1000,1000,1000,1000,1000,1000,1000,1000,1000,1000,1000,1000,1000,1000,1000,1000,1000,1000,1000,1000,1000,1000,1000,1000,1000,1000,1000,1000,1000,1000,1196.543,1195.084,1196.057,1193.624,1192.773,1191.8,1189.246,1186.813,1184.137,1183.408,1180.61,1179.637,1178.725,1178.725,1177.874,1177.023,1176.171,1174.164,1172.401,1170.85,1170.516,1170.516,1170.668,1171.033,1170.516,1169.999,1168.95,1168.296,1167.825,1168.053,1167.612,1167.505,1166.776,1166.343,1166,1166,1165.826,1165.598,1165.674,1165.56,1271.463,1270.49,1273.409,1266.598,1261.247,1254.436,1245.679,1241.787,1234.49,1234.003,1238.381,1241.787,1242.76,1245.679,1243.733,1238.381,1232.057,1227.679,1219.895,1216.489,1209.435,1206.516,1203.111,1203.111,1201.165,1200.435,1193.867,1000,1000,1000,1000,1000,1000,1000,1000,1000,1000,1000,1000,1000,1000,1000,1000,1000,1000,1000,1000,1000,1000,1000,1000,1000,1000,1000,1000,1000,1000,1000,1000,1000,1000,1000,1000,1000,1000,1000,1000,1000,1000,1000,1000,1000,1000,1000,1000,1000,1000,1000,1000,1000,1000,1000,1000,1000,1000,1000,1000,1000,1000,1000,1000,1000,1000,1000,1000,1000,1000,1000,1000,1000,1000,1000,1000,1000,1000,1000,1000,1000,1000,1000,1000,1000,1000,1000,1000,1000,1000,1000,1000,1000,1000,1000,1000,1000,1000,1000
1000,1000,1000,1000,1000,1000,1000,1000,1000,1000,1000,1000,1000,1000,1000,1000,1000,1000,1000,1000,1000,1000,1000,1000,1000,1000,1000,1000,1000,1000,1000,1000,1000,1000,1000,1000,1000,1000,1000,1000,1000,1000,1000,1000,1000,1000,1000,1000,1000,1000,1000,1000,1000,1000,1000,1000,1000,1000,1000,1000,1000,1000,1000,1000,1000,1000,1000,1000,1000,1000,1000,1000,1000,1000,1000,1000,1000,1000,1000,1000,1000,1000,1000,1000,1000,1000,1000,1000,1000,1000,1000,1000,1000,1000,1000,1000,1000,1000,1000,1000,1000,1000,1000,1000,1000,1000,1000,1000,1000,1000,1000,1119.069,1118.704,1116.758,1000,1000,1000,1000,1000,1000,1000,1000,1231.814,1233.76,1237.408,1240.814,1253.463,1000,1000,1000,1000,1000,1000,1000,1000,1000,1000,1000,1000,1000,1000,1000,1000,1000,1000,1000,1000,1000,1000,1000,1000,1000,1258.328,1263.193,1267.571,1274.382,1268.544,1271.463,1273.409,1276.328,1165.56,1165.955,1165.826,1165.826,1000,1000,1000,1000,1000,1000,1000,1000,1000,1000,1000,1000,1000,1000,1000,1000,1000,1000,1000,1000,1000,1000,1000,1000,1000,1000,1000,1000,1000,1000,1000,1000,1000,1000,1000,1000,1000,1000,1000,1000,1000,1000,1000,1000,1000,1000,1000,1000,1000,1000,1000,1000,1000,1000,1181.219,1000,1000,1184.502,1000,1000,1000,1000,1000,1000,1123.569,1122.231,1122.231,1124.299,1000,1000,1000,1214.786,1218.678,1220.138,1220.868,1220.868,1217.462,1216.246,1000,1000,1000,1000,1000,1245.679,1250.057,1252.003,1257.355,1268.057,1272.922,1283.139,1179.067,1179.219,1000,1000,1000,1000,1000,1000,1000,1000,1000,1000,1000,1000,1000,1000,1000,1000,1000,1000,1000,1328.869,1000,1000,1000,1188.273,1000,1000,1000,1000,1000,1000,1000,1000,1327.653,1316.099,1304.058,1000,1000,1000,1000,1263.193,1282.166,1179.105,1288.977,1179.029,1179.409,1179.485,1000,1000,1000,1000,1179.447,1179.577,1179.675,1000,1000,1000,1000,1000,1000,1000,1000,1000,1000,1000,1000,1000,1128.51,1000,1000,1000,1000,1000,1000,1000,1000,1000,1000,1000,1000,1000,1000,1000,1000,1000,1000,1000,1000,1000,1000,1000,1000,1000,1000,1224.273,1211.624,1000,1000,1000,1000,1000,1000,1000,1000,1000,1180.648,1180.398,1000,1000,1000,1000,1000,1000,1000,1276.814,1287.031,1289.95,1285.085,1279.247,1270.003,1253.463,1000,1000,1000,1000,1000,1000,1000,1000,1000,1000,1000,1000,1000,1000,1000,1000,1000,1000,1000,1000,1000,1000,1000,1000,1000,1000,1000,1000,1000,1000,1000,1000,1000,1000,1000,1000,1000,1000,1000,1257.355,1255.409,1252.49,1252.003,1249.084,1000,1000,1236.435,1240.814,1235.949,1234.003,1236.435,1233.516,1231.084,1230.111,1232.057,1225.246,1225.246,1223.057,1220.138,1213.57,1212.841,1203.354,1198.489,1000,1190.948,1000,1000,1000,1000,1000,1000,1000,1000,1000,1000,1109.339,1108.397,1107.842,1000,1000,1000,1000,1000,1000,1000,1000,1000,1000,1000,1000,1000,1000,1000,1000,1000,1000,1000,1000,1187.543,1188.394,1188.759,1188.394,1185.962,1184.502,1180.61,1176.719,1175.137,1174.894,1173.495,1173.009,1173.252,1172.583,1171.793,1171.397,1170.516,1169.239,1168.95,1167.931,1167.612,1167.612,1167.931,1167.612,1167.718,1167.308,1167.027,1166.548,1166.343,1166.16,1165.909,1165.712,1165.446,1269.517,1263.193,1263.193,1262.22,1255.409,1257.355,1257.355,1251.517,1250.544,1250.544,1245.679,1237.408,1231.084,1227.679,1227.192,1221.354,1221.354,1222.814,1218.922,1216.489,1217.462,1214.543,1213.084,1213.084,1210.165,1203.111,1202.624,1195.57,1191.435,1190.219,1191.435,1189.732,1189.246,1183.894,1000,1000,1000,1000,1000,1000,1000,1000,1000,1000,1000,1000,1000,1000,1000,1000,1000,1000,1000,1000,1000,1000,1000,1000,1000,1000,1000,1000,1000,1000,1000,1000,1000,1000,1000,1000,1000,1000,1000,1000,1000,1000,1000,1000,1000,1000,1000,1000,1000,1000,1000,1000,1000,1000,1000,1000,1000,1000,1000,1000,1000,1000,1000,1000,1000,1000,1000,1000,1000,1000,1000,1000,1000,1000,1000,1000,1000,1000,1000,1000,1000,1000,1000,1000,1000,1000,1000,1000,1000,1000,1000,1000,1000,1000,1000,1000,1000,1000,1000
1000,1000,1000,1000,1000,1000,1000,1000,1000,1000,1000,1000,1000,1000,1000,1000,1000,1000,1000,1000,1000,1000,1000,1000,1000,1000,1000,1000,1000,1000,1000,1000,1000,1000,1000,1000,1000,1000,1000,1000,1000,1000,1000,1000,1000,1000,1000,1000,1000,1000,1000,1000,1000,1000,1000,1000,1000,1000,1000,1000,1000,1000,1000,1000,1000,1000,1000,1000,1000,1000,1000,1000,1000,1000,1000,1000,1000,1000,1000,1000,1000,1000,1000,1000,1000,1000,1000,1000,1000,1000,1000,1000,1000,1000,1000,1000,1000,1000,1000,1000,1000,1000,1000,1000,1000,1000,1000,1000,1000,1000,1000,1119.434,1117.488,1116.758,1000,1000,1000,1000,1000,1000,1000,1000,1000,1000,1000,1000,1000,1000,1000,1000,1000,1000,1000,1000,1000,1000,1000,1000,1000,1000,1000,1000,1000,1000,1000,1216.003,1217.462,1000,1222.814,1222.327,1226.219,1233.03,1238.381,1243.733,1248.598,1252.49,1250.544,1254.436,1258.328,1262.22,1271.463,1165.712,1165.712,1165.75,1000,1000,1000,1000,1000,1000,1000,1000,1000,1000,1000,1000,1000,1000,1000,1000,1000,1000,1000,1000,1000,1000,1000,1000,1000,1000,1000,1000,1000,1000,1000,1000,1000,1000,1000,1000,1000,1000,1000,1000,1000,1000,1000,1000,1000,1000,1000,1000,1000,1000,1000,1000,1000,1000,1177.874,1178.725,1179.637,1182.678,1182.313,1000,1000,1000,1000,1000,1121.866,1122.231,1121.866,1000,1000,1000,1198.489,1207.489,1211.624,1214.057,1215.516,1216.733,1213.57,1212.354,1211.138,1000,1000,1000,1000,1000,1000,1000,1000,1257.355,1000,1000,1000,1000,1000,1000,1000,1000,1000,1000,1000,1000,1000,1000,1000,1000,1000,1000,1000,1000,1000,1000,1314.518,1320.112,1000,1000,1166.989,1000,1000,1000,1000,1000,1000,1000,1000,1000,1000,1000,1000,1000,1000,1000,1000,1000,1000,1000,1268.057,1267.084,1278.274,1281.193,1000,1000,1000,1000,1179.257,1179.333,1000,1000,1000,1000,1000,1000,1000,1128.434,1240.327,1239.354,1231.571,1227.192,1233.516,1235.463,1000,1000,1000,1000,1000,1000,1000,1000,1000,1000,1000,1317.923,1000,1000,1000,1000,1000,1000,1000,1000,1000,1000,1000,1000,1000,1132.265,1129.878,1128.89,1230.598,1210.651,1000,1000,1000,1000,1000,1000,1000,1000,1000,1000,1000,1000,1000,1000,1000,1261.247,1256.382,1261.247,1269.031,1271.949,1270.976,1267.084,1261.247,1252.003,1000,1000,1000,1000,1000,1186.813,1000,1000,1000,1000,1000,1000,1000,1000,1000,1000,1000,1000,1000,1000,1000,1000,1000,1000,1000,1000,1000,1000,1000,1000,1000,1000,1000,1000,1000,1000,1000,1000,1000,1000,1000,1000,1000,1000,1000,1000,1000,1225.733,1223.057,1221.597,1225.246,1221.597,1218.678,1216.733,1218.192,1212.841,1212.841,1212.354,1000,1000,1000,1192.286,1186.327,1184.502,1183.773,1180.246,1183.408,1185.232,1187.178,1188.029,1000,1000,1000,1000,1110.708,1109.795,1108.822,1000,1000,1000,1000,1000,1000,1000,1000,1000,1000,1000,1000,1000,1000,1000,1000,1000,1000,1000,1000,1000,1000,1182.678,1181.219,1180.975,1177.874,1177.023,1174.651,1172.401,1171.215,1170.85,1169.695,1169.239,1169.391,1168.95,1168.676,1168.296,1167.612,1166.852,1166.472,1166,1165.788,1165.826,1165.909,1165.788,1165.826,1165.75,1165.598,1165.407,1165.407,1273.409,1266.598,1260.274,1254.436,1245.679,1240.814,1242.76,1240.814,1237.408,1238.381,1238.381,1232.057,1230.111,1000,1223.787,1218.435,1216.489,1212.111,1215.03,1208.705,1207.246,1205.057,1201.895,1195.57,1199.219,1196.786,1196.057,1196.057,1193.867,1187.056,1187.543,1182.435,1180.002,1177.813,1179.637,1177.813,1178.664,1000,1000,1000,1000,1000,1000,1000,1000,1000,1000,1000,1000,1000,1000,1000,1000,1000,1000,1000,1000,1000,1000,1000,1000,1000,1000,1000,1000,1000,1000,1000,1000,1000,1000,1000,1000,1000,1000,1000,1000,1000,1000,1000,1000,1000,1000,1000,1000,1000,1000,1000,1000,1000,1000,1000,1000,1000,1000,1000,1000,1000,1000,1000,1000,1000,1000,1000,1000,1000,1000,1000,1000,1000,1000,1000,1000,1000,1000,1000,1000,1000,1000,1000,1000,1000,1000,1000,1000,1000,1000,1000,1000,1000,1000,1000,1000,1000,1000,1000,1000
1000,1000,1000,1000,1000,1000,1000,1000,1000,1000,1000,1000,1000,1000,1000,1000,1000,1000,1000,1000,1000,1000,1000,1000,1000,1000,1000,1000,1000,1000,1000,1000,1000,1000,1000,1000,1000,1000,1000,1000,1000,1000,1000,1000,1000,1000,1000,1000,1000,1000,1000,1000,1000,1000,1000,1000,1000,1000,1000,1000,1000,1000,1000,1000,1000,1000,1000,1000,1000,1000,1000,1000,1000,1000,1000,1000,1000,1000,1000,1000,1000,1000,1000,1000,1000,1000,1000,1000,1000,1000,1000,1000,1000,1000,1000,1000,1000,1000,1000,1000,1000,1000,1000,1000,1000,1000,1000,1000,1000,1000,1117.488,1117.853,1116.758,1000,1000,1000,1000,1000,1000,1000,1000,1000,1000,1000,1000,1000,1000,1000,1000,1000,1000,1000,1000,1000,1000,1000,1000,1000,1000,1000,1000,1000,1000,1194.354,1198.003,1203.84,1205.786,1208.705,1213.57,1214.543,1219.895,1223.787,1229.625,1234.49,1239.841,1242.76,1246.652,1247.625,1251.517,1256.382,1264.652,1275.355,1165.56,1165.598,1000,1000,1000,1000,1000,1000,1000,1000,1000,1000,1000,1000,1000,1000,1000,1000,1000,1000,1000,1000,1000,1000,1000,1000,1000,1000,1000,1000,1000,1000,1000,1000,1000,1000,1000,1000,1000,1000,1000,1000,1000,1000,1000,1000,1000,1000,1000,1000,1000,1000,1000,1000,1000,1175.381,1176.171,1176.475,1178.725,1180.61,1180.975,1000,1000,1000,1000,1120.65,1119.495,1120.042,1119.495,1000,1000,1000,1193.259,1199.705,1204.57,1206.759,1209.678,1212.354,1209.678,1207.976,1000,1000,1000,1000,1000,1000,1000,1000,1000,1000,1000,1000,1000,1000,1000,1000,1000,1000,1000,1000,1000,1000,1000,1000,1000,1000,1000,1000,1000,1000,1000,1309.531,1309.531,1000,1000,1000,1000,1000,1000,1000,1000,1000,1000,1000,1000,1239.841,1237.408,1234.003,1000,1000,1000,1000,1000,1000,1000,1000,1000,1000,1000,1000,1000,1000,1000,1000,1000,1000,1000,1000,1000,1000,1000,1000,1000,1235.463,1241.3,1241.3,1234.49,1232.543,1241.3,1000,1000,1000,1000,1000,1000,1000,1000,1000,1000,1000,1000,1000,1000,1233.516,1231.084,1228.165,1219.408,1215.516,1000,1000,1000,1000,1000,1000,1000,1000,1131.079,1129.574,1238.381,1224.273,1203.354,1000,1000,1000,1000,1000,1000,1000,1000,1000,1000,1000,1000,1000,1000,1250.057,1246.652,1248.111,1247.625,1248.111,1248.111,1247.625,1244.706,1242.273,1242.273,1000,1000,1000,1000,1198.003,1197.03,1198.003,1000,1000,1000,1000,1000,1000,1000,1000,1000,1000,1000,1000,1000,1000,1000,1132.083,1000,1000,1000,1000,1000,1000,1000,1000,1000,1000,1000,1000,1000,1000,1000,1000,1000,1000,1000,1000,1000,1000,1000,1000,1210.408,1210.408,1212.841,1211.624,1206.759,1204.57,1203.84,1198.975,1198.975,1000,1000,1000,1000,1180.002,1179.333,1179.637,1179.029,1177.874,1179.029,1179.029,1180.002,1181.583,1180.002,1000,1000,1000,1110.16,1109.446,1108.313,1108.169,1000,1000,1000,1000,1000,1000,1000,1000,1000,1000,1000,1000,1000,1000,1000,1000,1000,1000,1000,1000,1000,1000,1000,1000,1171.61,1172.827,1172.583,1171.397,1170.516,1169.847,1168.053,1167.399,1167.308,1166.776,1166.472,1166.282,1165.955,1165.674,1165.521,1271.463,1265.625,1266.598,1267.571,1264.652,1262.22,1263.193,1258.328,1251.517,1251.517,1249.571,1245.679,1239.841,1234.49,1227.679,1225.246,1223.787,1220.381,1220.381,1219.895,1219.895,1216.003,1216.003,1000,1208.705,1200.435,1000,1193.867,1196.057,1191.921,1190.948,1189.732,1188.759,1183.408,1184.867,1183.894,1183.894,1183.894,1183.408,1179.151,1181.948,1177.813,1175.624,1172.34,1173.191,1168.691,1000,1000,1000,1000,1000,1000,1000,1000,1000,1000,1000,1000,1000,1000,1000,1000,1000,1000,1000,1000,1000,1000,1000,1000,1000,1000,1000,1000,1000,1000,1000,1000,1000,1000,1000,1000,1000,1000,1000,1000,1000,1000,1000,1000,1000,1000,1000,1000,1000,1000,1000,1000,1000,1000,1000,1000,1000,1000,1000,1000,1000,1000,1000,1000,1000,1000,1000,1000,1000,1000,1000,1000,1000,1000,1000,1000,1000,1000,1000,1000,1000,1000,1000,1000,1000,1000,1000,1000,1000,1000,1000,1000,1000,1000,1000,1000,1000,1000,1000,1000,1000
1000,1000,1000,1000,1000,1000,1000,1000,1000,1000,1000,1000,1000,1000,1000,1000,1000,1000,1000,1000,1000,1000,1000,1000,1000,1000,1000,1000,1000,1000,1000,1000,1000,1000,1000,1000,1000,1000,1000,1000,1000,1000,1000,1000,1000,1000,1000,1000,1000,1000,1000,1000,1000,1000,1000,1000,1000,1000,1000,1000,1000,1000,1000,1000,1000,1000,1000,1000,1000,1000,1000,1000,1000,1000,1000,1000,1000,1000,1000,1000,1000,1000,1000,1000,1000,1000,1000,1000,1000,1000,1000,1000,1000,1000,1000,1000,1000,1000,1000,1000,1000,1000,1000,1000,1000,1000,1000,1000,1000,1000,1000,1115.664,1000,1000,1000,1000,1000,1000,1000,1000,1000,1000,1000,1000,1000,1000,1000,1000,1000,1000,1000,1000,1000,1000,1000,1000,1000,1000,1000,1000,1000,1000,1194.354,1193.867,1197.516,1201.165,1203.111,1204.57,1210.651,1210.651,1215.03,1218.435,1222.327,1219.895,1224.76,1227.192,1231.084,1232.057,1243.733,1000,1000,1000,1165.407,1269.517,1000,1000,1000,1000,1000,1000,1000,1000,1000,1000,1000,1000,1000,1000,1000,1000,1000,1000,1000,1000,1000,1000,1000,1000,1000,1000,1000,1000,1000,1000,1000,1000,1000,1000,1000,1000,1000,1000,1000,1000,1165.788,1000,1000,1000,1000,1000,1000,1000,1000,1000,1000,1000,1000,1174.408,1175.685,1175.928,1177.57,1178.725,1000,1000,1000,1000,1000,1119.495,1118.643,1118.887,1000,1000,1000,1000,1189.246,1193.624,1197.516,1199.705,1203.354,1206.759,1207.489,1000,1000,1000,1000,1000,1000,1000,1000,1000,1000,1000,1000,1000,1000,1176.597,1177.083,1186.327,1000,1000,1000,1000,1000,1000,1000,1000,1000,1000,1000,1000,1000,1000,1000,1311.355,1310.626,1000,1000,1000,1000,1000,1000,1000,1000,1000,1000,1000,1000,1224.273,1223.787,1223.787,1000,1000,1000,1000,1000,1185.962,1000,1000,1000,1000,1000,1000,1000,1000,1000,1000,1000,1000,1000,1000,1000,1000,1000,1000,1239.354,1229.625,1238.381,1238.381,1000,1000,1000,1000,1000,1000,1000,1000,1000,1000,1000,1000,1000,1212.841,1214.786,1219.408,1225.733,1225.246,1223.057,1220.868,1213.57,1208.705,1207.489,1204.57,1000,1000,1000,1000,1000,1000,1132.721,1130.053,1128.7,1234.49,1219.408,1212.597,1000,1000,1000,1000,1000,1000,1000,1000,1000,1000,1000,1000,1000,1235.949,1229.625,1229.625,1229.625,1230.111,1232.057,1233.516,1232.057,1232.543,1000,1000,1000,1000,1000,1198.003,1194.111,1000,1000,1000,1000,1000,1000,1000,1000,1000,1000,1000,1000,1000,1000,1000,1131.718,1126.853,1128.434,1000,1000,1000,1000,1000,1000,1000,1000,1000,1000,1000,1000,1000,1000,1000,1000,1000,1000,1000,1000,1000,1000,1000,1000,1205.543,1207.976,1206.273,1200.192,1197.516,1195.084,1000,1000,1000,1000,1000,1000,1000,1000,1000,1000,1000,1173.009,1000,1000,1000,1000,1000,1000,1000,1108.169,1107.781,1107.256,1107.18,1216.003,1000,1000,1000,1000,1000,1000,1000,1000,1000,1155.678,1000,1160.056,1151.299,1146.677,1142.299,1136.461,1132.569,1000,1000,1000,1000,1000,1000,1000,1000,1000,1168.813,1168.296,1167.718,1166.282,1166.054,1165.955,1165.826,1165.75,1165.636,1276.328,1270.49,1262.22,1255.409,1249.571,1248.598,1250.544,1246.652,1244.706,1243.733,1239.841,1229.625,1234.003,1232.057,1227.679,1223.787,1223.787,1218.435,1213.57,1211.624,1208.705,1207.246,1203.84,1203.84,1201.165,1201.895,1000,1000,1000,1000,1182.435,1182.921,1180.489,1180.002,1179.637,1178.664,1173.191,1172.34,1172.34,1171.975,1172.34,1172.34,1170.516,1169.786,1166.624,1163.097,1161.759,1162.063,1000,1000,1000,1000,1000,1000,1000,1000,1000,1000,1000,1000,1000,1000,1000,1000,1000,1000,1000,1000,1000,1000,1000,1000,1000,1000,1000,1000,1000,1000,1000,1000,1000,1000,1000,1000,1000,1000,1000,1000,1000,1000,1000,1000,1000,1000,1000,1000,1000,1000,1000,1000,1000,1000,1000,1000,1000,1000,1000,1000,1000,1000,1000,1000,1000,1000,1000,1000,1000,1000,1000,1000,1000,1000,1000,1000,1000,1000,1000,1000,1000,1000,1000,1000,1000,1000,1000,1000,1000,1000,1000,1000,1000,1000,1000,1000,1000,1000,1000,1000,1000,1000
1000,1000,1000,1000,1000,1000,1000,1000,1000,1000,1000,1000,1000,1000,1000,1000,1000,1000,1000,1000,1000,1000,1000,1000,1000,1000,1000,1000,1000,1000,1000,1000,1000,1000,1000,1000,1000,1000,1000,1000,1000,1000,1000,1000,1000,1000,1000,1000,1000,1000,1000,1000,1000,1000,1000,1000,1000,1000,1000,1000,1000,1000,1000,1000,1000,1000,1000,1000,1000,1000,1000,1000,1000,1000,1000,1000,1000,1000,1000,1000,1000,1000,1000,1000,1000,1000,1000,1000,1000,1000,1000,1000,1000,1000,1000,1000,1000,1000,1000,1000,1000,1000,1000,1000,1000,1000,1000,1000,1000,1000,1108.609,1000,1000,1000,1000,1000,1000,1000,1000,1000,1154.674,1155.191,1000,1000,1156.377,1157.989,1000,1000,1000,1000,1000,1000,1000,1000,1000,1000,1000,1000,1000,1000,1000,1000,1185.354,1184.867,1189.732,1192.651,1193.867,1195.57,1200.435,1000,1000,1210.165,1000,1210.651,1217.462,1217.462,1216.003,1000,1000,1000,1000,1000,1000,1000,1000,1000,1000,1000,1000,1000,1000,1000,1000,1000,1000,1000,1000,1000,1000,1000,1000,1000,1000,1000,1000,1000,1000,1000,1000,1000,1000,1000,1000,1000,1000,1000,1000,1246.652,1257.355,1267.571,1263.193,1258.328,1262.22,1268.544,1271.463,1165.598,1165.955,1166.16,1166.403,1166.548,1166.548,1166.692,1166.852,1168.418,1000,1000,1000,1172.401,1172.827,1173.495,1173.495,1174.651,1000,1000,1000,1000,1118.096,1117.792,1117.792,1117.792,1000,1000,1000,1000,1182.313,1187.543,1190.948,1194.111,1197.03,1201.165,1000,1000,1000,1000,1000,1000,1000,1000,1000,1000,1000,1000,1000,1000,1196.057,1185.354,1184.867,1193.624,1000,1000,1000,1000,1000,1000,1000,1000,1000,1000,1000,1000,1000,1000,1000,1000,1310.626,1000,1000,1000,1000,1120.301,1120.589,1000,1000,1000,1156.286,1000,1000,1000,1000,1000,1000,1000,1000,1203.354,1000,1000,1000,1000,1000,1000,1000,1000,1000,1000,1000,1000,1000,1000,1000,1000,1000,1000,1000,1000,1000,1000,1000,1000,1000,1000,1000,1000,1000,1000,1000,1000,1000,1000,1000,1201.651,1204.57,1207.489,1209.192,1211.138,1216.246,1214.057,1212.354,1210.408,1207.489,1203.84,1204.57,1204.57,1203.84,1202.867,1000,1000,1000,1000,1000,1000,1129.574,1128.624,1230.598,1222.327,1218.435,1000,1000,1000,1000,1000,1000,1000,1000,1000,1000,1000,1000,1231.084,1220.868,1219.408,1217.462,1216.246,1217.462,1220.868,1000,1000,1000,1000,1000,1000,1000,1000,1000,1000,1000,1000,1000,1000,1000,1000,1000,1000,1000,1000,1000,1000,1000,1000,1000,1000,1124.299,1000,1000,1000,1000,1000,1000,1000,1000,1000,1000,1000,1000,1000,1000,1000,1000,1000,1000,1000,1000,1000,1000,1000,1000,1199.705,1198.975,1196.057,1000,1188.029,1000,1000,1000,1000,1000,1000,1000,1000,1000,1000,1000,1000,1000,1000,1000,1000,1000,1000,1215.03,1215.03,1215.03,1213.084,1204.813,1205.786,1197.03,1000,1000,1000,1164.435,1000,1000,1000,1000,1156.164,1151.299,1155.678,1155.678,1152.759,1147.407,1141.569,1135.245,1130.867,1129.407,1128.434,1127.461,1000,1000,1000,1000,1000,1000,1000,1000,1167.399,1165.674,1165.521,1165.521,1273.409,1269.517,1267.571,1260.274,1253.463,1247.625,1240.814,1236.435,1234.49,1235.463,1227.679,1227.192,1224.76,1222.327,1212.111,1216.003,1213.084,1209.435,1205.057,1210.165,1205.786,1201.165,1198.732,1196.057,1194.354,1191.435,1190.219,1189.732,1187.543,1183.408,1181.948,1179.637,1000,1174.408,1173.556,1171.975,1170.881,1169.786,1168.326,1164.799,1163.097,1162.549,1163.097,1162.306,1163.097,1162.306,1162.549,1160.299,1159.387,1158.171,1158.353,1000,1000,1000,1000,1000,1000,1000,1000,1000,1000,1000,1000,1000,1000,1000,1000,1000,1000,1000,1000,1000,1000,1000,1000,1000,1000,1000,1000,1000,1000,1000,1000,1000,1000,1000,1000,1000,1000,1000,1000,1000,1000,1000,1000,1000,1000,1000,1000,1000,1000,1000,1000,1000,1000,1000,1000,1000,1000,1000,1000,1000,1000,1000,1000,1000,1000,1000,1000,1000,1000,1000,1000,1000,1000,1000,1000,1000,1000,1000,1000,1000,1000,1000,1000,1000,1000,1000,1000,1000,1000,1000,1000,1000,1000,1000,1000,1000,1000,1000,1000,1000,1000
1000,1000,1000,1000,1000,1000,1000,1000,1000,1000,1000,1000,1000,1000,1000,1000,1000,1000,1000,1000,1000,1000,1000,1000,1000,1000,1000,1000,1000,1000,1000,1000,1000,1000,1000,1000,1000,1000,1000,1000,1000,1000,1000,1000,1000,1000,1000,1000,1000,1000,1000,1000,1000,1000,1000,1000,1000,1000,1000,1000,1000,1000,1000,1000,1000,1000,1000,1000,1000,1000,1000,1000,1000,1000,1000,1000,1000,1000,1000,1000,1000,1000,1000,1000,1000,1000,1000,1000,1000,1000,1000,1000,1000,1000,1000,1000,1000,1000,1000,1000,1000,1000,1000,1000,1000,1000,1000,1000,1000,1000,1000,1000,1000,1000,1000,1000,1000,1000,1000,1000,1000,1154.097,1153.488,1154.203,1154.917,1156.529,1156.225,1158.962,1000,1000,1000,1000,1000,1000,1000,1000,1000,1000,1000,1000,1000,1000,1000,1173.921,1177.327,1180.002,1180.489,1000,1000,1000,1000,1000,1000,1000,1000,1000,1000,1000,1000,1000,1000,1000,1000,1000,1000,1000,1000,1000,1000,1000,1000,1000,1000,1000,1000,1000,1000,1000,1000,1000,1000,1000,1000,1000,1000,1000,1192.651,1000,1000,1000,1000,1000,1000,1000,1213.57,1222.814,1230.111,1238.868,1245.679,1250.544,1250.544,1249.571,1254.436,1259.301,1266.598,1275.355,1165.521,1165.598,1165.674,1165.712,1165.712,1165.788,1166.221,1000,1000,1000,1000,1171.215,1000,1172.583,1172.583,1000,1000,1000,1000,1000,1118.887,1118.339,1117.792,1117.306,1000,1000,1000,1175.137,1179.333,1182.313,1000,1000,1000,1000,1000,1000,1000,1000,1000,1000,1000,1000,1000,1000,1000,1000,1000,1000,1000,1207.732,1000,1000,1000,1000,1000,1000,1000,1000,1000,1000,1000,1000,1000,1000,1000,1000,1000,1000,1000,1000,1000,1000,1118.286,1119.768,1120.741,1000,1000,1000,1000,1000,1000,1000,1000,1000,1000,1000,1000,1000,1000,1000,1000,1000,1000,1000,1000,1000,1000,1000,1000,1000,1000,1000,1000,1000,1000,1000,1000,1000,1000,1000,1000,1000,1000,1000,1000,1000,1000,1190.097,1193.624,1192.773,1195.084,1192.773,1195.084,1193.624,1196.057,1198.003,1198.975,1200.678,1203.84,1202.381,1200.678,1198.489,1197.03,1194.111,1196.057,1196.543,1196.543,1194.597,1193.259,1184.137,1000,1000,1000,1000,1000,1000,1241.3,1219.408,1212.597,1215.516,1000,1000,1000,1000,1000,1000,1000,1000,1000,1000,1000,1225.246,1210.408,1207.489,1205.057,1204.57,1000,1000,1000,1000,1000,1000,1000,1000,1000,1000,1000,1000,1000,1000,1000,1000,1000,1000,1000,1000,1000,1000,1000,1000,1000,1000,1000,1000,1120.954,1000,1000,1000,1000,1000,1000,1000,1000,1000,1000,1000,1000,1000,1000,1000,1000,1000,1000,1000,1000,1000,1000,1000,1000,1000,1000,1000,1000,1000,1000,1000,1000,1000,1187.3,1185.354,1000,1000,1000,1000,1000,1000,1000,1000,1000,1000,1000,1000,1187.3,1187.3,1189.246,1188.273,1186.327,1190.219,1190.219,1189.246,1000,1000,1165.894,1000,1000,1000,1000,1000,1147.407,1152.029,1000,1000,1000,1000,1136.461,1132.083,1129.407,1126.002,1124.664,1000,1000,1000,1000,1000,1000,1000,1000,1000,1000,1000,1000,1260.274,1255.409,1249.571,1241.787,1238.381,1230.111,1226.219,1221.354,1220.381,1217.462,1211.624,1210.165,1205.057,1200.435,1195.084,1195.57,1193.138,1192.651,1191.435,1193.867,1193.138,1189.732,1187.056,1184.867,1183.408,1181.462,1179.637,1179.151,1175.989,1173.556,1170.516,1169.786,1000,1166.016,1165.407,1164.799,1164.252,1163.097,1163.644,1160.786,1160.056,1159.874,1161.272,1159.874,1160.299,1159.63,1158.597,1156.225,1155.769,1154.431,1154.431,1000,1000,1000,1000,1000,1000,1000,1000,1000,1000,1000,1000,1000,1000,1000,1000,1000,1000,1000,1000,1000,1000,1000,1000,1000,1000,1000,1000,1000,1000,1000,1000,1000,1000,1000,1000,1000,1000,1000,1000,1000,1000,1000,1000,1000,1000,1000,1000,1000,1000,1000,1000,1000,1000,1000,1000,1000,1000,1000,1000,1000,1000,1000,1000,1000,1000,1000,1000,1000,1000,1000,1000,1000,1000,1000,1000,1000,1000,1000,1000,1000,1000,1000,1000,1000,1000,1000,1000,1000,1000,1000,1000,1000,1000,1000,1000,1000,1000,1000,1000,1000,1000
1000,1000,1000,1000,1000,1000,1000,1000,1000,1000,1000,1000,1000,1000,1000,1000,1000,1000,1000,1000,1000,1000,1000,1000,1000,1000,1000,1000,1000,1000,1000,1000,1000,1000,1000,1000,1000,1000,1000,1000,1000,1000,1000,1000,1000,1000,1000,1000,1000,1000,1000,1000,1000,1000,1000,1000,1000,1000,1000,1000,1000,1000,1000,1000,1000,1000,1000,1000,1000,1000,1000,1000,1000,1000,1000,1000,1000,1000,1000,1000,1000,1000,1000,1000,1000,1000,1000,1000,1000,1000,1000,1000,1000,1000,1000,1000,1000,1000,1000,1000,1000,1000,1000,1000,1000,1000,1000,1000,1000,1000,1000,1000,1000,1000,1000,1000,1000,1000,1000,1000,1152.926,1153.405,1152.85,1153.405,1154.309,1155.191,1155.465,1158.171,1000,1000,1000,1000,1000,1000,1000,1000,1000,1000,1000,1000,1000,1000,1000,1000,1000,1000,1000,1000,1000,1000,1000,1000,1000,1000,1000,1000,1000,1000,1000,1000,1000,1000,1000,1000,1000,1000,1000,1000,1000,1000,1000,1000,1000,1000,1000,1000,1000,1000,1000,1000,1000,1000,1193.624,1190.219,1192.165,1189.732,1187.3,1189.732,1193.624,1198.003,1211.624,1000,1000,1000,1208.705,1215.03,1220.381,1227.679,1236.435,1240.814,1241.787,1243.733,1246.652,1249.571,1255.409,1263.193,1267.571,1269.517,1269.517,1271.463,1268.544,1273.409,1165.407,1000,1000,1000,1000,1000,1000,1000,1000,1000,1000,1000,1000,1118.339,1118.096,1118.887,1000,1000,1000,1000,1000,1000,1000,1000,1000,1000,1000,1000,1000,1000,1000,1000,1000,1000,1000,1000,1000,1000,1000,1000,1000,1000,1000,1000,1000,1000,1000,1000,1000,1000,1000,1000,1000,1000,1000,1000,1000,1000,1000,1000,1000,1000,1000,1118.126,1118.659,1117.967,1118.75,1119.768,1000,1000,1000,1000,1000,1000,1000,1000,1000,1000,1000,1000,1000,1000,1000,1000,1000,1000,1000,1000,1000,1000,1000,1000,1000,1000,1000,1000,1000,1000,1000,1000,1000,1000,1000,1000,1000,1000,1000,1000,1178.725,1179.333,1182.313,1184.502,1186.327,1186.327,1187.178,1185.962,1187.543,1185.232,1185.962,1187.543,1189.246,1190.097,1193.624,1193.624,1191.435,1189.61,1188.394,1186.327,1186.327,1187.178,1187.543,1187.178,1186.327,1182.313,1180.246,1175.685,1000,1000,1000,1000,1000,1231.571,1000,1000,1000,1000,1000,1000,1000,1000,1000,1000,1000,1000,1000,1000,1000,1000,1000,1000,1000,1000,1000,1000,1000,1000,1000,1000,1000,1000,1000,1172.583,1173.921,1000,1174.651,1172.583,1000,1000,1000,1000,1000,1000,1000,1000,1000,1000,1000,1000,1000,1115.299,1000,1000,1000,1000,1000,1000,1000,1000,1000,1000,1000,1000,1000,1000,1000,1000,1000,1000,1000,1000,1000,1000,1000,1000,1000,1000,1000,1000,1000,1000,1177.57,1176.597,1174.164,1173.191,1180.002,1000,1000,1000,1000,1000,1000,1000,1000,1000,1000,1000,1000,1176.597,1175.137,1174.164,1175.137,1175.624,1177.57,1178.543,1176.597,1000,1000,1000,1000,1000,1000,1000,1000,1000,1000,1000,1000,1000,1000,1133.542,1129.407,1125.15,1124.664,1122.353,1115.664,1114.569,1114.204,1000,1000,1000,1000,1000,1000,1000,1000,1000,1000,1000,1225.246,1225.246,1219.895,1216.003,1212.111,1210.165,1207.246,1200.435,1197.516,1192.651,1188.029,1182.435,1182.921,1181.948,1180.489,1180.002,1182.435,1180.975,1177.327,1175.137,1173.191,1170.516,1169.056,1168.691,1168.691,1166.624,1166.016,1165.104,1163.644,1161.029,1160.786,1159.63,1158.779,1158.171,1157.228,1157.411,1156.377,1155.328,1154.917,1155.465,1154.309,1154.203,1154.203,1153.405,1152.85,1152.599,1152.204,1000,1000,1000,1000,1000,1000,1000,1000,1000,1000,1000,1000,1000,1000,1000,1000,1000,1000,1000,1000,1000,1000,1000,1000,1000,1000,1000,1000,1000,1000,1000,1000,1000,1000,1000,1000,1000,1000,1000,1000,1000,1000,1000,1000,1000,1000,1000,1000,1000,1000,1000,1000,1000,1000,1000,1000,1000,1000,1000,1000,1000,1000,1000,1000,1000,1000,1000,1000,1000,1000,1000,1000,1000,1000,1000,1000,1000,1000,1000,1000,1000,1000,1000,1000,1000,1000,1000,1000,1000,1000,1000,1000,1000,1000,1000,1000,1000,1000,1000,1000,1000,1000,1000
1000,1000,1000,1000,1000,1000,1000,1000,1000,1000,1000,1000,1000,1000,1000,1000,1000,1000,1000,1000,1000,1000,1000,1000,1000,1000,1000,1000,1000,1000,1000,1000,1000,1000,1000,1000,1000,1000,1000,1000,1000,1000,1000,1000,1000,1000,1000,1000,1000,1000,1000,1000,1000,1000,1000,1000,1000,1000,1000,1000,1000,1000,1000,1000,1000,1000,1000,1000,1000,1000,1000,1000,1000,1000,1000,1000,1000,1000,1000,1000,1000,1000,1000,1000,1000,1000,1000,1000,1000,1000,1000,1000,1000,1000,1000,1000,1000,1000,1000,1000,1000,1000,1000,1000,1000,1000,1000,1000,1000,1000,1000,1000,1000,1000,1000,1000,1000,1000,1000,1000,1000,1000,1152.166,1000,1152.85,1000,1000,1000,1000,1000,1000,1000,1000,1000,1000,1000,1000,1000,1000,1000,1000,1000,1000,1000,1000,1000,1000,1000,1000,1000,1000,1000,1000,1000,1000,1000,1000,1000,1000,1000,1000,1000,1000,1000,1000,1000,1000,1000,1000,1000,1000,1000,1000,1000,1000,1000,1000,1000,1000,1182.435,1183.408,1183.408,1183.408,1180.002,1183.894,1183.894,1185.354,1185.354,1190.219,1197.03,1212.597,1000,1000,1000,1200.435,1207.246,1213.57,1218.435,1227.192,1230.111,1231.084,1234.49,1238.381,1238.381,1244.706,1249.571,1250.544,1251.517,1254.436,1254.436,1254.436,1261.247,1267.571,1000,1000,1000,1000,1000,1000,1000,1000,1000,1000,1000,1116.029,1117.306,1118.643,1122.231,1000,1000,1000,1000,1000,1000,1000,1000,1000,1000,1000,1000,1000,1000,1000,1000,1000,1000,1000,1000,1000,1000,1000,1000,1000,1000,1000,1000,1000,1000,1000,1000,1000,1000,1167.201,1167.308,1167.612,1000,1000,1000,1000,1000,1000,1000,1000,1000,1000,1119.069,1118.963,1118.043,1000,1000,1000,1000,1000,1000,1000,1000,1000,1000,1000,1000,1000,1000,1000,1000,1000,1000,1000,1000,1000,1000,1000,1000,1000,1000,1000,1000,1000,1000,1000,1000,1000,1000,1000,1000,1000,1000,1000,1000,1173.921,1175.928,1177.57,1177.57,1179.029,1179.333,1180.61,1180.975,1181.583,1180.61,1180.975,1179.333,1178.725,1179.029,1180.246,1181.219,1183.043,1184.137,1182.678,1180.975,1180.002,1178.421,1177.874,1178.725,1179.333,1179.637,1180.246,1178.117,1177.266,1174.651,1173.009,1000,1000,1000,1000,1000,1000,1000,1000,1000,1000,1000,1000,1000,1000,1000,1000,1000,1000,1000,1000,1000,1000,1000,1000,1000,1000,1000,1000,1000,1000,1000,1171.397,1171.397,1171.397,1171.215,1171.975,1171.61,1171.793,1169.847,1169.391,1000,1000,1000,1000,1000,1000,1000,1000,1000,1000,1000,1000,1000,1000,1000,1000,1000,1000,1000,1000,1000,1000,1000,1000,1000,1000,1000,1000,1000,1000,1000,1000,1000,1000,1000,1000,1000,1000,1000,1000,1000,1000,1000,1159.083,1163.948,1162.975,1161.516,1165.894,1167.84,1166.867,1000,1000,1000,1000,1000,1000,1000,1000,1172.705,1171.732,1169.299,1166.867,1165.407,1170.272,1171.732,1175.137,1176.597,1180.002,1171.732,1000,1000,1000,1000,1000,1000,1000,1000,1000,1000,1000,1000,1000,1000,1000,1128.921,1126.488,1122.353,1113.474,1113.109,1113.839,1110.008,1111.224,1000,1000,1000,1000,1000,1000,1000,1000,1000,1000,1000,1000,1208.705,1208.705,1201.165,1200.435,1191.435,1190.948,1183.408,1180.002,1174.772,1175.989,1173.921,1173.191,1172.34,1173.191,1171.61,1169.056,1166.989,1165.407,1162.549,1161.516,1160.543,1161.272,1159.63,1160.056,1159.205,1158.779,1156.711,1157.411,1156.377,1156.225,1155.191,1154.796,1154.674,1154.309,1153.686,1153.405,1153.314,1152.85,1152.166,1152.204,1152.052,1000,1264.652,1000,1000,1000,1000,1000,1000,1000,1000,1000,1000,1000,1000,1000,1000,1000,1000,1000,1000,1000,1000,1000,1000,1000,1000,1000,1000,1000,1000,1000,1000,1000,1000,1000,1000,1000,1000,1000,1000,1000,1000,1000,1000,1000,1000,1000,1000,1000,1000,1000,1000,1000,1000,1000,1000,1000,1000,1000,1000,1000,1000,1000,1000,1000,1000,1000,1000,1000,1000,1000,1000,1000,1000,1000,1000,1000,1000,1000,1000,1000,1000,1000,1000,1000,1000,1000,1000,1000,1000,1000,1000,1000,1000,1000,1000,1000,1000,1000,1000,1000,1000,1000,1000,1000,1000
1000,1000,1000,1000,1000,1000,1000,1000,1000,1000,1000,1000,1000,1000,1000,1000,1000,1000,1000,1000,1000,1000,1000,1000,1000,1000,1000,1000,1000,1000,1000,1000,1000,1000,1000,1000,1000,1000,1000,1000,1000,1000,1000,1000,1000,1000,1000,1000,1000,1000,1000,1000,1000,1000,1000,1000,1000,1000,1000,1000,1000,1000,1000,1000,1000,1000,1000,1000,1000,1000,1000,1000,1000,1000,1000,1000,1000,1000,1000,1000,1000,1000,1000,1000,1000,1000,1000,1000,1000,1000,1000,1000,1000,1000,1000,1000,1000,1000,1000,1000,1000,1000,1000,1000,1000,1000,1000,1000,1000,1000,1000,1000,1000,1000,1000,1000,1000,1000,1000,1000,1000,1000,1000,1000,1000,1000,1000,1000,1000,1000,1000,1000,1000,1000,1000,1000,1000,1000,1000,1000,1000,1000,1000,1000,1000,1000,1000,1000,1000,1000,1000,1000,1000,1000,1000,1000,1000,1000,1000,1000,1000,1000,1000,1000,1000,1000,1000,1000,1000,1000,1000,1000,1000,1000,1000,1000,1000,1181.462,1177.083,1172.218,1173.678,1175.624,1176.597,1175.137,1178.543,1180.002,1180.975,1182.435,1189.732,1197.03,1210.651,1231.571,1000,1000,1195.57,1199.948,1204.57,1210.165,1215.03,1216.003,1217.462,1221.354,1223.787,1226.219,1236.435,1240.814,1242.76,1242.76,1242.76,1241.787,1241.787,1250.544,1261.247,1000,1000,1000,1209.678,1198.975,1178.056,1144.975,1000,1000,1114.447,1113.839,1114.447,1116.515,1118.339,1127.948,1000,1000,1000,1000,1000,1000,1000,1000,1000,1000,1000,1000,1000,1000,1000,1000,1000,1000,1000,1000,1000,1000,1000,1000,1000,1000,1000,1000,1000,1000,1000,1000,1000,1167.201,1167.201,1167.11,1167.201,1167.201,1167.399,1166.776,1166.548,1000,1000,1000,1000,1000,1000,1118.286,1118.461,1000,1000,1000,1000,1000,1000,1000,1000,1000,1000,1000,1000,1000,1000,1000,1000,1000,1000,1000,1000,1000,1000,1000,1000,1000,1000,1000,1000,1000,1000,1000,1000,1000,1000,1000,1000,1169.999,1000,1000,1169.847,1170.516,1171.033,1172.401,1173.921,1173.921,1174.408,1174.408,1174.651,1174.894,1175.928,1175.381,1175.381,1174.164,1173.495,1173.252,1173.921,1174.894,1175.928,1176.171,1175.137,1174.408,1174.408,1174.164,1173.921,1174.408,1174.894,1174.651,1175.137,1174.651,1175.381,1173.495,1173.252,1171.61,1170.668,1168.95,1000,1000,1000,1000,1000,1000,1000,1000,1000,1000,1000,1000,1130.684,1127.522,1000,1000,1000,1000,1000,1000,1000,1000,1000,1000,1167.308,1168.053,1168.053,1167.931,1168.676,1169.391,1170.151,1169.543,1169.695,1169.543,1169.391,1167.931,1167.931,1167.308,1000,1000,1000,1166.935,1000,1166.107,1000,1000,1000,1000,1000,1000,1000,1000,1000,1000,1000,1000,1000,1000,1000,1000,1000,1000,1000,1000,1000,1000,1000,1000,1000,1000,1000,1000,1000,1000,1000,1000,1000,1000,1000,1000,1152.759,1157.624,1154.948,1148.624,1154.218,1157.624,1157.137,1000,1000,1000,1000,1000,1000,1000,1000,1000,1000,1000,1000,1000,1000,1176.597,1183.894,1184.381,1187.3,1000,1000,1000,1000,1000,1000,1000,1000,1000,1000,1000,1000,1000,1000,1000,1000,1000,1000,1000,1000,1113.839,1113.109,1109.461,1109.765,1000,1000,1000,1000,1000,1000,1000,1000,1000,1000,1000,1000,1000,1000,1000,1000,1000,1000,1175.137,1173.191,1168.691,1168.326,1166.624,1165.407,1164.252,1164.252,1163.644,1161.759,1159.874,1159.205,1157.593,1156.894,1156.711,1157.228,1155.617,1155.769,1155.191,1154.674,1154.097,1154.431,1153.884,1153.884,1152.994,1152.599,1152.599,1152.432,1152.128,1152.242,1152.166,1151.938,1255.895,1250.544,1247.625,1000,1241.787,1000,1000,1000,1000,1000,1000,1000,1000,1000,1000,1000,1000,1000,1000,1000,1000,1000,1000,1000,1000,1000,1000,1000,1000,1000,1000,1000,1000,1000,1000,1000,1000,1000,1000,1000,1000,1000,1000,1000,1000,1000,1000,1000,1000,1000,1000,1000,1000,1000,1000,1000,1000,1000,1000,1000,1000,1000,1000,1000,1000,1000,1000,1000,1000,1000,1000,1000,1000,1000,1000,1000,1000,1000,1000,1000,1000,1000,1000,1000,1000,1000,1000,1000,1000,1000,1000,1000,1000,1000,1000,1000,1000,1000,1000,1000,1000,1000,1000,1000,1000,1000,1000,1000,1000
1000,1000,1000,1000,1000,1000,1000,1000,1000,1000,1000,1000,1000,1000,1000,1000,1000,1000,1000,1000,1000,1000,1000,1000,1000,1000,1000,1000,1000,1000,1000,1000,1000,1000,1000,1000,1000,1000,1000,1000,1000,1000,1000,1000,1000,1000,1000,1000,1000,1000,1000,1000,1000,1000,1000,1000,1000,1000,1000,1000,1000,1000,1000,1000,1000,1000,1000,1000,1000,1000,1000,1000,1000,1000,1000,1000,1000,1000,1000,1000,1000,1000,1000,1000,1000,1000,1000,1000,1000,1000,1000,1000,1000,1000,1000,1000,1000,1000,1000,1000,1000,1000,1000,1000,1000,1000,1000,1000,1000,1000,1000,1000,1000,1000,1000,1000,1000,1000,1000,1000,1000,1000,1000,1000,1000,1000,1000,1000,1000,1000,1000,1000,1000,1000,1000,1000,1000,1000,1000,1000,1000,1000,1000,1000,1000,1000,1000,1000,1000,1000,1000,1000,1000,1000,1000,1000,1000,1000,1000,1000,1000,1000,1000,1000,1000,1000,1000,1000,1000,1000,1000,1000,1000,1000,1000,1000,1195.084,1178.056,1173.678,1168.813,1169.543,1169.543,1170.029,1169.543,1174.408,1177.083,1179.516,1181.462,1187.3,1192.651,1203.354,1223.3,1000,1000,1188.759,1193.138,1197.516,1201.895,1204.57,1207.246,1207.976,1212.111,1216.003,1219.895,1229.625,1234.49,1236.435,1235.463,1239.841,1235.463,1241.787,1000,1000,1000,1000,1000,1222.814,1000,1179.029,1140.596,1121.623,1115.299,1114.022,1113.839,1114.204,1115.116,1000,1000,1000,1000,1000,1000,1000,1000,1000,1000,1000,1000,1000,1000,1000,1000,1000,1000,1000,1000,1000,1000,1000,1248.598,1276.328,1165.712,1166.107,1000,1000,1000,1000,1000,1000,1000,1000,1167.201,1166.935,1166.616,1166.616,1166.472,1166.472,1166.221,1166.282,1000,1000,1000,1000,1000,1000,1117.351,1000,1000,1000,1000,1000,1000,1000,1000,1000,1000,1000,1000,1000,1000,1000,1000,1000,1000,1000,1000,1000,1000,1000,1000,1000,1000,1000,1000,1000,1000,1000,1000,1000,1000,1165.955,1166.403,1167.399,1168.174,1168.539,1168.539,1168.95,1168.95,1169.391,1169.543,1170.333,1170.151,1170.85,1170.668,1170.85,1170.85,1171.975,1171.215,1171.397,1170.85,1170.516,1169.999,1170.151,1170.333,1170.516,1170.151,1169.543,1169.543,1169.695,1169.695,1169.847,1169.999,1170.516,1169.999,1170.516,1170.516,1171.215,1169.695,1169.999,1169.695,1168.95,1168.174,1168.676,1167.201,1166,1000,1000,1000,1000,1000,1000,1000,1000,1000,1000,1000,1126.002,1000,1000,1000,1000,1000,1000,1000,1000,1166.692,1166.343,1166.692,1166.548,1166.616,1166.692,1167.308,1167.825,1167.825,1167.825,1167.612,1167.399,1166.472,1166.472,1166.282,1166.343,1166.221,1166.472,1165.864,1165.674,1165.407,1267.571,1000,1000,1000,1000,1000,1000,1000,1000,1000,1000,1000,1000,1000,1000,1000,1000,1000,1000,1000,1000,1000,1000,1000,1000,1000,1000,1000,1000,1000,1000,1000,1000,1000,1000,1000,1000,1000,1000,1000,1000,1000,1000,1000,1000,1000,1000,1000,1000,1000,1000,1000,1000,1000,1000,1000,1000,1000,1000,1193.138,1195.084,1000,1000,1000,1000,1000,1000,1190.948,1193.138,1191.921,1196.057,1191.921,1188.759,1000,1000,1000,1000,1000,1000,1000,1000,1000,1000,1108.914,1109.461,1000,1000,1000,1000,1000,1000,1000,1000,1000,1000,1000,1000,1000,1000,1000,1000,1000,1000,1000,1000,1163.401,1161.759,1161.272,1160.786,1160.299,1158.779,1158.171,1156.711,1155.617,1154.917,1154.309,1153.884,1153.884,1154.097,1153.488,1153.58,1153.405,1152.85,1152.538,1152.379,1152.166,1152.014,1263.679,1259.787,1151.824,1264.652,1262.706,1263.679,1261.733,1246.652,1234.976,1229.138,1227.192,1219.408,1222.327,1000,1000,1000,1000,1000,1000,1000,1000,1000,1000,1000,1000,1000,1000,1000,1000,1000,1000,1000,1000,1000,1000,1000,1000,1000,1000,1000,1000,1000,1000,1000,1000,1000,1000,1000,1000,1000,1000,1000,1000,1000,1000,1000,1000,1000,1000,1000,1000,1000,1000,1000,1000,1000,1000,1000,1000,1000,1000,1000,1000,1000,1000,1000,1000,1000,1000,1000,1000,1000,1000,1000,1000,1000,1000,1000,1000,1000,1000,1000,1000,1000,1000,1000,1000,1000,1000,1000,1000,1000,1000,1000,1000,1000,1000,1000,1000,1000,1000,1000,1000,1000,1000,1000,1000
1000,1000,1000,1000,1000,1000,1000,1000,1000,1000,1000,1000,1000,1000,1000,1000,1000,1000,1000,1000,1000,1000,1000,1000,1000,1000,1000,1000,1000,1000,1000,1000,1000,1000,1000,1000,1000,1000,1000,1000,1000,1000,1000,1000,1000,1000,1000,1000,1000,1000,1000,1000,1000,1000,1000,1000,1000,1000,1000,1000,1000,1000,1000,1000,1000,1000,1000,1000,1000,1000,1000,1000,1000,1000,1000,1000,1000,1000,1000,1000,1000,1000,1000,1000,1000,1000,1000,1000,1000,1000,1000,1000,1000,1000,1000,1000,1000,1000,1000,1000,1000,1000,1000,1000,1000,1000,1000,1000,1000,1000,1000,1000,1000,1000,1000,1000,1000,1000,1000,1000,1000,1000,1000,1000,1000,1000,1000,1000,1000,1000,1000,1000,1000,1000,1000,1000,1000,1000,1000,1000,1000,1000,1000,1000,1000,1000,1000,1000,1000,1000,1000,1000,1000,1000,1000,1000,1000,1000,1000,1105.386,1106.055,1000,1000,1000,1000,1000,1000,1000,1000,1000,1000,1000,1000,1000,1000,1000,1184.867,1170.029,1167.597,1163.705,1165.407,1167.597,1169.543,1170.029,1172.218,1174.408,1176.597,1181.462,1186.327,1192.651,1202.381,1217.462,1000,1000,1179.637,1183.894,1189.732,1195.084,1196.786,1201.895,1202.624,1204.57,1207.246,1213.084,1216.003,1219.895,1232.057,1000,1000,1000,1000,1000,1000,1000,1000,1000,1000,1000,1000,1000,1117.549,1113.231,1111.62,1111.164,1110.434,1000,1000,1000,1000,1000,1000,1000,1000,1000,1000,1000,1000,1000,1000,1000,1000,1000,1000,1000,1000,1000,1000,1000,1205.786,1231.084,1250.544,1261.247,1274.382,1165.598,1165.56,1165.56,1165.674,1165.75,1165.864,1000,1000,1166.616,1166.221,1166.107,1166,1165.909,1166,1165.864,1165.864,1165.909,1000,1000,1000,1000,1117.404,1000,1000,1000,1000,1000,1000,1000,1000,1000,1000,1000,1000,1000,1000,1000,1000,1000,1000,1000,1000,1000,1000,1000,1000,1000,1000,1000,1000,1000,1165.75,1000,1165.955,1165.864,1165.674,1165.56,1165.521,1165.788,1166.343,1166.776,1166.935,1167.027,1166.935,1167.027,1167.201,1167.505,1167.931,1167.825,1167.825,1167.612,1167.612,1167.308,1167.931,1167.612,1167.612,1167.505,1167.718,1167.399,1167.399,1167.399,1167.11,1166.935,1166.692,1166.692,1166.776,1167.201,1167.308,1167.308,1167.718,1167.399,1167.505,1167.718,1167.931,1167.308,1167.825,1167.931,1167.308,1167.027,1167.11,1166.282,1165.788,1165.674,1000,1000,1000,1000,1000,1000,1000,1000,1000,1000,1000,1000,1000,1000,1000,1000,1000,1000,1000,1166.107,1165.826,1165.909,1165.826,1165.864,1165.864,1166.054,1166.221,1166.107,1166,1165.909,1165.909,1165.56,1165.484,1165.484,1165.521,1273.409,1275.355,1267.571,1264.652,1261.247,1256.382,1256.382,1261.247,1000,1000,1000,1000,1000,1000,1000,1000,1000,1000,1000,1000,1000,1000,1000,1000,1000,1000,1000,1000,1000,1000,1000,1000,1000,1000,1000,1000,1000,1000,1000,1000,1000,1000,1000,1000,1000,1000,1000,1000,1000,1000,1000,1000,1000,1000,1000,1000,1000,1000,1000,1000,1000,1000,1000,1000,1000,1000,1000,1000,1000,1000,1183.408,1185.354,1184.867,1186.083,1186.083,1190.219,1186.083,1184.867,1181.948,1180.975,1000,1000,1000,1000,1000,1000,1000,1000,1000,1000,1000,1000,1000,1000,1000,1000,1000,1000,1000,1000,1000,1000,1000,1000,1000,1000,1000,1000,1000,1000,1000,1000,1158.171,1157.776,1157.776,1157.228,1156.073,1154.674,1153.99,1153.488,1152.85,1152.599,1152.599,1152.599,1152.242,1152.333,1152.287,1151.938,1259.787,1256.868,1248.598,1242.76,1239.841,1241.787,1243.733,1245.679,1244.706,1245.679,1240.814,1232.057,1221.354,1217.949,1213.57,1209.678,1000,1000,1000,1000,1000,1000,1000,1000,1000,1000,1000,1000,1000,1000,1000,1000,1000,1000,1000,1000,1000,1000,1000,1000,1000,1000,1000,1000,1000,1000,1000,1000,1000,1000,1000,1000,1000,1000,1000,1000,1000,1000,1000,1000,1000,1000,1000,1000,1000,1000,1000,1000,1000,1000,1000,1000,1000,1000,1000,1000,1000,1000,1000,1000,1000,1000,1000,1000,1000,1000,1000,1000,1000,1000,1000,1000,1000,1000,1000,1000,1000,1000,1000,1000,1000,1000,1000,1000,1000,1000,1000,1000,1000,1000,1000,1000,1000,1000,1000,1000,1000,1000,1000,1000,1000
1000,1000,1000,1000,1000,1000,1000,1000,1000,1000,1000,1000,1000,1000,1000,1000,1000,1000,1000,1000,1000,1000,1000,1000,1000,1000,1000,1000,1000,1000,1000,1000,1000,1000,1000,1000,1000,1000,1000,1000,1000,1000,1000,1000,1000,1000,1000,1000,1000,1000,1000,1000,1000,1000,1000,1000,1000,1000,1000,1000,1000,1000,1000,1000,1000,1000,1000,1000,1000,1000,1000,1000,1000,1000,1000,1000,1000,1000,1000,1000,1000,1000,1000,1000,1000,1000,1000,1000,1000,1000,1000,1000,1000,1000,1000,1000,1000,1000,1000,1000,1000,1000,1000,1000,1000,1000,1000,1000,1000,1000,1000,1000,1000,1000,1000,1000,1000,1000,1000,1000,1000,1000,1000,1000,1000,1000,1000,1000,1000,1000,1000,1000,1000,1000,1000,1000,1000,1000,1000,1000,1000,1000,1000,1000,1000,1000,1000,1000,1000,1000,1000,1000,1000,1000,1000,1000,1000,1000,1000,1000,1107.576,1000,1000,1000,1000,1000,1000,1000,1000,1000,1000,1000,1000,1000,1000,1000,1173.678,1162.489,1162.489,1160.056,1162.489,1163.705,1167.597,1168.813,1171.489,1175.137,1178.056,1179.516,1185.354,1190.219,1198.975,1211.624,1000,1000,1176.84,1181.462,1187.056,1190.219,1190.948,1195.084,1000,1000,1000,1000,1000,1000,1000,1000,1000,1000,1000,1000,1000,1000,1000,1000,1000,1000,1000,1000,1112.471,1111.164,1109.552,1000,1000,1000,1000,1000,1000,1000,1000,1000,1000,1000,1000,1000,1000,1000,1201.895,1000,1000,1000,1000,1000,1000,1000,1000,1000,1200.435,1220.381,1232.057,1238.868,1248.598,1255.409,1255.409,1259.301,1261.247,1264.652,1266.598,1000,1000,1000,1000,1000,1165.484,1274.382,1273.409,1275.355,1165.484,1000,1336.653,1000,1000,1116.986,1117.458,1117.511,1000,1000,1000,1000,1000,1000,1000,1000,1000,1000,1000,1000,1000,1000,1000,1000,1000,1000,1000,1000,1000,1000,1238.868,1246.652,1252.49,1258.328,1261.247,1263.193,1264.652,1270.49,1269.517,1268.544,1267.571,1270.49,1268.544,1276.328,1165.674,1165.909,1166,1166.107,1166.054,1166.107,1166.16,1166.282,1166.548,1166.472,1166.403,1166.343,1166.16,1166.054,1166.343,1166.282,1166.107,1166.16,1166.221,1165.955,1165.864,1165.864,1165.712,1165.674,1165.598,1165.674,1165.636,1165.909,1165.955,1165.864,1166,1166,1165.955,1166.16,1166.548,1166.16,1166.282,1166.282,1165.955,1165.75,1165.826,1165.598,1165.446,1273.409,1267.571,1260.274,1000,1000,1000,1000,1000,1000,1000,1000,1000,1000,1000,1000,1000,1000,1000,1000,1000,1165.636,1165.407,1276.328,1270.49,1271.463,1267.571,1271.463,1273.409,1273.409,1267.571,1266.598,1266.598,1262.22,1257.355,1261.247,1264.652,1255.409,1251.517,1250.544,1247.625,1245.679,1238.868,1241.787,1242.76,1242.76,1243.733,1000,1000,1000,1000,1000,1000,1000,1000,1000,1000,1000,1000,1000,1000,1000,1000,1000,1000,1000,1000,1000,1000,1000,1000,1000,1000,1000,1000,1000,1000,1000,1000,1000,1000,1000,1000,1000,1000,1000,1000,1000,1000,1000,1000,1000,1000,1000,1000,1000,1000,1000,1000,1000,1000,1000,1000,1000,1000,1000,1000,1176.84,1177.327,1175.989,1178.664,1178.664,1180.975,1177.327,1176.475,1173.921,1173.921,1170.881,1170.516,1168.326,1166.624,1000,1000,1000,1000,1000,1000,1000,1000,1000,1000,1000,1000,1000,1000,1000,1000,1000,1000,1000,1000,1000,1000,1000,1000,1000,1000,1000,1000,1000,1000,1154.553,1154.796,1154.097,1153.488,1152.926,1152.721,1152.242,1151.976,1151.786,1151.824,1257.841,1257.841,1254.922,1249.571,1239.841,1233.03,1227.192,1223.787,1219.408,1222.814,1222.814,1222.814,1222.327,1226.706,1217.949,1216.976,1208.219,1000,1202.867,1199.948,1000,1000,1000,1000,1000,1000,1000,1000,1000,1000,1000,1000,1000,1000,1000,1000,1000,1000,1000,1000,1000,1000,1000,1000,1000,1000,1000,1000,1000,1000,1000,1000,1000,1000,1000,1000,1000,1000,1000,1000,1000,1000,1000,1000,1000,1000,1000,1000,1000,1000,1000,1000,1000,1000,1000,1000,1000,1000,1000,1000,1000,1000,1000,1000,1000,1000,1000,1000,1000,1000,1000,1000,1000,1000,1000,1000,1000,1000,1000,1000,1000,1000,1000,1000,1000,1000,1000,1000,1000,1000,1000,1000,1000,1000,1000,1000,1000,1000,1000,1000,1000,1000,1000,1000,1000
1000,1000,1000,1000,1000,1000,1000,1000,1000,1000,1000,1000,1000,1000,1000,1000,1000,1000,1000,1000,1000,1000,1000,1000,1000,1000,1000,1000,1000,1000,1000,1000,1000,1000,1000,1000,1000,1000,1000,1000,1000,1000,1000,1000,1000,1000,1000,1000,1000,1000,1000,1000,1000,1000,1000,1000,1000,1000,1000,1000,1000,1000,1000,1000,1000,1000,1000,1000,1000,1000,1000,1000,1000,1000,1000,1000,1000,1000,1000,1000,1000,1000,1000,1000,1000,1000,1000,1000,1000,1000,1000,1000,1000,1000,1000,1000,1000,1000,1000,1000,1000,1000,1000,1000,1000,1000,1000,1000,1000,1000,1000,1000,1000,1000,1000,1000,1000,1000,1000,1000,1000,1000,1000,1000,1000,1000,1000,1000,1000,1000,1000,1000,1000,1000,1000,1000,1000,1000,1000,1000,1000,1000,1000,1000,1000,1000,1000,1000,1000,1000,1000,1234.003,1235.949,1241.787,1245.679,1000,1000,1000,1000,1104.109,1104.474,1000,1000,1000,1000,1000,1000,1000,1153.686,1153.488,1000,1000,1000,1000,1000,1000,1000,1162.975,1161.029,1158.84,1160.543,1163.705,1165.407,1167.597,1171.489,1172.948,1174.408,1178.543,1183.408,1187.3,1194.597,1205.786,1223.3,1000,1000,1000,1188.759,1190.948,1186.57,1000,1000,1000,1000,1000,1000,1000,1000,1000,1000,1000,1000,1000,1000,1000,1000,1000,1000,1000,1115.542,1111.772,1109.446,1109.02,1000,1000,1000,1000,1000,1000,1000,1000,1000,1000,1000,1000,1000,1000,1000,1195.084,1195.084,1195.57,1197.516,1000,1000,1000,1000,1000,1000,1000,1196.786,1207.976,1215.03,1221.354,1230.111,1234.49,1235.463,1241.787,1244.706,1246.652,1249.571,1253.463,1000,1000,1000,1000,1000,1000,1000,1261.247,1000,1000,1000,1000,1116.796,1117.1,1117.511,1117.967,1000,1000,1000,1000,1000,1000,1000,1000,1000,1000,1000,1000,1000,1000,1000,1000,1000,1000,1000,1000,1000,1000,1234.003,1234.49,1240.814,1244.706,1249.571,1250.544,1251.517,1252.49,1254.436,1252.49,1252.49,1257.355,1258.328,1258.328,1263.193,1268.544,1268.544,1267.571,1268.544,1270.49,1273.409,1274.382,1165.484,1165.407,1274.382,1271.463,1269.517,1265.625,1274.382,1276.328,1276.328,1276.328,1165.484,1276.328,1274.382,1273.409,1269.517,1267.571,1265.625,1265.625,1267.571,1271.463,1274.382,1271.463,1273.409,1270.49,1269.517,1271.463,1165.407,1275.355,1276.328,1165.407,1273.409,1267.571,1267.571,1263.193,1261.247,1259.301,1256.382,1250.544,1248.598,1000,1000,1000,1000,1000,1000,1000,1000,1000,1000,1000,1000,1000,1000,1000,1000,1000,1258.328,1254.436,1254.436,1256.382,1248.598,1251.517,1253.463,1251.517,1247.625,1248.598,1246.652,1243.733,1239.841,1239.841,1243.733,1244.706,1236.435,1238.381,1234.003,1231.084,1222.814,1222.814,1222.814,1221.354,1222.814,1229.625,1234.49,1000,1000,1000,1000,1000,1000,1000,1000,1000,1000,1000,1000,1000,1000,1000,1000,1000,1000,1000,1000,1000,1000,1000,1000,1000,1000,1000,1000,1000,1000,1000,1000,1000,1000,1000,1000,1000,1000,1000,1000,1000,1000,1000,1000,1000,1000,1000,1000,1000,1000,1000,1000,1000,1000,1000,1000,1000,1000,1173.921,1171.245,1169.056,1169.056,1170.516,1171.61,1170.151,1167.962,1166.989,1166.38,1164.495,1164.799,1165.407,1164.495,1000,1000,1000,1000,1000,1000,1000,1000,1000,1000,1000,1000,1000,1000,1000,1000,1000,1000,1000,1000,1000,1000,1000,1000,1000,1000,1000,1000,1000,1000,1000,1000,1000,1264.652,1000,1000,1254.922,1253.949,1246.652,1247.625,1241.787,1240.814,1238.868,1234.003,1221.354,1215.516,1209.678,1205.786,1203.354,1205.786,1205.786,1204.813,1202.867,1203.354,1198.489,1196.3,1193.381,1190.948,1187.543,1000,1000,1000,1000,1000,1000,1000,1000,1000,1000,1000,1000,1000,1000,1000,1000,1000,1000,1000,1000,1000,1000,1000,1000,1000,1000,1000,1000,1000,1000,1000,1000,1000,1000,1000,1000,1000,1000,1000,1000,1000,1000,1000,1000,1000,1000,1000,1000,1000,1000,1000,1000,1000,1000,1000,1000,1000,1000,1000,1000,1000,1000,1000,1000,1000,1000,1000,1000,1000,1000,1000,1000,1000,1000,1000,1000,1000,1000,1000,1000,1000,1000,1000,1000,1000,1000,1000,1000,1000,1000,1000,1000,1000,1000,1000,1000,1000,1000,1000,1000,1000,1000,1000,1000,1000,1000
1000,1000,1000,1000,1000,1000,1000,1000,1000,1000,1000,1000,1000,1000,1000,1000,1000,1000,1000,1000,1000,1000,1000,1000,1000,1000,1000,1000,1000,1000,1000,1000,1000,1000,1000,1000,1000,1000,1000,1000,1000,1000,1000,1000,1000,1000,1000,1000,1000,1000,1000,1000,1000,1000,1000,1000,1000,1000,1000,1000,1000,1000,1000,1000,1000,1000,1000,1000,1000,1000,1000,1000,1000,1000,1000,1000,1000,1000,1000,1000,1000,1000,1000,1000,1000,1000,1000,1000,1000,1000,1000,1000,1000,1000,1000,1000,1000,1000,1000,1000,1000,1000,1000,1000,1000,1000,1000,1000,1000,1000,1000,1000,1000,1000,1000,1000,1000,1000,1000,1000,1000,1000,1000,1000,1000,1000,1000,1000,1000,1000,1000,1000,1000,1000,1000,1000,1000,1000,1000,1000,1000,1000,1000,1000,1000,1000,1000,1000,1000,1000,1224.76,1225.733,1228.165,1232.057,1235.949,1000,1000,1000,1000,1105.143,1000,1000,1000,1000,1000,1000,1000,1152.166,1152.204,1152.333,1152.432,1000,1000,1000,1000,1000,1000,1000,1163.705,1158.84,1160.543,1162.975,1164.191,1165.407,1172.948,1173.678,1175.137,1176.597,1181.462,1179.516,1000,1000,1000,1000,1000,1000,1000,1000,1000,1000,1000,1000,1000,1000,1000,1000,1000,1000,1000,1000,1000,1000,1000,1000,1000,1000,1000,1000,1000,1108.929,1107.447,1000,1000,1000,1000,1000,1000,1000,1000,1000,1000,1000,1000,1000,1189.732,1000,1188.759,1187.056,1185.354,1183.894,1186.083,1188.759,1000,1000,1000,1000,1000,1000,1000,1195.084,1198.003,1203.111,1212.111,1213.57,1218.435,1223.787,1228.652,1228.652,1232.057,1000,1000,1000,1000,1000,1000,1000,1000,1000,1000,1000,1000,1000,1117.138,1117.176,1117.404,1000,1000,1000,1000,1000,1000,1000,1000,1000,1000,1000,1000,1000,1000,1000,1000,1000,1000,1000,1000,1000,1000,1229.625,1224.76,1225.246,1227.679,1230.111,1232.057,1234.49,1234.49,1235.463,1238.868,1237.408,1237.408,1238.381,1238.868,1238.868,1239.841,1243.733,1246.652,1247.625,1247.625,1250.544,1250.544,1251.517,1254.436,1252.49,1251.517,1250.544,1248.598,1245.679,1251.517,1254.436,1253.463,1257.355,1259.301,1256.382,1254.436,1254.436,1250.544,1250.544,1250.544,1249.571,1250.544,1252.49,1253.463,1250.544,1250.544,1250.544,1249.571,1252.49,1256.382,1257.355,1256.382,1256.382,1251.517,1246.652,1245.679,1242.76,1242.76,1241.787,1241.787,1238.381,1238.868,1233.03,1226.219,1221.354,1000,1000,1000,1000,1000,1000,1000,1000,1000,1000,1000,1000,1000,1000,1249.571,1243.733,1240.814,1247.625,1238.868,1240.814,1238.381,1236.435,1230.111,1230.111,1227.192,1226.219,1222.814,1221.354,1221.354,1224.76,1218.922,1222.814,1219.895,1218.435,1211.624,1212.111,1211.624,1210.165,1212.111,1216.003,1218.435,1222.327,1000,1000,1000,1000,1000,1000,1000,1000,1000,1000,1000,1000,1000,1000,1000,1000,1000,1000,1000,1000,1000,1000,1000,1000,1000,1000,1000,1000,1000,1000,1000,1000,1000,1000,1000,1000,1000,1000,1000,1000,1000,1000,1000,1000,1000,1000,1000,1000,1000,1000,1000,1000,1000,1000,1000,1000,1000,1173.921,1168.326,1165.712,1164.252,1164.252,1163.097,1161.516,1160.056,1158.353,1157.411,1157.411,1158.171,1158.353,1158.962,1158.597,1157.228,1000,1000,1000,1000,1000,1000,1000,1152.287,1000,1000,1000,1000,1000,1000,1000,1000,1000,1000,1000,1000,1000,1000,1000,1000,1000,1000,1000,1000,1000,1000,1000,1000,1000,1000,1000,1000,1223.787,1223.787,1222.814,1226.706,1228.165,1225.733,1212.111,1205.786,1200.435,1195.57,1193.381,1195.57,1194.84,1194.84,1190.948,1188.273,1184.381,1182.192,1178.056,1175.867,1000,1000,1000,1000,1000,1000,1000,1000,1000,1000,1000,1000,1000,1000,1000,1000,1000,1000,1000,1000,1000,1000,1000,1000,1000,1000,1000,1000,1000,1000,1000,1000,1000,1000,1000,1000,1000,1000,1000,1000,1000,1000,1000,1000,1000,1000,1000,1000,1000,1000,1000,1000,1000,1000,1000,1000,1000,1000,1000,1000,1000,1000,1000,1000,1000,1000,1000,1000,1000,1000,1000,1000,1000,1000,1000,1000,1000,1000,1000,1000,1000,1000,1000,1000,1000,1000,1000,1000,1000,1000,1000,1000,1000,1000,1000,1000,1000,1000,1000,1000,1000,1000,1000,1000,1000,1000,1000
1000,1000,1000,1000,1000,1000,1000,1000,1000,1000,1000,1000,1000,1000,1000,1000,1000,1000,1000,1000,1000,1000,1000,1000,1000,1000,1000,1000,1000,1000,1000,1000,1000,1000,1000,1000,1000,1000,1000,1000,1000,1000,1000,1000,1000,1000,1000,1000,1000,1000,1000,1000,1000,1000,1000,1000,1000,1000,1000,1000,1000,1000,1000,1000,1000,1000,1000,1000,1000,1000,1000,1000,1000,1000,1000,1000,1000,1000,1000,1000,1000,1000,1000,1000,1000,1000,1000,1000,1000,1000,1000,1000,1000,1000,1000,1000,1000,1000,1000,1000,1000,1000,1000,1000,1000,1000,1000,1000,1000,1000,1000,1000,1000,1000,1000,1000,1000,1000,1000,1000,1000,1000,1000,1000,1000,1000,1000,1000,1000,1000,1000,1000,1000,1000,1000,1000,1000,1000,1170.759,1000,1000,1000,1000,1000,1000,1000,1176.597,1000,1000,1000,1226.706,1222.814,1222.814,1224.76,1230.111,1000,1000,1000,1000,1107.819,1000,1000,1000,1000,1000,1000,1245.679,1243.733,1254.922,1263.679,1151.9,1000,1000,1000,1000,1000,1000,1000,1164.921,1158.84,1162.975,1165.407,1168.813,1169.543,1177.083,1175.624,1172.218,1000,1000,1000,1000,1000,1000,1000,1000,1000,1000,1000,1000,1000,1000,1000,1000,1000,1000,1000,1000,1000,1000,1000,1000,1000,1000,1000,1000,1000,1108.397,1108.929,1108.237,1000,1000,1000,1000,1000,1000,1000,1166.624,1000,1000,1000,1000,1000,1000,1000,1180.489,1000,1179.637,1179.637,1178.664,1177.813,1179.637,1182.435,1000,1000,1000,1000,1000,1000,1183.894,1188.029,1190.219,1193.138,1196.786,1197.516,1202.624,1208.705,1214.543,1217.462,1000,1000,1000,1000,1000,1000,1000,1000,1000,1000,1000,1000,1000,1116.948,1117.138,1117.062,1000,1000,1000,1000,1000,1000,1000,1000,1000,1000,1187.543,1197.516,1000,1000,1000,1203.84,1201.895,1202.624,1206.516,1214.543,1218.922,1218.922,1219.895,1219.895,1215.03,1215.03,1217.462,1218.922,1219.895,1218.922,1218.922,1220.381,1222.327,1220.381,1221.354,1223.787,1223.787,1222.814,1226.219,1229.625,1229.625,1230.111,1230.111,1231.084,1231.084,1233.03,1234.49,1232.057,1231.084,1229.625,1227.679,1226.219,1230.111,1232.057,1231.084,1233.03,1234.003,1233.03,1234.49,1234.003,1233.03,1233.03,1234.003,1230.111,1230.111,1230.111,1231.084,1228.652,1230.111,1232.057,1233.03,1234.49,1237.408,1238.381,1236.435,1235.463,1231.084,1227.679,1227.192,1227.679,1227.192,1227.679,1227.679,1224.76,1225.246,1221.354,1218.922,1218.435,1216.489,1208.705,1000,1000,1000,1000,1000,1000,1000,1000,1000,1000,1000,1000,1000,1000,1000,1000,1234.49,1234.003,1228.652,1221.354,1215.03,1213.57,1210.651,1211.624,1210.165,1210.651,1209.435,1212.111,1205.057,1209.435,1207.976,1207.976,1201.895,1201.895,1200.435,1198.003,1199.948,1204.57,1208.705,1212.111,1000,1000,1000,1000,1000,1000,1000,1000,1000,1000,1000,1000,1000,1000,1000,1000,1000,1000,1000,1000,1000,1000,1000,1000,1000,1000,1000,1000,1000,1000,1000,1000,1000,1000,1000,1000,1000,1000,1000,1000,1000,1000,1000,1000,1000,1000,1000,1000,1000,1000,1000,1000,1000,1000,1000,1000,1000,1000,1164.252,1161.029,1160.299,1159.874,1157.593,1157.411,1156.225,1154.917,1154.309,1154.553,1154.553,1154.674,1154.553,1154.674,1153.884,1152.599,1000,1000,1000,1000,1152.204,1152.204,1152.052,1151.976,1000,1000,1000,1000,1000,1000,1000,1000,1000,1000,1000,1000,1000,1000,1000,1000,1000,1000,1000,1000,1000,1000,1000,1000,1000,1000,1000,1000,1000,1204.813,1206.759,1207.246,1208.705,1197.03,1190.219,1189.489,1187.056,1185.11,1184.381,1181.462,1178.056,1175.381,1171.245,1169.786,1171.245,1169.786,1167.475,1000,1000,1000,1000,1000,1000,1000,1000,1000,1000,1000,1000,1000,1000,1000,1000,1000,1000,1000,1000,1000,1000,1000,1000,1000,1000,1000,1000,1000,1000,1000,1000,1000,1000,1000,1000,1000,1000,1000,1000,1000,1000,1000,1000,1000,1000,1000,1000,1000,1000,1000,1000,1000,1000,1000,1000,1000,1000,1000,1000,1000,1000,1000,1000,1000,1000,1000,1000,1000,1000,1000,1000,1000,1000,1000,1000,1000,1000,1000,1000,1000,1000,1000,1000,1000,1000,1000,1000,1000,1000,1000,1000,1000,1000,1000,1000,1000,1000,1000,1000,1000,1000,1000,1000,1000,1000,1000
1000,1000,1000,1000,1000,1000,1000,1000,1000,1000,1000,1000,1000,1000,1000,1000,1000,1000,1000,1000,1000,1000,1000,1000,1000,1000,1000,1000,1000,1000,1000,1000,1000,1000,1000,1000,1000,1000,1000,1000,1000,1000,1000,1000,1000,1000,1000,1000,1000,1000,1000,1000,1000,1000,1000,1000,1000,1000,1000,1000,1000,1000,1000,1000,1000,1000,1000,1000,1000,1000,1000,1000,1000,1000,1000,1000,1000,1000,1000,1000,1000,1000,1000,1000,1000,1000,1000,1000,1000,1000,1000,1000,1000,1000,1000,1000,1000,1000,1000,1000,1000,1000,1000,1000,1000,1000,1000,1000,1000,1000,1000,1000,1000,1000,1000,1000,1000,1000,1000,1000,1000,1000,1000,1000,1000,1000,1150.083,1150.387,1152.272,1154.948,1154.705,1155.313,1156.286,1156.651,1156.286,1159.57,1000,1166.137,1167.962,1167.962,1167.962,1172.218,1177.083,1000,1000,1000,1177.57,1000,1000,1000,1000,1222.327,1218.435,1221.354,1000,1000,1000,1000,1106.542,1000,1000,1000,1000,1000,1000,1000,1000,1230.111,1240.814,1249.571,1000,1000,1000,1000,1000,1000,1000,1000,1000,1000,1000,1169.543,1172.218,1000,1000,1000,1000,1000,1000,1000,1000,1000,1000,1145.461,1142.786,1146.677,1144.488,1000,1000,1000,1000,1000,1000,1000,1000,1000,1000,1000,1000,1000,1000,1000,1000,1000,1000,1000,1107.621,1000,1000,1000,1000,1000,1000,1000,1000,1161.272,1161.516,1162.853,1165.407,1167.354,1168.691,1000,1171.245,1000,1000,1000,1170.881,1170.881,1000,1000,1000,1000,1000,1000,1000,1000,1000,1000,1000,1000,1182.921,1186.57,1189.732,1189.246,1192.651,1000,1000,1205.786,1000,1000,1000,1000,1000,1000,1000,1000,1000,1000,1000,1000,1000,1000,1000,1000,1000,1000,1000,1000,1000,1000,1000,1000,1181.462,1180.489,1183.408,1191.435,1195.57,1199.948,1199.219,1196.057,1195.084,1193.867,1198.003,1205.057,1207.976,1207.976,1210.165,1207.246,1201.895,1203.111,1203.84,1205.057,1205.057,1205.057,1203.111,1204.57,1205.786,1205.057,1207.246,1209.435,1210.165,1207.976,1209.435,1210.165,1210.651,1211.624,1213.084,1212.111,1212.111,1213.084,1213.57,1213.084,1213.084,1213.57,1211.624,1212.111,1215.03,1215.03,1216.489,1219.895,1216.489,1215.03,1218.435,1216.003,1216.003,1216.489,1219.895,1218.435,1216.489,1215.03,1216.489,1213.084,1213.084,1215.03,1216.003,1216.489,1219.895,1222.327,1220.381,1220.381,1219.895,1216.003,1213.57,1213.084,1212.111,1210.165,1210.165,1208.705,1210.165,1207.246,1207.246,1207.246,1207.246,1201.895,1206.516,1000,1199.219,1000,1200.435,1000,1000,1000,1000,1000,1000,1000,1000,1000,1000,1000,1227.679,1228.652,1222.327,1213.57,1207.246,1205.786,1201.895,1201.895,1199.948,1199.219,1196.786,1198.732,1191.921,1195.084,1195.084,1193.138,1189.246,1190.948,1189.732,1186.57,1189.246,1191.921,1193.867,1195.57,1000,1000,1000,1000,1000,1000,1000,1000,1000,1000,1000,1000,1000,1000,1000,1000,1000,1000,1000,1000,1000,1000,1000,1000,1000,1000,1000,1000,1000,1000,1000,1000,1000,1000,1000,1000,1000,1000,1000,1000,1000,1000,1000,1000,1000,1000,1000,1000,1000,1000,1000,1000,1000,1000,1000,1000,1000,1000,1161.516,1158.597,1158.171,1157.411,1155.769,1155.465,1154.553,1153.405,1152.721,1152.781,1152.432,1152.379,1152.242,1152.333,1151.9,1257.841,1244.706,1000,1000,1243.733,1256.868,1258.814,1257.841,1257.841,1252.976,1245.679,1000,1000,1000,1000,1000,1000,1000,1000,1000,1000,1000,1000,1000,1000,1000,1000,1000,1000,1000,1000,1000,1000,1000,1000,1000,1000,1000,1000,1000,1000,1000,1000,1000,1000,1000,1000,1000,1000,1166.989,1163.948,1161.029,1160.299,1159.934,1160.299,1000,1000,1000,1000,1000,1000,1000,1000,1000,1000,1000,1000,1000,1000,1000,1000,1000,1000,1000,1000,1000,1000,1000,1000,1000,1000,1000,1000,1000,1000,1000,1000,1000,1000,1000,1000,1000,1000,1000,1000,1000,1000,1000,1000,1000,1000,1000,1000,1000,1000,1000,1000,1000,1000,1000,1000,1000,1000,1000,1000,1000,1000,1000,1000,1000,1000,1000,1000,1000,1000,1000,1000,1000,1000,1000,1000,1000,1000,1000,1000,1000,1000,1000,1000,1000,1000,1000,1000,1000,1000,1000,1000,1000,1000,1000,1000,1000,1000,1000,1000,1000,1000,1000,1000,1000,1000,1000,1000
1000,1000,1000,1000,1000,1000,1000,1000,1000,1000,1000,1000,1000,1000,1000,1000,1000,1000,1000,1000,1000,1000,1000,1000,1000,1000,1000,1000,1000,1000,1000,1000,1000,1000,1000,1000,1000,1000,1000,1000,1000,1000,1000,1000,1000,1000,1000,1000,1000,1000,1000,1000,1000,1000,1000,1000,1000,1000,1000,1000,1000,1000,1000,1000,1000,1000,1000,1000,1000,1000,1000,1000,1000,1000,1000,1000,1000,1000,1000,1000,1000,1000,1000,1000,1000,1000,1000,1000,1000,1000,1000,1000,1000,1000,1000,1000,1000,1000,1000,1000,1000,1000,1000,1000,1000,1000,1000,1000,1000,1000,1000,1000,1000,1000,1000,1000,1000,1000,1000,1000,1000,1000,1000,1000,1000,1145.735,1148.198,1148.624,1150.874,1153.124,1153.732,1153.428,1154.705,1154.705,1154.34,1155.921,1157.38,1161.516,1163.462,1163.462,1164.313,1168.326,1170.759,1000,1000,1000,1000,1000,1000,1000,1000,1000,1000,1000,1000,1000,1000,1000,1000,1000,1000,1107.447,1000,1000,1000,1000,1000,1222.814,1236.922,1246.652,1000,1000,1000,1000,1000,1000,1000,1000,1000,1000,1000,1000,1000,1000,1000,1000,1000,1000,1000,1000,1129.65,1132.083,1139.137,1144.002,1142.786,1151.299,1148.38,1000,1000,1000,1000,1000,1000,1000,1000,1000,1000,1000,1000,1000,1000,1000,1000,1000,1000,1000,1107.18,1000,1000,1000,1000,1159.205,1000,1158.353,1000,1159.63,1159.387,1160.056,1162.063,1162.549,1162.549,1164.495,1164.252,1000,1000,1000,1000,1000,1000,1000,1000,1000,1000,1000,1000,1000,1000,1000,1000,1000,1178.178,1182.435,1185.354,1000,1000,1000,1000,1000,1000,1000,1000,1000,1000,1000,1000,1000,1000,1000,1000,1000,1000,1000,1000,1000,1000,1000,1000,1000,1000,1000,1000,1000,1178.664,1179.151,1180.975,1185.354,1185.354,1188.029,1187.543,1185.354,1184.867,1184.867,1188.029,1193.867,1195.084,1195.57,1196.057,1193.867,1189.246,1191.435,1191.921,1193.138,1193.138,1193.138,1191.435,1192.651,1192.651,1192.651,1192.651,1194.354,1194.354,1193.867,1195.57,1197.516,1197.516,1198.732,1198.732,1198.732,1197.516,1198.732,1198.003,1198.732,1198.732,1199.219,1198.003,1198.003,1199.948,1199.948,1201.165,1203.84,1203.111,1201.895,1203.84,1203.84,1203.111,1204.57,1207.246,1205.057,1204.57,1204.57,1204.57,1202.624,1203.111,1204.57,1203.84,1203.84,1204.57,1205.786,1204.57,1204.57,1203.84,1201.165,1197.516,1197.516,1195.084,1193.138,1195.084,1195.084,1195.57,1195.084,1195.57,1195.084,1195.084,1191.435,1193.138,1190.948,1186.083,1181.462,1183.408,1176.475,1177.327,1000,1000,1000,1000,1000,1000,1000,1000,1000,1000,1000,1217.462,1205.057,1199.948,1198.732,1195.57,1195.084,1192.651,1192.651,1190.219,1189.246,1181.462,1184.381,1182.435,1180.489,1179.151,1180.975,1180.002,1179.151,1180.489,1181.462,1182.921,1183.408,1187.543,1000,1000,1000,1000,1000,1000,1000,1176.84,1172.705,1000,1000,1000,1000,1000,1000,1000,1000,1000,1000,1000,1000,1000,1000,1000,1000,1000,1000,1000,1000,1000,1000,1000,1000,1000,1000,1000,1000,1000,1000,1000,1000,1000,1000,1000,1000,1000,1000,1000,1000,1000,1000,1000,1000,1000,1000,1000,1000,1000,1155.921,1155.191,1154.796,1153.488,1153.405,1152.926,1152.379,1152.014,1152.052,1151.824,1264.652,1262.706,1262.706,1251.517,1242.76,1230.111,1000,1000,1000,1233.03,1240.814,1242.76,1242.76,1241.787,1240.814,1233.03,1225.733,1216.976,1213.084,1208.705,1208.219,1000,1000,1000,1000,1000,1000,1000,1000,1000,1168.813,1166.867,1173.191,1165.894,1165.894,1155.678,1000,1000,1000,1000,1000,1000,1000,1000,1000,1000,1000,1000,1000,1000,1000,1000,1000,1000,1000,1155.921,1155.678,1000,1000,1000,1000,1000,1000,1000,1000,1000,1000,1000,1000,1000,1000,1000,1000,1000,1000,1000,1000,1000,1000,1000,1000,1000,1000,1000,1000,1000,1000,1000,1000,1000,1000,1000,1000,1000,1000,1000,1000,1000,1000,1000,1000,1000,1000,1000,1000,1000,1000,1000,1000,1000,1000,1000,1000,1000,1000,1000,1000,1000,1000,1000,1000,1000,1000,1000,1000,1000,1000,1000,1000,1000,1000,1000,1000,1000,1000,1000,1000,1000,1000,1000,1000,1000,1000,1000,1000,1000,1000,1000,1000,1000,1000,1000,1000,1000,1000,1000,1000,1000,1000,1000,1000,1000,1000,1000,1000,1000,1000
1000,1000,1000,1000,1000,1000,1000,1000,1000,1000,1000,1000,1000,1000,1000,1000,1000,1000,1000,1000,1000,1000,1000,1000,1000,1000,1000,1000,1000,1000,1000,1000,1000,1000,1000,1000,1000,1000,1000,1000,1000,1000,1000,1000,1000,1000,1000,1000,1000,1000,1000,1000,1000,1000,1000,1000,1000,1000,1000,1000,1000,1000,1000,1000,1000,1000,1000,1000,1000,1000,1000,1000,1000,1000,1000,1000,1000,1000,1000,1000,1000,1000,1000,1000,1000,1000,1000,1000,1000,1000,1000,1000,1000,1000,1000,1000,1000,1000,1000,1000,1000,1000,1000,1000,1000,1000,1000,1000,1000,1000,1000,1000,1000,1000,1000,1000,1000,1000,1000,1000,1142.314,1142.634,1142.634,1142.998,1144.245,1144.397,1146.1,1146.313,1148.38,1150.083,1150.874,1150.083,1151.725,1151.421,1151.178,1152.576,1154.34,1156.651,1157.745,1157.745,1158.11,1159.934,1160.664,1000,1000,1000,1000,1185.354,1182.921,1177.57,1000,1000,1000,1000,1000,1000,1000,1000,1000,1213.084,1107.256,1107.256,1107.53,1000,1000,1000,1000,1000,1000,1000,1000,1000,1000,1000,1000,1000,1000,1000,1000,1000,1000,1000,1000,1000,1000,1000,1000,1000,1000,1000,1000,1000,1000,1000,1000,1000,1000,1000,1000,1000,1000,1000,1000,1000,1000,1000,1000,1000,1000,1000,1000,1000,1000,1000,1000,1000,1000,1000,1000,1000,1000,1155.191,1000,1155.191,1156.711,1156.529,1156.377,1157.593,1158.171,1158.353,1158.779,1159.874,1158.962,1158.597,1000,1000,1158.171,1000,1000,1000,1000,1000,1000,1000,1000,1000,1000,1000,1000,1000,1000,1000,1000,1000,1000,1000,1000,1000,1000,1000,1000,1000,1000,1000,1000,1000,1000,1000,1000,1000,1000,1000,1000,1000,1000,1000,1000,1000,1000,1000,1000,1173.191,1172.34,1172.705,1173.556,1175.624,1174.772,1177.327,1176.84,1176.84,1177.327,1177.327,1179.151,1182.921,1183.894,1182.921,1183.894,1182.435,1179.637,1181.462,1181.462,1181.948,1181.462,1183.408,1181.462,1183.894,1184.381,1184.381,1182.921,1185.354,1183.408,1183.894,1184.867,1187.543,1187.056,1188.029,1187.543,1188.759,1187.056,1188.029,1187.543,1188.759,1187.056,1189.246,1187.543,1188.029,1188.029,1188.029,1189.246,1190.219,1188.759,1188.759,1190.219,1190.219,1189.732,1192.651,1195.084,1193.138,1191.921,1193.138,1191.921,1190.219,1191.435,1194.354,1192.651,1193.867,1193.867,1193.138,1190.948,1191.435,1189.732,1189.246,1187.056,1187.543,1185.354,1183.408,1184.381,1185.354,1185.354,1186.083,1187.543,1186.57,1184.867,1182.435,1181.948,1179.637,1175.989,1173.921,1173.921,1171.975,1171.975,1000,1000,1000,1000,1000,1000,1000,1000,1000,1000,1000,1000,1198.003,1193.138,1191.435,1187.543,1187.543,1186.083,1186.083,1183.408,1182.435,1175.137,1175.624,1173.921,1173.556,1172.34,1174.408,1173.921,1173.921,1174.772,1176.475,1176.475,1176.475,1176.475,1000,1000,1000,1000,1000,1000,1183.408,1171.61,1167.354,1164.495,1000,1000,1000,1000,1000,1000,1000,1000,1000,1000,1000,1000,1000,1000,1000,1000,1000,1000,1000,1000,1000,1000,1000,1000,1000,1000,1000,1000,1000,1000,1000,1000,1000,1000,1000,1000,1000,1000,1000,1000,1000,1000,1000,1000,1000,1000,1000,1000,1154.431,1154.431,1153.777,1152.85,1152.599,1152.333,1151.786,1255.895,1254.922,1247.625,1242.76,1243.733,1240.814,1234.003,1228.165,1222.327,1000,1000,1000,1223.787,1225.733,1228.165,1228.165,1225.733,1223.787,1219.408,1215.516,1210.651,1208.219,1204.327,1202.867,1198.489,1192.894,1000,1000,1000,1000,1000,1000,1170.272,1165.894,1162.975,1000,1160.543,1160.543,1150.326,1149.353,1145.948,1140.353,1000,1000,1000,1000,1000,1000,1000,1000,1000,1000,1000,1000,1000,1000,1000,1000,1000,1000,1000,1000,1000,1000,1000,1000,1000,1000,1000,1000,1000,1000,1000,1000,1000,1000,1000,1000,1000,1000,1000,1000,1000,1000,1000,1000,1000,1000,1000,1000,1000,1000,1000,1000,1000,1000,1000,1000,1000,1000,1000,1000,1000,1000,1000,1000,1000,1000,1000,1000,1000,1000,1000,1000,1000,1000,1000,1000,1000,1000,1000,1000,1000,1000,1000,1000,1000,1000,1000,1000,1000,1000,1000,1000,1000,1000,1000,1000,1000,1000,1000,1000,1000,1000,1000,1000,1000,1000,1000,1000,1000,1000,1000,1000,1000,1000,1000,1000,1000,1000,1000,1000,1000,1000,1000,1000,1000,1000,1000,1000
1000,1000,1000,1000,1000,1000,1000,1000,1000,1000,1000,1000,1000,1000,1000,1000,1000,1000,1000,1000,1000,1000,1000,1000,1000,1000,1000,1000,1000,1000,1000,1000,1000,1000,1000,1000,1000,1000,1000,1000,1000,1000,1000,1000,1000,1000,1000,1000,1000,1000,1000,1000,1000,1000,1000,1000,1000,1000,1000,1000,1000,1000,1000,1000,1000,1000,1000,1000,1000,1000,1000,1000,1000,1000,1000,1000,1000,1000,1000,1000,1000,1000,1000,1000,1000,1000,1000,1000,1000,1000,1000,1000,1000,1000,1000,1000,1000,1000,1000,1000,1000,1000,1000,1000,1000,1000,1000,1000,1000,1000,1000,1000,1000,1000,1000,1000,1000,1140.756,1141.25,1140.862,1141.25,1141.174,1141.174,1141.478,1142.208,1142.101,1143.379,1143.652,1144.549,1145.735,1146.677,1146.313,1147.711,1148.867,1148.198,1149.11,1151.421,1152.576,1152.576,1153.428,1154.036,1155.921,1156.651,1000,1000,1000,1000,1192.165,1190.219,1189.246,1173.191,1000,1000,1000,1000,1000,1000,1000,1000,1107.104,1107.37,1107.332,1107.842,1000,1000,1000,1000,1000,1000,1000,1000,1000,1000,1000,1000,1000,1000,1000,1000,1000,1000,1000,1000,1000,1000,1000,1000,1000,1000,1000,1000,1000,1000,1000,1000,1000,1000,1000,1000,1000,1000,1000,1000,1000,1000,1000,1000,1000,1000,1000,1000,1000,1000,1000,1000,1000,1000,1000,1000,1000,1000,1000,1000,1000,1000,1000,1000,1154.796,1155.328,1155.328,1155.328,1156.225,1155.769,1155.465,1155.328,1156.225,1155.921,1000,1000,1000,1000,1000,1000,1000,1000,1000,1000,1000,1000,1000,1000,1000,1000,1000,1000,1000,1000,1000,1000,1000,1000,1000,1000,1000,1000,1000,1000,1000,1000,1000,1000,1000,1000,1000,1000,1000,1000,1000,1000,1166.016,1166.989,1167.962,1167.962,1168.326,1168.691,1169.786,1169.056,1170.151,1170.151,1170.151,1169.786,1169.786,1171.61,1173.191,1173.921,1172.705,1173.556,1172.34,1170.516,1171.245,1171.245,1171.61,1172.34,1173.921,1174.408,1176.475,1177.327,1177.327,1175.624,1176.84,1175.989,1175.137,1175.989,1177.327,1177.327,1176.84,1177.327,1179.151,1178.178,1178.178,1178.664,1179.637,1176.84,1177.327,1176.475,1176.84,1175.989,1176.475,1178.178,1178.664,1177.327,1177.813,1178.664,1178.178,1178.664,1180.975,1181.948,1181.948,1181.462,1181.462,1181.462,1180.975,1181.948,1182.921,1182.921,1182.921,1181.462,1180.489,1179.637,1178.664,1177.327,1177.327,1175.989,1176.84,1175.624,1175.137,1175.989,1176.475,1175.624,1176.475,1176.84,1176.475,1175.624,1174.408,1173.191,1171.61,1169.056,1168.326,1167.962,1166.624,1166.38,1165.712,1165.104,1162.549,1160.543,1000,1000,1000,1000,1000,1000,1000,1000,1000,1000,1190.219,1187.056,1185.354,1182.435,1000,1000,1000,1171.61,1169.056,1166.38,1166.38,1166.016,1167.597,1167.597,1169.056,1168.691,1169.421,1168.691,1168.326,1166.989,1000,1000,1000,1000,1000,1000,1000,1169.421,1163.948,1160.543,1158.962,1157.776,1000,1000,1000,1000,1000,1000,1000,1000,1000,1000,1000,1000,1000,1000,1000,1000,1000,1000,1000,1000,1000,1000,1000,1000,1000,1000,1000,1000,1000,1000,1000,1000,1000,1000,1000,1000,1000,1000,1000,1000,1000,1000,1000,1000,1000,1000,1153.154,1153.405,1152.926,1152.333,1152.166,1151.938,1255.895,1249.571,1244.706,1236.922,1229.138,1226.706,1221.354,1216.976,1212.111,1210.651,1205.786,1000,1000,1000,1208.219,1205.786,1205.786,1203.354,1203.354,1204.327,1204.327,1200.435,1200.435,1196.3,1195.57,1192.165,1188.759,1185.11,1000,1000,1000,1000,1000,1000,1000,1000,1000,1000,1000,1000,1144.488,1143.759,1138.894,1129.65,1000,1000,1000,1000,1000,1000,1000,1000,1000,1000,1000,1000,1000,1000,1000,1000,1000,1000,1000,1000,1000,1000,1000,1000,1000,1000,1000,1000,1000,1000,1000,1000,1000,1000,1000,1000,1000,1000,1000,1000,1000,1000,1000,1000,1000,1000,1000,1000,1000,1000,1000,1000,1000,1000,1000,1000,1000,1000,1000,1000,1000,1000,1000,1000,1000,1000,1000,1000,1000,1000,1000,1000,1000,1000,1000,1000,1000,1000,1000,1000,1000,1000,1000,1000,1000,1000,1000,1000,1000,1000,1000,1000,1000,1000,1000,1000,1000,1000,1000,1000,1000,1000,1000,1000,1000,1000,1000,1000,1000,1000,1000,1000,1000,1000,1000,1000,1000,1000,1000,1000,1000,1000,1000,1000,1000,1000,1000
1000,1000,1000,1000,1000,1000,1000,1000,1000,1000,1000,1000,1000,1000,1000,1000,1000,1000,1000,1000,1000,1000,1000,1000,1000,1000,1000,1000,1000,1000,1000,1000,1000,1000,1000,1000,1000,1000,1000,1000,1000,1000,1000,1000,1000,1000,1000,1000,1000,1000,1000,1000,1000,1000,1000,1000,1000,1000,1000,1000,1000,1000,1000,1000,1000,1000,1000,1000,1000,1000,1000,1000,1000,1000,1000,1000,1000,1000,1000,1000,1000,1000,1000,1000,1000,1000,1000,1000,1000,1000,1000,1000,1000,1000,1000,1000,1000,1000,1000,1000,1000,1000,1000,1000,1000,1000,1000,1000,1000,1000,1000,1000,1000,1000,1000,1000,1000,1247.138,1140.262,1140.11,1140.528,1140.49,1140.756,1140.756,1141.106,1140.703,1141.554,1141.638,1142.527,1143.515,1144.549,1143.941,1145.036,1145.37,1145.37,1146.1,1149.597,1151.178,1152.82,1151.968,1152.82,1153.428,1000,1000,1000,1000,1186.327,1189.246,1186.327,1182.921,1162.975,1134.272,1108.914,1100.978,1000,1000,1000,1000,1000,1220.868,1107.256,1107.37,1107.842,1000,1000,1000,1000,1000,1000,1000,1000,1000,1000,1000,1000,1000,1000,1000,1000,1000,1000,1000,1000,1000,1000,1000,1000,1000,1000,1000,1000,1000,1000,1000,1000,1000,1000,1197.03,1000,1000,1000,1000,1000,1000,1000,1000,1000,1000,1000,1000,1000,1000,1000,1000,1000,1000,1000,1000,1000,1000,1000,1000,1000,1000,1000,1000,1000,1153.154,1153.686,1153.405,1153.23,1153.58,1153.488,1153.314,1153.58,1000,1000,1000,1000,1000,1000,1000,1000,1000,1000,1000,1000,1000,1000,1000,1000,1000,1000,1000,1000,1000,1000,1000,1000,1000,1000,1000,1000,1000,1000,1000,1000,1000,1000,1000,1000,1000,1000,1000,1000,1157.228,1158.353,1158.779,1160.299,1161.272,1161.759,1162.306,1162.549,1162.853,1163.401,1163.948,1163.401,1163.097,1163.097,1162.853,1162.853,1163.644,1165.712,1166.38,1166.016,1166.016,1166.38,1165.104,1164.252,1164.495,1164.799,1164.252,1164.799,1166.38,1166.989,1167.597,1169.056,1169.421,1168.326,1168.691,1167.962,1166.624,1166.624,1166.989,1166.624,1166.989,1167.597,1169.786,1170.151,1169.056,1169.056,1170.151,1167.597,1167.354,1167.962,1169.056,1168.691,1169.421,1170.881,1171.245,1170.151,1170.151,1170.151,1169.786,1169.421,1171.245,1172.34,1173.556,1173.556,1173.556,1173.556,1173.556,1173.556,1174.408,1173.556,1173.191,1172.34,1171.975,1171.245,1170.881,1171.245,1169.421,1167.597,1167.354,1166.989,1167.354,1167.597,1168.691,1168.326,1167.597,1167.597,1166.624,1165.712,1164.495,1164.799,1163.948,1163.401,1163.644,1163.644,1163.097,1162.853,1162.063,1161.516,1160.299,1158.597,1156.377,1155.465,1153.884,1000,1000,1000,1000,1000,1000,1000,1000,1000,1000,1000,1000,1000,1000,1163.097,1163.097,1160.299,1160.786,1161.029,1162.306,1162.063,1163.644,1162.853,1162.853,1161.272,1161.029,1000,1000,1000,1000,1000,1000,1000,1000,1169.786,1161.029,1157.989,1156.529,1155.921,1155.769,1154.917,1000,1000,1000,1000,1000,1000,1000,1000,1000,1000,1000,1000,1000,1000,1000,1000,1000,1000,1000,1000,1000,1000,1000,1000,1000,1000,1000,1000,1000,1000,1000,1000,1000,1000,1000,1000,1000,1000,1000,1000,1000,1000,1000,1000,1000,1000,1152.287,1152.09,1152.014,1263.679,1249.571,1239.841,1233.03,1223.787,1216.003,1214.543,1207.246,1201.408,1198.489,1194.84,1190.948,1000,1000,1000,1195.57,1190.219,1188.273,1184.381,1183.894,1185.11,1187.056,1185.11,1188.759,1185.84,1187.056,1185.84,1185.11,1181.462,1180.246,1000,1000,1000,1000,1000,1000,1000,1000,1000,1000,1000,1000,1000,1137.677,1000,1131.353,1126.731,1000,1000,1000,1000,1000,1000,1000,1000,1000,1000,1000,1000,1000,1000,1000,1000,1000,1000,1000,1000,1000,1000,1000,1000,1000,1000,1000,1000,1000,1000,1000,1000,1000,1000,1000,1000,1000,1000,1000,1000,1000,1000,1000,1000,1000,1000,1000,1000,1000,1000,1000,1000,1000,1000,1000,1000,1000,1000,1000,1000,1000,1000,1000,1000,1000,1000,1000,1000,1000,1000,1000,1000,1000,1000,1000,1000,1000,1000,1000,1000,1000,1000,1000,1000,1000,1000,1000,1000,1000,1000,1000,1000,1000,1000,1000,1000,1000,1000,1000,1000,1000,1000,1000,1000,1000,1000,1000,1000,1000,1000,1000,1000,1000,1000,1000,1000,1000,1000,1000,1000,1000,1000,1000,1000,1000
1000,1000,1000,1000,1000,1000,1000,1000,1000,1000,1000,1000,1000,1000,1000,1000,1000,1000,1000,1000,1000,1000,1000,1000,1000,1000,1000,1000,1000,1000,1000,1000,1000,1000,1000,1000,1000,1000,1000,1000,1000,1000,1000,1000,1000,1000,1000,1000,1000,1000,1000,1000,1000,1000,1000,1000,1000,1000,1000,1000,1000,1000,1000,1000,1000,1000,1000,1000,1000,1000,1000,1000,1000,1000,1000,1000,1000,1000,1000,1000,1000,1000,1000,1000,1000,1000,1000,1000,1000,1000,1000,1000,1000,1000,1000,1000,1000,1000,1000,1000,1000,1000,1000,1000,1000,1000,1000,1000,1000,1000,1000,1000,1000,1000,1000,1000,1000,1000,1244.219,1243.246,1140.148,1140.186,1140.414,1140.703,1140.657,1140.49,1140.923,1140.862,1141.174,1142.101,1142.634,1142.421,1143.242,1144.093,1144.245,1144.701,1147.955,1149.353,1149.84,1000,1000,1000,1000,1000,1000,1000,1185.354,1188.273,1181.948,1170.272,1000,1000,1000,1000,1000,1000,1000,1000,1210.165,1107.066,1107.256,1107.781,1000,1000,1000,1000,1000,1000,1000,1000,1000,1000,1000,1000,1000,1000,1000,1000,1000,1000,1000,1000,1000,1000,1000,1000,1000,1000,1000,1000,1000,1000,1000,1182.678,1187.543,1188.273,1195.57,1198.489,1201.895,1206.759,1215.516,1000,1000,1000,1000,1000,1000,1000,1000,1000,1000,1000,1000,1000,1000,1000,1000,1000,1000,1000,1000,1000,1000,1000,1000,1000,1000,1000,1152.994,1152.926,1152.85,1153.23,1152.66,1152.85,1152.721,1000,1000,1000,1000,1000,1000,1000,1000,1000,1000,1000,1000,1000,1000,1000,1000,1000,1000,1000,1000,1000,1000,1000,1000,1000,1000,1000,1000,1000,1000,1000,1000,1000,1000,1000,1000,1000,1000,1155.191,1154.917,1155.328,1155.769,1155.921,1156.711,1156.894,1157.046,1157.776,1158.597,1158.779,1158.597,1158.962,1157.776,1157.776,1157.776,1158.597,1158.597,1160.299,1160.786,1161.029,1160.543,1160.543,1160.056,1160.056,1159.63,1160.056,1160.299,1160.299,1160.543,1161.272,1162.063,1162.306,1162.306,1162.549,1161.516,1161.516,1161.272,1161.516,1161.516,1162.063,1162.306,1161.759,1161.759,1162.853,1163.401,1162.549,1163.401,1163.948,1162.549,1162.306,1163.097,1163.644,1163.401,1164.252,1165.104,1164.252,1163.401,1163.948,1163.401,1163.097,1163.401,1164.252,1163.644,1164.495,1165.104,1165.407,1165.104,1165.407,1165.407,1166.016,1165.712,1165.104,1165.712,1165.407,1164.495,1163.948,1163.401,1162.306,1161.272,1162.063,1161.759,1162.306,1162.063,1162.306,1161.272,1160.786,1160.543,1160.299,1160.056,1159.387,1159.874,1159.387,1158.779,1158.962,1158.597,1158.779,1158.171,1157.989,1157.776,1157.593,1156.894,1156.529,1155.921,1154.674,1154.097,1000,1000,1000,1000,1000,1000,1000,1000,1000,1000,1000,1000,1000,1000,1000,1156.711,1157.776,1157.989,1158.597,1158.353,1159.387,1158.171,1157.776,1000,1000,1000,1000,1000,1000,1000,1000,1000,1000,1000,1161.516,1156.529,1154.796,1155.328,1154.796,1155.054,1153.99,1000,1000,1000,1000,1000,1000,1000,1000,1000,1000,1000,1000,1000,1000,1000,1000,1000,1000,1000,1000,1000,1000,1000,1000,1000,1000,1000,1000,1000,1000,1000,1000,1000,1000,1000,1000,1000,1000,1000,1000,1000,1000,1000,1000,1000,1000,1000,1000,1242.76,1234.003,1224.76,1220.381,1213.57,1204.813,1203.354,1197.03,1192.165,1189.489,1188.759,1183.894,1000,1000,1000,1190.948,1184.381,1180.246,1177.57,1174.408,1173.191,1174.408,1172.705,1172.705,1170.272,1172.218,1172.705,1173.191,1173.191,1174.894,1000,1000,1000,1000,1000,1000,1000,1000,1000,1000,1000,1000,1000,1000,1000,1129.65,1126.731,1122.353,1000,1000,1000,1000,1000,1000,1000,1000,1000,1000,1000,1000,1000,1000,1000,1000,1000,1000,1000,1000,1000,1000,1000,1000,1000,1000,1000,1000,1000,1000,1000,1000,1000,1000,1000,1000,1000,1000,1000,1000,1000,1000,1000,1000,1000,1000,1000,1000,1000,1000,1000,1000,1000,1000,1000,1000,1000,1000,1000,1000,1000,1000,1000,1000,1000,1000,1000,1000,1000,1000,1000,1000,1000,1000,1000,1000,1000,1000,1000,1000,1000,1000,1000,1000,1000,1000,1000,1000,1000,1000,1000,1000,1000,1000,1000,1000,1000,1000,1000,1000,1000,1000,1000,1000,1000,1000,1000,1000,1000,1000,1000,1000,1000,1000,1000,1000,1000,1000,1000,1000,1000,1000,1000,1000
1000,1000,1000,1000,1000,1000,1000,1000,1000,1000,1000,1000,1000,1000,1000,1000,1000,1000,1000,1000,1000,1000,1000,1000,1000,1000,1000,1000,1000,1000,1000,1000,1000,1000,1000,1000,1000,1000,1000,1000,1000,1000,1000,1000,1000,1000,1000,1000,1000,1000,1000,1000,1000,1000,1000,1000,1000,1000,1000,1000,1000,1000,1000,1000,1000,1000,1000,1000,1000,1000,1000,1000,1000,1000,1000,1000,1000,1000,1000,1000,1000,1000,1000,1000,1000,1000,1000,1000,1000,1000,1000,1000,1000,1000,1000,1000,1000,1000,1000,1000,1000,1000,1000,1000,1000,1000,1000,1000,1000,1000,1000,1000,1000,1000,1000,1000,1000,1000,1230.111,1230.111,1243.246,1242.273,1000,1000,1000,1248.111,1140.148,1140.262,1140.414,1140.923,1140.984,1141.174,1141.478,1000,1142.755,1144.549,1147.529,1000,1000,1000,1000,1000,1000,1000,1176.597,1180.975,1178.543,1179.516,1173.191,1161.516,1000,1000,1000,1000,1000,1000,1000,1000,1000,1000,1000,1000,1000,1000,1000,1000,1000,1000,1000,1000,1000,1000,1000,1000,1000,1000,1000,1000,1000,1000,1000,1000,1000,1000,1000,1000,1000,1000,1000,1000,1000,1000,1000,1188.273,1188.759,1190.948,1192.894,1196.3,1198.975,1204.327,1205.786,1206.759,1204.327,1206.759,1201.895,1000,1000,1000,1000,1000,1000,1206.759,1205.786,1000,1000,1000,1000,1000,1000,1000,1000,1000,1000,1000,1000,1000,1000,1000,1000,1152.379,1000,1153.23,1152.485,1153.314,1000,1000,1000,1000,1000,1000,1000,1000,1000,1000,1000,1000,1000,1000,1000,1000,1000,1000,1000,1000,1000,1000,1000,1000,1000,1000,1000,1000,1000,1000,1000,1000,1000,1000,1154.674,1155.328,1155.191,1154.917,1154.309,1153.99,1153.58,1153.777,1154.203,1154.553,1154.917,1154.917,1154.917,1155.191,1155.328,1155.769,1155.465,1155.328,1154.553,1154.674,1154.309,1154.674,1154.917,1156.073,1156.529,1157.046,1157.046,1157.046,1156.711,1156.529,1155.921,1156.377,1156.377,1156.225,1156.711,1157.046,1157.046,1157.411,1157.776,1158.171,1157.776,1157.228,1157.046,1157.228,1157.228,1157.411,1157.776,1157.989,1157.776,1158.779,1158.779,1158.171,1157.989,1158.171,1157.776,1157.776,1158.171,1159.205,1159.205,1158.779,1159.63,1159.205,1158.171,1158.962,1158.779,1157.989,1158.597,1159.205,1158.597,1158.962,1159.63,1159.205,1158.779,1158.962,1158.779,1158.779,1158.962,1158.779,1159.205,1159.874,1159.387,1159.205,1158.779,1158.597,1157.593,1157.989,1157.776,1158.597,1158.353,1158.171,1157.411,1157.046,1156.529,1156.377,1156.225,1155.921,1156.377,1155.921,1155.617,1155.617,1155.769,1155.617,1155.328,1155.191,1155.328,1155.191,1154.674,1154.309,1153.777,1152.926,1152.432,1152.204,1152.09,1000,1000,1000,1000,1000,1000,1000,1000,1000,1000,1000,1000,1000,1000,1000,1156.225,1156.073,1156.529,1156.711,1000,1000,1043.511,1041.23,1000,1000,1000,1000,1000,1000,1000,1203.84,1000,1000,1000,1000,1000,1000,1000,1000,1000,1000,1000,1000,1000,1000,1000,1000,1000,1000,1000,1000,1000,1000,1000,1000,1000,1000,1000,1000,1000,1000,1000,1000,1000,1000,1000,1000,1000,1000,1000,1000,1000,1000,1000,1000,1000,1000,1000,1000,1000,1000,1000,1000,1000,1000,1000,1000,1000,1000,1216.976,1210.651,1203.354,1193.381,1192.894,1183.894,1179.759,1178.056,1178.543,1172.705,1000,1000,1000,1181.462,1176.354,1173.678,1171.245,1166.989,1166.989,1166.137,1165.164,1165.164,1164.313,1164.799,1168.813,1168.813,1168.326,1000,1000,1000,1000,1000,1000,1151.178,1149.84,1147.711,1147.103,1146.313,1000,1000,1000,1000,1130.137,1128.921,1126.002,1121.866,1000,1000,1000,1000,1000,1000,1000,1000,1000,1000,1000,1000,1000,1000,1000,1000,1000,1000,1000,1000,1000,1000,1000,1000,1000,1000,1000,1000,1000,1000,1000,1000,1000,1000,1000,1000,1000,1000,1000,1000,1000,1000,1000,1000,1000,1000,1000,1000,1000,1000,1000,1000,1000,1000,1000,1000,1000,1000,1000,1000,1000,1000,1000,1000,1000,1000,1000,1000,1000,1000,1000,1000,1000,1000,1000,1000,1000,1000,1000,1000,1000,1000,1000,1000,1000,1000,1000,1000,1000,1000,1000,1000,1000,1000,1000,1000,1000,1000,1000,1000,1000,1000,1000,1000,1000,1000,1000,1000,1000,1000,1000,1000,1000,1000,1000,1000,1000,1000,1000,1000,1000,1000,1000,1000
1000,1000,1000,1000,1000,1000,1000,1000,1000,1000,1000,1000,1000,1000,1000,1000,1000,1000,1000,1000,1000,1000,1000,1000,1000,1000,1000,1000,1000,1000,1000,1000,1000,1000,1000,1000,1000,1000,1000,1000,1000,1000,1000,1000,1000,1000,1000,1000,1000,1000,1000,1000,1000,1000,1000,1000,1000,1000,1000,1000,1000,1000,1000,1000,1000,1000,1000,1000,1000,1000,1000,1000,1000,1000,1000,1000,1000,1000,1000,1000,1000,1000,1000,1000,1000,1000,1000,1000,1000,1000,1000,1000,1000,1000,1000,1000,1000,1000,1000,1000,1000,1000,1000,1000,1000,1000,1000,1000,1000,1000,1000,1000,1000,1000,1000,1000,1000,1000,1000,1000,1000,1000,1000,1000,1000,1000,1000,1000,1000,1000,1000,1000,1000,1000,1000,1000,1000,1000,1000,1000,1000,1000,1000,1000,1167.84,1170.759,1171.732,1172.705,1167.84,1000,1000,1000,1000,1000,1000,1000,1000,1000,1000,1000,1000,1000,1000,1000,1000,1000,1000,1000,1000,1000,1000,1144.245,1145.917,1000,1000,1000,1000,1000,1000,1000,1000,1000,1000,1000,1000,1000,1000,1000,1164.799,1000,1168.326,1000,1000,1185.11,1182.678,1184.381,1183.894,1185.11,1186.327,1191.435,1191.435,1192.165,1194.111,1197.759,1195.57,1000,1000,1000,1000,1000,1193.138,1187.3,1000,1000,1000,1000,1000,1000,1000,1000,1000,1000,1000,1000,1000,1000,1000,1000,1000,1000,1000,1000,1000,1000,1000,1000,1000,1000,1000,1000,1000,1000,1000,1000,1000,1000,1000,1000,1000,1000,1000,1000,1000,1000,1000,1000,1000,1000,1000,1000,1000,1240.814,1243.733,1253.949,1259.787,1152.014,1152.538,1152.926,1152.781,1153.154,1153.777,1153.58,1153.23,1153.154,1152.721,1152.721,1152.781,1152.926,1153.154,1153.154,1152.994,1153.154,1152.994,1153.405,1153.23,1153.23,1152.994,1152.994,1152.781,1152.994,1153.07,1153.58,1153.99,1154.203,1154.097,1154.203,1153.884,1153.777,1153.488,1153.884,1153.884,1153.884,1153.777,1154.097,1154.203,1154.203,1154.309,1154.553,1154.431,1154.203,1154.309,1154.431,1154.431,1154.674,1155.191,1154.917,1154.674,1155.328,1155.328,1154.917,1154.796,1155.054,1155.054,1154.917,1155.465,1155.769,1155.769,1155.191,1155.328,1155.191,1154.674,1155.054,1155.054,1154.674,1154.917,1155.054,1154.917,1155.328,1155.921,1155.465,1155.465,1155.617,1155.191,1154.917,1155.054,1155.054,1155.054,1155.465,1155.191,1155.328,1155.191,1154.917,1154.796,1155.054,1155.191,1155.328,1155.465,1154.917,1154.553,1154.097,1153.777,1153.488,1153.686,1153.488,1153.884,1153.884,1153.884,1153.686,1153.777,1153.405,1153.154,1153.154,1153.405,1153.314,1153.154,1152.85,1152.66,1152.204,1152.014,1264.652,1262.706,1250.544,1249.571,1000,1000,1000,1000,1000,1000,1000,1000,1000,1000,1000,1000,1000,1000,1154.309,1000,1000,1000,1131.718,1130.867,1129.65,1129.164,1129.164,1128.434,1125.758,1122.231,1116.758,1111.62,1108.929,1107.218,1000,1000,1000,1000,1000,1000,1000,1000,1000,1000,1000,1000,1000,1000,1000,1000,1000,1000,1000,1000,1000,1000,1116.029,1117.306,1000,1000,1000,1000,1000,1000,1000,1000,1000,1000,1000,1000,1000,1000,1000,1000,1000,1000,1000,1000,1000,1000,1000,1000,1000,1000,1000,1000,1000,1000,1000,1000,1000,1000,1000,1000,1178.543,1179.273,1172.705,1171.245,1170.272,1173.191,1000,1000,1000,1000,1000,1167.962,1165.651,1163.462,1161.029,1160.664,1161.029,1159.205,1158.475,1158.11,1158.84,1160.664,1000,1161.516,1000,1155.921,1153.732,1000,1150.083,1150.387,1148.38,1146.677,1145.37,1145.036,1144.397,1143.789,1000,1000,1000,1128.434,1128.434,1124.542,1120.65,1000,1000,1000,1000,1000,1000,1000,1000,1000,1000,1000,1000,1000,1000,1000,1000,1000,1000,1000,1000,1000,1000,1000,1000,1000,1000,1000,1000,1000,1000,1000,1000,1000,1000,1000,1000,1000,1000,1000,1000,1000,1000,1000,1000,1000,1000,1000,1000,1000,1000,1000,1000,1000,1000,1000,1000,1000,1000,1000,1000,1000,1000,1000,1000,1000,1000,1000,1000,1000,1000,1000,1000,1000,1000,1000,1000,1000,1000,1000,1000,1000,1000,1000,1000,1000,1000,1000,1000,1000,1000,1000,1000,1000,1000,1000,1000,1000,1000,1000,1000,1000,1000,1000,1000,1000,1000,1000,1000,1000,1000,1000,1000,1000,1000,1000,1000,1000,1000,1000,1000,1000,1000,1000,1000
1000,1000,1000,1000,1000,1000,1000,1000,1000,1000,1000,1000,1000,1000,1000,1000,1000,1000,1000,1000,1000,1000,1000,1000,1000,1000,1000,1000,1000,1000,1000,1000,1000,1000,1000,1000,1000,1000,1000,1000,1000,1000,1000,1000,1000,1000,1000,1000,1000,1000,1000,1000,1000,1000,1000,1000,1000,1000,1000,1000,1000,1000,1000,1000,1000,1000,1000,1000,1000,1000,1000,1000,1000,1000,1000,1000,1000,1000,1000,1000,1000,1000,1000,1000,1000,1000,1000,1000,1000,1000,1000,1000,1000,1000,1000,1000,1000,1000,1000,1000,1000,1000,1000,1000,1000,1000,1000,1000,1000,1000,1000,1000,1000,1000,1000,1000,1000,1000,1000,1000,1000,1000,1000,1000,1000,1000,1000,1000,1000,1000,1000,1000,1000,1000,1000,1000,1000,1000,1000,1000,1000,1000,1000,1000,1159.083,1160.543,1160.056,1154.948,1000,1000,1000,1000,1000,1000,1000,1000,1000,1000,1000,1000,1000,1000,1000,1000,1000,1000,1000,1142.101,1142.998,1144.245,1144.245,1144.397,1146.1,1145.735,1145.37,1146.495,1149.84,1000,1000,1000,1000,1000,1000,1000,1153.428,1157.38,1157.745,1158.11,1158.84,1161.516,1159.205,1164.313,1000,1179.273,1176.354,1180.246,1178.056,1178.056,1178.056,1180.246,1179.759,1180.246,1182.192,1182.678,1181.462,1000,1000,1000,1000,1168.326,1178.543,1175.137,1000,1000,1000,1000,1000,1000,1000,1000,1000,1000,1000,1000,1000,1000,1000,1000,1000,1000,1000,1000,1000,1000,1000,1000,1000,1000,1000,1000,1000,1000,1000,1000,1000,1000,1000,1000,1000,1000,1000,1000,1000,1000,1000,1000,1000,1000,1000,1000,1000,1235.949,1234.976,1238.868,1239.841,1246.652,1253.949,1261.733,1151.786,1152.09,1152.485,1152.66,1152.485,1152.432,1152.204,1152.166,1152.128,1152.242,1152.333,1152.242,1152.128,1152.204,1151.976,1152.014,1151.976,1151.976,1151.786,1151.938,1151.862,1151.976,1152.014,1152.242,1152.287,1152.538,1152.485,1152.721,1152.538,1152.538,1152.287,1152.538,1152.379,1152.485,1152.432,1152.485,1152.379,1152.379,1152.485,1152.66,1152.599,1152.538,1152.538,1152.66,1152.721,1152.926,1153.23,1153.23,1153.07,1153.314,1153.23,1153.154,1153.07,1153.154,1153.23,1153.314,1153.314,1153.777,1153.58,1153.405,1153.488,1153.405,1153.07,1153.23,1153.07,1152.926,1152.926,1153.154,1152.85,1152.994,1153.07,1153.154,1153.154,1153.23,1153.07,1153.154,1153.07,1152.994,1152.994,1153.154,1152.994,1153.07,1153.154,1153.07,1153.07,1153.154,1153.314,1153.405,1153.488,1153.154,1152.85,1152.599,1152.485,1152.379,1152.432,1152.432,1152.432,1152.432,1152.432,1152.333,1152.333,1152.166,1152.052,1152.052,1152.166,1152.166,1152.09,1152.09,1151.976,1151.786,1262.706,1259.787,1253.949,1246.652,1245.679,1233.03,1240.814,1000,1000,1000,1000,1000,1000,1000,1000,1000,1000,1000,1000,1000,1000,1000,1130.38,1129.65,1128.434,1127.218,1126.853,1126.488,1125.394,1124.299,1122.839,1119.191,1115.299,1112.137,1109.339,1108.929,1000,1000,1117.549,1119.191,1119.495,1118.887,1119.191,1121.623,1121.623,1122.839,1122.839,1125.758,1122.839,1000,1000,1000,1000,1000,1000,1000,1116.515,1116.029,1116.272,1116.758,1000,1000,1000,1000,1000,1000,1000,1000,1000,1000,1000,1000,1000,1000,1000,1000,1000,1185.354,1191.192,1181.462,1174.651,1000,1000,1000,1000,1000,1000,1000,1000,1000,1000,1000,1000,1000,1000,1000,1000,1000,1000,1000,1000,1000,1000,1000,1000,1000,1165.164,1161.516,1159.205,1157.745,1157.016,1157.745,1157.016,1156.286,1154.948,1000,1150.874,1000,1150.083,1000,1146.921,1145.735,1145.218,1143.379,1143.941,1143.515,1143.242,1143.12,1143.515,1142.998,1142.634,1000,1000,1000,1125.029,1125.029,1121.866,1118.218,1000,1000,1000,1000,1000,1000,1000,1000,1000,1000,1000,1000,1000,1000,1000,1000,1000,1000,1000,1000,1000,1000,1000,1000,1000,1000,1000,1000,1000,1000,1000,1000,1000,1000,1000,1000,1000,1000,1000,1000,1000,1000,1000,1000,1000,1000,1000,1000,1000,1000,1000,1000,1000,1000,1000,1000,1000,1000,1000,1000,1000,1000,1000,1000,1000,1000,1000,1000,1000,1000,1000,1000,1000,1000,1000,1000,1000,1000,1000,1000,1000,1000,1000,1000,1000,1000,1000,1000,1000,1000,1000,1000,1000,1000,1000,1000,1000,1000,1000,1000,1000,1000,1000,1000,1000,1000,1000,1000,1000,1000,1000,1000,1000,1000,1000,1000,1000,1000,1000,1000,1000,1000,1000,1000
1000,1000,1000,1000,1000,1000,1000,1000,1000,1000,1000,1000,1000,1000,1000,1000,1000,1000,1000,1000,1000,1000,1000,1000,1000,1000,1000,1000,1000,1000,1000,1000,1000,1000,1000,1000,1000,1000,1000,1000,1000,1000,1000,1000,1000,1000,1000,1000,1000,1000,1000,1000,1000,1000,1000,1000,1000,1000,1000,1000,1000,1000,1000,1000,1000,1000,1000,1000,1000,1000,1000,1000,1000,1000,1000,1000,1000,1000,1000,1000,1000,1000,1000,1000,1000,1000,1000,1000,1000,1000,1000,1000,1000,1000,1000,1000,1000,1000,1000,1000,1000,1000,1000,1000,1000,1000,1000,1000,1000,1000,1000,1000,1000,1000,1000,1000,1000,1000,1000,1000,1000,1000,1000,1000,1000,1000,1000,1000,1000,1000,1000,1000,1000,1000,1000,1000,1000,1000,1000,1000,1000,1000,1000,1000,1000,1000,1000,1000,1000,1000,1000,1000,1000,1000,1000,1000,1000,1000,1000,1140.224,1000,1140.49,1140.186,1140.414,1140.703,1140.984,1141.318,1141.638,1142.314,1143.242,1143.379,1143.242,1144.397,1144.245,1144.245,1144.549,1146.677,1000,1000,1000,1000,1000,1000,1146.677,1148.867,1151.725,1153.124,1151.968,1152.272,1153.428,1152.82,1154.036,1000,1165.651,1169.786,1174.894,1171.732,1172.218,1170.272,1171.245,1168.326,1170.759,1171.732,1172.218,1170.272,1000,1000,1000,1177.57,1172.705,1174.164,1000,1000,1000,1000,1000,1000,1000,1000,1000,1000,1000,1000,1000,1000,1000,1000,1000,1000,1000,1000,1000,1000,1000,1000,1000,1000,1000,1000,1000,1000,1000,1000,1000,1000,1000,1000,1000,1180.975,1000,1197.03,1204.813,1206.759,1212.111,1213.57,1000,1000,1000,1000,1000,1213.57,1216.976,1216.003,1222.327,1220.381,1229.138,1235.949,1242.76,1250.544,1261.733,1151.938,1152.014,1151.938,1151.938,1151.786,1261.733,1257.841,1259.787,1257.841,1254.922,1252.976,1255.895,1250.544,1251.517,1250.544,1249.571,1247.625,1252.976,1250.544,1254.922,1253.949,1254.922,1254.922,1259.787,1256.868,1263.679,1262.706,1261.733,1255.895,1259.787,1258.814,1257.841,1258.814,1261.733,1258.814,1264.652,1151.824,1151.862,1151.862,1264.652,1263.679,1264.652,1151.824,1151.938,1152.128,1152.09,1152.052,1152.09,1152.014,1152.014,1152.09,1152.09,1152.014,1152.333,1152.204,1152.379,1152.242,1152.287,1152.166,1152.166,1151.976,1151.976,1151.938,1151.976,1151.976,1152.014,1152.014,1152.09,1152.09,1152.128,1152.09,1152.166,1152.052,1152.052,1152.014,1152.014,1152.014,1152.09,1152.052,1152.09,1152.014,1152.128,1152.128,1152.166,1152.166,1152.287,1152.287,1152.052,1151.786,1151.786,1262.706,1262.706,1264.652,1151.824,1151.786,1151.786,1264.652,1261.733,1258.814,1254.922,1253.949,1252.976,1254.922,1255.895,1254.922,1252.976,1252.976,1248.598,1247.625,1246.652,1244.706,1236.922,1235.949,1228.165,1231.084,1000,1000,1000,1000,1000,1000,1000,1000,1000,1000,1000,1000,1000,1000,1000,1127.948,1127.583,1126.488,1125.758,1125.029,1124.664,1123.569,1122.839,1121.866,1119.738,1117.001,1114.022,1110.708,1109.917,1112.836,1115.299,1117.549,1119.191,1120.346,1120.042,1121.623,1124.299,1123.934,1125.394,1125.029,1128.434,1124.664,1126.853,1123.569,1000,1000,1000,1000,1000,1000,1000,1113.839,1114.204,1000,1000,1000,1000,1000,1000,1000,1000,1000,1000,1000,1000,1000,1000,1000,1000,1000,1180.489,1186.327,1178.543,1176.597,1168.813,1000,1000,1000,1000,1000,1000,1000,1000,1000,1000,1000,1000,1000,1000,1000,1000,1000,1000,1000,1000,1000,1000,1000,1000,1000,1159.205,1157.38,1155.313,1155.313,1155.921,1154.705,1152.576,1000,1000,1000,1143.789,1144.701,1143.515,1142.998,1142.314,1141.904,1141.045,1141.395,1141.174,1141.106,1141.106,1141.554,1141.106,1141.174,1000,1000,1000,1122.353,1121.866,1119.191,1115.785,1000,1000,1000,1000,1000,1000,1000,1000,1000,1000,1000,1000,1000,1000,1000,1000,1000,1000,1000,1000,1000,1000,1000,1000,1000,1000,1000,1000,1000,1000,1000,1000,1000,1000,1000,1000,1000,1000,1000,1000,1000,1000,1000,1000,1000,1000,1000,1000,1000,1000,1000,1000,1000,1000,1000,1000,1000,1000,1000,1000,1000,1000,1000,1000,1000,1000,1000,1000,1000,1000,1000,1000,1000,1000,1000,1000,1000,1000,1000,1000,1000,1000,1000,1000,1000,1000,1000,1000,1000,1000,1000,1000,1000,1000,1000,1000,1000,1000,1000,1000,1000,1000,1000,1000,1000,1000,1000,1000,1000,1000,1000,1000,1000,1000,1000,1000,1000,1000,1000,1000,1000,1000,1000,1000
1000,1000,1000,1000,1000,1000,1000,1000,1000,1000,1000,1000,1000,1000,1000,1000,1000,1000,1000,1000,1000,1000,1000,1000,1000,1000,1000,1000,1000,1000,1000,1000,1000,1000,1000,1000,1000,1000,1000,1000,1000,1000,1000,1000,1000,1000,1000,1000,1000,1000,1000,1000,1000,1000,1000,1000,1000,1000,1000,1000,1000,1000,1000,1000,1000,1000,1000,1000,1000,1000,1000,1000,1000,1000,1000,1000,1000,1000,1000,1000,1000,1000,1000,1000,1000,1000,1000,1000,1000,1000,1000,1000,1000,1000,1000,1000,1000,1000,1000,1000,1000,1000,1000,1000,1000,1000,1000,1000,1000,1000,1000,1000,1000,1000,1000,1000,1000,1000,1000,1000,1000,1000,1000,1000,1127.461,1130.867,1000,1000,1000,1000,1000,1000,1000,1000,1000,1000,1000,1000,1000,1000,1000,1000,1000,1000,1000,1000,1000,1000,1000,1000,1000,1000,1234.003,1219.408,1000,1230.111,1234.003,1238.868,1250.057,1252.003,1251.03,1140.3,1140.11,1140.224,1140.414,1140.612,1140.657,1140.756,1141.174,1141.729,1142.01,1142.208,1143.12,1142.877,1142.877,1142.877,1143.941,1000,1000,1000,1000,1000,1143.242,1145.735,1146.921,1148.198,1148.198,1147.955,1148.624,1149.11,1149.11,1149.597,1150.874,1152.82,1000,1167.475,1168.813,1169.299,1166.502,1165.164,1162.245,1165.164,1166.502,1167.475,1000,1000,1000,1000,1180.975,1174.164,1170.272,1000,1000,1000,1000,1000,1000,1000,1000,1000,1000,1000,1000,1000,1000,1000,1000,1000,1000,1000,1000,1000,1000,1000,1000,1000,1000,1000,1000,1000,1000,1000,1000,1000,1000,1000,1000,1000,1186.327,1191.435,1195.57,1198.489,1204.327,1206.759,1210.651,1210.651,1207.246,1208.705,1206.759,1206.759,1207.246,1209.678,1208.219,1213.57,1216.003,1222.814,1230.111,1235.949,1241.787,1248.598,1254.922,1256.868,1254.922,1253.949,1250.544,1246.652,1243.733,1244.706,1241.787,1239.841,1237.895,1238.868,1234.003,1234.976,1232.057,1228.165,1230.111,1232.057,1230.111,1234.976,1234.003,1232.057,1234.003,1238.868,1236.922,1244.706,1244.706,1242.76,1239.841,1241.787,1239.841,1240.814,1239.841,1239.841,1238.868,1242.76,1247.625,1248.598,1252.976,1249.571,1248.598,1246.652,1247.625,1246.652,1252.976,1251.517,1251.517,1254.922,1253.949,1252.976,1254.922,1254.922,1250.544,1255.895,1254.922,1258.814,1258.814,1259.787,1256.868,1255.895,1250.544,1247.625,1248.598,1249.571,1249.571,1249.571,1249.571,1249.571,1249.571,1250.544,1251.517,1253.949,1251.517,1252.976,1251.517,1251.517,1249.571,1250.544,1251.517,1253.949,1251.517,1253.949,1257.841,1257.841,1258.814,1262.706,1261.733,1256.868,1250.544,1249.571,1247.625,1245.679,1245.679,1246.652,1243.733,1242.76,1242.76,1242.76,1241.787,1237.895,1237.895,1234.976,1236.922,1235.949,1235.949,1234.003,1235.949,1232.057,1234.003,1233.03,1232.057,1228.165,1228.165,1220.381,1222.327,1221.354,1218.435,1208.705,1000,1000,1000,1000,1000,1000,1000,1000,1000,1000,1000,1124.299,1124.664,1125.029,1124.299,1123.569,1123.204,1122.839,1121.866,1121.258,1120.65,1119.191,1116.758,1113.839,1110.571,1109.674,1111.954,1113.839,1117.549,1119.191,1120.954,1121.866,1125.029,1127.948,1000,1131.231,1131.231,1133.421,1130.015,1000,1000,1000,1000,1000,1000,1000,1000,1000,1000,1000,1000,1000,1000,1000,1000,1000,1000,1000,1000,1000,1000,1000,1000,1000,1000,1000,1000,1176.597,1178.543,1176.597,1174.651,1170.272,1000,1000,1000,1000,1000,1000,1000,1000,1000,1000,1000,1000,1000,1000,1000,1000,1000,1000,1000,1000,1000,1000,1000,1000,1000,1000,1154.948,1154.036,1153.428,1154.705,1152.576,1000,1000,1000,1141.813,1141.318,1141.638,1141.045,1140.984,1140.756,1140.566,1140.186,1140.262,1140.224,1140.186,1140.186,1140.566,1140.414,1140.414,1000,1000,1000,1119.677,1119.677,1116.272,1114.934,1000,1000,1000,1000,1000,1000,1000,1000,1000,1000,1000,1000,1000,1000,1000,1000,1000,1000,1000,1000,1000,1000,1000,1000,1000,1000,1000,1000,1000,1000,1000,1000,1000,1000,1000,1000,1000,1000,1000,1000,1000,1000,1000,1000,1000,1000,1000,1000,1000,1000,1000,1000,1000,1000,1000,1000,1000,1000,1000,1000,1000,1000,1000,1000,1000,1000,1000,1000,1000,1000,1000,1000,1000,1000,1000,1000,1000,1000,1000,1000,1000,1000,1000,1000,1000,1000,1000,1000,1000,1000,1000,1000,1000,1000,1000,1000,1000,1000,1000,1000,1000,1000,1000,1000,1000,1000,1000,1000,1000,1000,1000,1000,1000,1000,1000,1000,1000,1000,1000,1000,1000,1000,1000,1000
1000,1000,1000,1000,1000,1000,1000,1000,1000,1000,1000,1000,1000,1000,1000,1000,1000,1000,1000,1000,1000,1000,1000,1000,1000,1000,1000,1000,1000,1000,1000,1000,1000,1000,1000,1000,1000,1000,1000,1000,1000,1000,1000,1000,1000,1000,1000,1000,1000,1000,1000,1000,1000,1000,1000,1000,1000,1000,1000,1000,1000,1000,1000,1000,1000,1000,1000,1000,1000,1000,1000,1000,1000,1000,1000,1000,1000,1000,1000,1000,1000,1000,1000,1000,1000,1000,1000,1000,1000,1000,1000,1000,1000,1000,1000,1000,1000,1000,1000,1000,1000,1000,1000,1000,1000,1000,1000,1000,1000,1000,1000,1000,1000,1000,1000,1000,1000,1000,1000,1000,1000,1000,1000,1120.65,1124.177,1126.488,1000,1000,1000,1000,1000,1000,1000,1000,1000,1000,1000,1000,1000,1000,1000,1000,1000,1000,1000,1000,1000,1000,1000,1000,1000,1210.651,1213.084,1206.273,1212.111,1217.462,1222.327,1227.192,1237.895,1238.868,1241.3,1246.165,1246.165,1247.138,1252.976,1140.3,1140.414,1140.338,1140.657,1140.862,1140.862,1140.923,1141.554,1141.395,1141.638,1141.813,1000,1000,1000,1000,1000,1000,1142.527,1143.941,1144.549,1145.036,1144.853,1144.853,1145.735,1146.1,1146.495,1147.103,1147.529,1148.198,1000,1000,1000,1000,1000,1000,1157.016,1159.934,1158.84,1000,1000,1000,1190.219,1186.327,1182.921,1178.543,1174.164,1000,1000,1000,1000,1000,1000,1000,1000,1000,1000,1000,1000,1000,1000,1000,1000,1000,1000,1000,1000,1000,1000,1000,1000,1000,1000,1000,1000,1000,1000,1000,1174.408,1169.299,1169.299,1171.732,1174.408,1177.57,1185.11,1189.489,1197.03,1198.975,1199.948,1198.489,1201.408,1197.03,1197.759,1197.03,1198.489,1200.435,1203.354,1207.246,1211.138,1214.543,1215.516,1220.381,1225.733,1229.138,1232.057,1236.922,1242.76,1244.706,1241.787,1240.814,1238.868,1233.03,1227.192,1227.192,1223.787,1222.327,1220.381,1222.327,1218.435,1216.976,1214.543,1212.111,1213.57,1214.543,1216.003,1220.381,1219.408,1216.003,1216.976,1219.408,1216.003,1221.354,1222.814,1222.327,1220.381,1223.787,1224.76,1224.76,1225.733,1222.814,1221.354,1222.814,1225.733,1225.733,1228.165,1225.733,1224.76,1224.76,1226.706,1224.76,1230.111,1230.111,1231.084,1232.057,1233.03,1232.057,1234.003,1232.057,1232.057,1235.949,1236.922,1238.868,1240.814,1240.814,1237.895,1235.949,1233.03,1230.111,1230.111,1231.084,1232.057,1230.111,1231.084,1230.111,1230.111,1232.057,1234.003,1234.976,1234.976,1235.949,1234.976,1234.003,1233.03,1233.03,1233.03,1234.003,1233.03,1235.949,1238.868,1239.841,1239.841,1243.733,1241.787,1237.895,1234.003,1234.003,1232.057,1231.084,1230.111,1232.057,1228.165,1229.138,1228.165,1229.138,1227.192,1222.814,1222.327,1220.381,1220.381,1217.949,1221.354,1217.949,1217.949,1216.003,1220.381,1216.003,1215.516,1214.543,1214.543,1208.705,1209.678,1209.678,1205.786,1198.489,1202.867,1194.84,1000,1000,1000,1000,1000,1000,1000,1000,1000,1120.346,1122.231,1122.839,1122.596,1121.866,1121.866,1121.258,1120.65,1120.042,1119.738,1118.339,1116.758,1113.414,1110.297,1109.233,1110.297,1112.289,1116.758,1119.738,1124.664,1000,1000,1000,1000,1000,1000,1000,1000,1000,1000,1000,1000,1000,1000,1000,1000,1000,1000,1000,1000,1000,1000,1000,1000,1000,1000,1000,1000,1000,1000,1000,1000,1000,1000,1000,1184.381,1174.164,1173.191,1174.164,1170.272,1170.272,1000,1000,1000,1000,1000,1000,1000,1000,1000,1000,1000,1000,1000,1000,1000,1000,1000,1000,1000,1000,1000,1000,1000,1000,1000,1000,1000,1000,1000,1000,1000,1000,1000,1000,1140.809,1140.528,1140.528,1140.338,1140.11,1252.003,1246.165,1237.895,1238.868,1238.868,1000,1000,1000,1000,1000,1000,1000,1000,1000,1114.934,1111.772,1110.92,1000,1000,1000,1000,1000,1000,1000,1000,1000,1000,1000,1000,1000,1000,1000,1000,1000,1000,1000,1000,1000,1000,1000,1000,1000,1000,1000,1000,1000,1000,1000,1000,1000,1000,1000,1000,1000,1000,1000,1000,1000,1000,1000,1000,1000,1000,1000,1000,1000,1000,1000,1000,1000,1000,1000,1000,1000,1000,1000,1000,1000,1000,1000,1000,1000,1000,1000,1000,1000,1000,1000,1000,1000,1000,1000,1000,1000,1000,1000,1000,1000,1000,1000,1000,1000,1000,1000,1000,1000,1000,1000,1000,1000,1000,1000,1000,1000,1000,1000,1000,1000,1000,1000,1000,1000,1000,1000,1000,1000,1000,1000,1000,1000,1000,1000,1000,1000,1000,1000,1000,1000,1000,1000,1000
1000,1000,1000,1000,1000,1000,1000,1000,1000,1000,1000,1000,1000,1000,1000,1000,1000,1000,1000,1000,1000,1000,1000,1000,1000,1000,1000,1000,1000,1000,1000,1000,1000,1000,1000,1000,1000,1000,1000,1000,1000,1000,1000,1000,1000,1000,1000,1000,1000,1000,1000,1000,1000,1000,1000,1000,1000,1000,1000,1000,1000,1000,1000,1000,1000,1000,1000,1000,1000,1000,1000,1000,1000,1000,1000,1000,1000,1000,1000,1000,1000,1000,1000,1000,1000,1000,1000,1000,1000,1000,1000,1000,1000,1000,1000,1000,1000,1000,1000,1000,1000,1000,1000,1000,1000,1000,1000,1000,1000,1000,1000,1000,1000,1000,1000,1000,1000,1000,1000,1000,1000,1000,1000,1121.502,1000,1133.056,1000,1000,1000,1000,1000,1000,1000,1000,1000,1000,1000,1000,1000,1000,1000,1000,1000,1000,1000,1000,1000,1000,1000,1201.895,1198.003,1196.543,1201.408,1200.435,1207.732,1212.111,1216.489,1220.381,1226.219,1226.219,1230.111,1234.003,1234.003,1234.976,1237.895,1242.273,1246.165,1245.192,1140.11,1140.3,1140.262,1140.262,1140.528,1140.528,1140.657,1140.809,1000,1000,1000,1000,1000,1000,1141.554,1142.755,1142.877,1143.12,1142.998,1142.877,1143.515,1143.941,1144.397,1145.37,1145.37,1145.37,1000,1000,1000,1000,1000,1000,1000,1000,1000,1000,1000,1189.246,1188.273,1188.273,1187.3,1182.921,1179.516,1000,1000,1000,1000,1000,1000,1000,1000,1000,1000,1000,1000,1000,1000,1000,1000,1000,1000,1000,1000,1000,1000,1000,1000,1000,1000,1000,1154.705,1155.921,1000,1159.934,1163.462,1161.88,1164.313,1165.164,1169.299,1172.218,1179.273,1182.192,1188.759,1188.273,1187.543,1185.11,1187.056,1187.056,1189.489,1192.894,1197.03,1199.948,1201.895,1205.786,1210.651,1213.57,1213.084,1217.949,1219.408,1221.354,1222.327,1223.787,1225.733,1227.192,1223.787,1223.787,1222.327,1216.976,1210.651,1209.678,1206.759,1206.759,1206.759,1208.705,1207.246,1204.813,1201.408,1198.975,1199.948,1200.435,1201.895,1204.813,1203.354,1200.435,1201.408,1203.354,1201.408,1206.759,1208.705,1208.705,1205.786,1208.705,1206.759,1205.786,1205.786,1204.813,1202.867,1204.813,1206.759,1207.246,1210.651,1210.651,1208.219,1209.678,1211.138,1210.651,1212.111,1213.084,1214.543,1214.543,1213.57,1216.976,1219.408,1216.976,1216.976,1220.381,1219.408,1220.381,1222.327,1221.354,1220.381,1216.976,1214.543,1214.543,1214.543,1213.57,1216.003,1213.57,1213.57,1213.084,1213.084,1213.084,1216.976,1217.949,1218.435,1217.949,1216.003,1214.543,1214.543,1214.543,1216.003,1216.976,1217.949,1219.408,1222.327,1223.787,1223.787,1225.733,1222.327,1220.381,1214.543,1214.543,1212.111,1213.57,1211.138,1215.516,1211.138,1212.111,1209.678,1211.138,1209.678,1207.246,1208.219,1208.219,1206.759,1204.327,1208.219,1205.786,1204.813,1205.786,1207.246,1204.813,1203.354,1203.354,1203.354,1200.435,1200.435,1199.948,1197.759,1191.435,1191.435,1187.056,1186.327,1184.381,1000,1000,1000,1000,1000,1000,1000,1000,1120.954,1122.231,1121.623,1120.954,1121.258,1120.65,1119.495,1119.191,1119.191,1118.096,1116.515,1112.836,1109.339,1107.842,1108.237,1109.552,1114.204,1000,1000,1000,1000,1000,1000,1000,1000,1000,1000,1000,1000,1000,1000,1000,1000,1000,1000,1000,1000,1000,1000,1000,1000,1000,1000,1000,1000,1000,1000,1000,1000,1000,1000,1000,1000,1000,1000,1164.435,1165.894,1166.867,1165.894,1165.407,1000,1000,1000,1000,1000,1000,1000,1141.569,1139.38,1136.948,1000,1000,1000,1000,1000,1000,1000,1000,1000,1000,1000,1000,1000,1000,1000,1000,1000,1000,1000,1000,1000,1000,1000,1140.49,1250.057,1245.192,1239.841,1236.922,1000,1000,1000,1000,1000,1000,1000,1000,1000,1000,1000,1000,1000,1000,1000,1106.664,1105.569,1105.569,1000,1000,1000,1000,1000,1000,1000,1000,1000,1000,1000,1000,1000,1000,1000,1000,1000,1000,1000,1000,1000,1000,1000,1000,1000,1000,1000,1000,1000,1000,1000,1000,1000,1000,1000,1000,1000,1000,1000,1000,1000,1000,1000,1000,1000,1000,1000,1000,1000,1000,1000,1000,1000,1000,1000,1000,1000,1000,1000,1000,1000,1000,1000,1000,1000,1000,1000,1000,1000,1000,1000,1000,1000,1000,1000,1000,1000,1000,1000,1000,1000,1000,1000,1000,1000,1000,1000,1000,1000,1000,1000,1000,1000,1000,1000,1000,1000,1000,1000,1000,1000,1000,1000,1000,1000,1000,1000,1000,1000,1000,1000,1000,1000,1000,1000,1000,1000,1000,1000,1000,1000,1000,1000,1000
1000,1000,1000,1000,1000,1000,1000,1000,1000,1000,1000,1000,1000,1000,1000,1000,1000,1000,1000,1000,1000,1000,1000,1000,1000,1000,1000,1000,1000,1000,1000,1000,1000,1000,1000,1000,1000,1000,1000,1000,1000,1000,1000,1000,1000,1000,1000,1000,1000,1000,1000,1000,1000,1000,1000,1000,1000,1000,1000,1000,1000,1000,1000,1000,1000,1000,1000,1000,1000,1000,1000,1000,1000,1000,1000,1000,1000,1000,1000,1000,1000,1000,1000,1000,1000,1000,1000,1000,1000,1000,1000,1000,1000,1000,1000,1000,1000,1000,1000,1000,1000,1000,1000,1000,1000,1000,1000,1000,1000,1000,1000,1000,1000,1000,1000,1000,1000,1000,1000,1000,1000,1000,1000,1000,1000,1000,1000,1000,1000,1000,1000,1000,1000,1000,1000,1000,1000,1000,1000,1000,1000,1000,1000,1000,1000,1000,1000,1000,1000,1184.624,1185.354,1186.083,1191.192,1191.192,1197.03,1201.408,1205.3,1207.732,1215.03,1215.03,1218.435,1222.327,1223.3,1222.327,1228.165,1229.138,1232.057,1230.111,1236.922,1238.868,1238.868,1241.3,1247.138,1246.165,1248.111,1252.003,1000,1000,1000,1000,1000,1000,1000,1140.923,1140.809,1141.045,1141.395,1141.478,1141.813,1142.527,1143.379,1143.515,1143.789,1000,1000,1000,1000,1000,1000,1000,1000,1000,1000,1000,1000,1183.894,1185.354,1184.381,1183.894,1184.381,1189.246,1000,1000,1000,1000,1000,1000,1000,1000,1000,1000,1000,1000,1000,1000,1000,1000,1000,1000,1142.208,1142.755,1143.789,1145.552,1147.103,1150.083,1151.178,1152.272,1154.036,1153.124,1153.428,1152.82,1153.732,1154.705,1157.016,1159.934,1161.88,1164.313,1166.502,1171.245,1171.245,1177.57,1180.246,1182.192,1183.408,1188.273,1188.759,1192.894,1194.111,1196.3,1198.489,1201.895,1206.759,1213.084,1217.949,1216.003,1219.408,1220.381,1219.408,1219.408,1218.435,1217.949,1216.003,1211.138,1208.219,1207.246,1202.867,1197.03,1194.111,1191.435,1191.435,1190.948,1192.165,1192.894,1190.948,1188.759,1187.543,1188.273,1187.543,1190.948,1192.894,1192.165,1190.219,1190.219,1190.219,1188.759,1190.948,1192.165,1191.435,1191.435,1193.381,1193.381,1194.111,1192.894,1192.165,1190.219,1193.381,1195.57,1195.57,1197.03,1195.57,1194.111,1197.03,1198.489,1197.03,1199.948,1199.948,1200.435,1199.948,1200.435,1199.948,1202.867,1198.975,1201.895,1204.327,1205.786,1206.759,1207.246,1205.786,1204.327,1201.408,1201.895,1201.895,1201.408,1201.895,1204.327,1200.435,1200.435,1200.435,1200.435,1198.489,1201.895,1202.867,1203.354,1202.867,1202.867,1201.408,1201.895,1201.408,1199.948,1199.948,1199.948,1200.435,1203.354,1206.759,1206.759,1208.219,1206.759,1204.327,1200.435,1199.948,1198.975,1198.489,1195.57,1196.3,1195.57,1194.84,1194.84,1197.03,1197.03,1193.381,1196.3,1195.57,1194.111,1192.165,1197.759,1193.381,1193.381,1193.381,1194.111,1190.219,1190.219,1189.489,1190.948,1189.489,1190.948,1190.948,1189.489,1183.894,1183.408,1180.246,1177.57,1173.191,1175.381,1168.326,1165.164,1000,1000,1000,1000,1000,1000,1120.65,1119.738,1120.042,1120.346,1120.346,1118.887,1119.191,1120.042,1120.042,1117.001,1111.164,1107.332,1212.111,1204.813,1000,1000,1000,1000,1000,1152.576,1152.576,1152.576,1150.874,1151.421,1152.272,1154.948,1000,1154.948,1000,1000,1277.787,1000,1000,1000,1000,1000,1000,1000,1000,1148.38,1145.218,1143.941,1000,1000,1000,1000,1000,1000,1000,1000,1000,1000,1000,1000,1000,1160.543,1165.894,1162.975,1162.975,1160.543,1158.11,1000,1000,1000,1000,1136.948,1139.38,1138.164,1136.461,1133.056,1000,1000,1000,1000,1000,1000,1000,1000,1000,1000,1000,1000,1000,1000,1000,1000,1000,1000,1000,1000,1000,1000,1000,1238.868,1235.949,1227.192,1000,1000,1000,1000,1000,1000,1000,1000,1000,1000,1000,1000,1000,1000,1000,1000,1000,1000,1098.88,1000,1000,1000,1000,1000,1000,1000,1000,1000,1000,1000,1000,1000,1000,1000,1000,1000,1000,1000,1000,1000,1000,1000,1000,1000,1000,1000,1000,1000,1000,1000,1000,1000,1000,1000,1000,1000,1000,1000,1000,1000,1000,1000,1000,1000,1000,1000,1000,1000,1000,1000,1000,1000,1000,1000,1000,1000,1000,1000,1000,1000,1000,1000,1000,1000,1000,1000,1000,1000,1000,1000,1000,1000,1000,1000,1000,1000,1000,1000,1000,1000,1000,1000,1000,1000,1000,1000,1000,1000,1000,1000,1000,1000,1000,1000,1000,1000,1000,1000,1000,1000,1000,1000,1000,1000,1000,1000,1000,1000,1000,1000,1000,1000,1000,1000,1000,1000,1000,1000,1000,1000,1000,1000,1000
1000,1000,1000,1000,1000,1000,1000,1000,1000,1000,1000,1000,1000,1000,1000,1000,1000,1000,1000,1000,1000,1000,1000,1000,1000,1000,1000,1000,1000,1000,1000,1000,1000,1000,1000,1000,1000,1000,1000,1000,1000,1000,1000,1000,1000,1000,1000,1000,1000,1000,1000,1000,1000,1000,1000,1000,1000,1000,1000,1000,1000,1000,1000,1000,1000,1000,1000,1000,1000,1000,1000,1000,1000,1000,1000,1000,1000,1000,1000,1000,1000,1000,1000,1000,1000,1000,1000,1000,1000,1000,1000,1000,1000,1000,1000,1000,1000,1000,1000,1000,1000,1000,1000,1000,1000,1000,1000,1000,1000,1000,1000,1000,1000,1000,1000,1000,1000,1000,1000,1000,1000,1000,1000,1000,1000,1000,1000,1000,1000,1000,1136.036,1000,1000,1000,1000,1000,1000,1000,1000,1000,1000,1000,1000,1000,1000,1000,1000,1000,1000,1177.813,1178.543,1178.543,1181.219,1180.489,1186.813,1191.192,1193.138,1195.57,1201.895,1201.895,1203.84,1208.705,1212.111,1210.651,1215.516,1216.489,1215.516,1215.03,1220.381,1222.327,1222.327,1228.165,1233.03,1233.03,1234.976,1238.868,1000,1000,1000,1000,1000,1000,1000,1140.528,1140.49,1140.528,1140.923,1141.174,1141.478,1141.904,1142.314,1142.101,1000,1000,1000,1000,1000,1000,1163.948,1168.326,1170.759,1000,1000,1000,1000,1176.597,1181.948,1178.543,1182.921,1192.165,1000,1000,1000,1000,1000,1000,1000,1000,1000,1000,1000,1000,1000,1000,1000,1000,1141.813,1141.904,1141.904,1142.877,1143.12,1143.941,1145.218,1146.495,1148.624,1149.353,1149.353,1151.421,1150.63,1150.387,1149.84,1151.421,1150.63,1153.124,1155.921,1157.745,1159.934,1163.462,1169.786,1171.245,1175.381,1179.759,1181.462,1180.246,1187.543,1192.894,1197.759,1199.948,1202.867,1202.867,1205.786,1208.705,1213.084,1216.976,1216.003,1213.084,1210.651,1210.651,1207.246,1202.867,1199.948,1198.975,1191.435,1187.543,1184.381,1182.192,1178.543,1178.056,1175.867,1178.056,1179.273,1180.246,1180.975,1179.273,1178.056,1177.57,1175.867,1176.354,1178.543,1179.273,1178.543,1179.273,1178.543,1179.273,1178.543,1180.246,1180.246,1180.246,1179.273,1181.462,1182.678,1182.192,1182.678,1182.192,1180.975,1181.462,1183.408,1182.192,1183.408,1183.408,1182.192,1185.11,1184.381,1183.894,1187.056,1187.056,1187.056,1186.327,1188.273,1187.056,1188.273,1188.273,1190.948,1190.948,1191.435,1192.894,1193.381,1190.219,1189.489,1188.759,1190.219,1191.435,1190.948,1189.489,1190.219,1188.759,1187.543,1187.056,1188.273,1186.327,1188.273,1188.273,1189.489,1188.759,1189.489,1188.273,1188.759,1188.759,1187.543,1188.273,1188.273,1187.543,1189.489,1193.381,1192.894,1195.57,1194.84,1192.894,1190.219,1190.948,1188.273,1186.327,1184.381,1183.894,1182.192,1182.678,1182.678,1185.11,1185.84,1183.408,1183.894,1184.381,1182.678,1182.192,1185.84,1183.408,1181.462,1181.462,1182.192,1178.056,1177.083,1178.056,1178.543,1178.056,1179.759,1180.975,1180.975,1177.57,1177.083,1175.867,1173.678,1169.786,1171.245,1166.502,1163.097,1160.299,1000,1000,1000,1000,1000,1000,1000,1000,1118.096,1118.643,1116.272,1117.792,1120.346,1000,1000,1000,1000,1193.138,1182.921,1000,1000,1000,1000,1155.313,1153.732,1154.036,1153.428,1151.725,1151.968,1152.82,1155.313,1156.286,1157.745,1000,1000,1000,1000,1000,1000,1000,1000,1000,1148.38,1147.711,1146.495,1145.036,1144.093,1142.755,1000,1000,1000,1000,1000,1000,1000,1000,1000,1000,1000,1000,1154.705,1162.002,1160.543,1160.543,1159.57,1159.57,1000,1000,1000,1000,1136.948,1137.434,1136.461,1134.758,1133.056,1133.542,1000,1000,1000,1000,1000,1000,1000,1000,1000,1000,1000,1000,1000,1000,1000,1000,1000,1000,1000,1000,1000,1000,1000,1000,1000,1000,1000,1000,1000,1000,1000,1000,1000,1000,1000,1000,1000,1000,1000,1000,1000,1000,1000,1000,1000,1000,1000,1000,1000,1000,1000,1000,1000,1000,1000,1000,1000,1000,1000,1000,1000,1000,1000,1000,1000,1000,1000,1000,1000,1000,1000,1000,1000,1000,1000,1000,1000,1000,1000,1000,1000,1000,1000,1000,1000,1000,1000,1000,1000,1000,1000,1000,1000,1000,1000,1000,1000,1000,1000,1000,1000,1000,1000,1000,1000,1000,1000,1000,1000,1000,1000,1000,1000,1000,1000,1000,1000,1000,1000,1000,1000,1000,1000,1000,1000,1000,1000,1000,1000,1000,1000,1000,1000,1000,1000,1000,1000,1000,1000,1000,1000,1000,1000,1000,1000,1000,1000,1000,1000,1000,1000,1000,1000,1000,1000,1000,1000,1000,1000,1000,1000,1000,1000,1000,1000,1000,1000,1000
1000,1000,1000,1000,1000,1000,1000,1000,1000,1000,1000,1000,1000,1000,1000,1000,1000,1000,1000,1000,1000,1000,1000,1000,1000,1000,1000,1000,1000,1000,1000,1000,1000,1000,1000,1000,1000,1000,1000,1000,1000,1000,1000,1000,1000,1000,1000,1000,1000,1000,1000,1000,1000,1000,1000,1000,1000,1000,1000,1000,1000,1000,1000,1000,1000,1000,1000,1000,1000,1000,1000,1000,1000,1000,1000,1000,1000,1000,1000,1000,1000,1000,1000,1000,1000,1000,1000,1000,1000,1000,1000,1000,1000,1000,1000,1000,1000,1000,1000,1000,1000,1000,1000,1000,1000,1000,1000,1000,1000,1000,1000,1000,1000,1000,1000,1000,1000,1000,1000,1000,1000,1000,1000,1000,1000,1000,1000,1132.569,1134.424,1134.424,1135.002,1133.694,1000,1000,1000,1000,1000,1000,1000,1000,1000,1000,1000,1000,1000,1000,1000,1000,1000,1168.083,1168.57,1168.083,1171.002,1171.002,1176.597,1181.219,1183.894,1185.354,1191.678,1190.219,1191.678,1192.651,1195.57,1193.138,1197.03,1198.003,1200.435,1202.867,1208.705,1210.651,1211.138,1214.057,1218.435,1218.435,1223.3,1000,1000,1000,1000,1000,1000,1000,1000,1000,1247.138,1246.165,1140.414,1140.657,1140.703,1140.984,1000,1000,1000,1000,1000,1000,1000,1000,1158.597,1160.056,1160.543,1000,1000,1000,1000,1000,1000,1182.921,1191.192,1000,1000,1000,1000,1000,1000,1000,1000,1000,1000,1000,1000,1000,1143.789,1142.101,1141.395,1142.101,1142.314,1142.527,1142.634,1143.379,1143.242,1143.789,1144.093,1144.245,1145.218,1145.552,1145.552,1147.286,1147.286,1147.103,1147.286,1148.38,1147.711,1151.178,1154.705,1156.651,1159.205,1163.462,1168.813,1170.759,1174.408,1177.083,1176.354,1175.381,1179.273,1185.11,1191.435,1194.111,1197.03,1198.489,1201.895,1204.813,1208.219,1209.678,1205.786,1196.3,1190.948,1187.543,1186.327,1181.462,1179.273,1177.083,1173.678,1171.245,1168.326,1167.962,1166.502,1165.164,1164.313,1166.989,1167.962,1168.326,1169.299,1167.475,1168.326,1168.813,1167.962,1167.475,1170.272,1169.299,1167.475,1168.326,1167.475,1167.962,1167.962,1169.299,1169.786,1169.786,1169.299,1170.759,1170.272,1170.272,1171.732,1172.218,1170.272,1172.218,1173.678,1172.705,1173.191,1174.408,1171.732,1172.218,1172.705,1171.732,1173.678,1174.894,1175.867,1175.381,1176.354,1175.867,1176.354,1175.867,1179.759,1178.543,1179.273,1180.975,1181.462,1179.759,1180.975,1180.246,1180.975,1182.192,1180.975,1179.759,1180.975,1179.273,1178.543,1178.056,1178.543,1176.354,1175.867,1177.083,1176.354,1177.083,1178.056,1178.543,1178.543,1179.273,1178.056,1178.543,1177.57,1176.354,1177.57,1179.273,1179.273,1181.462,1180.975,1178.056,1177.083,1175.867,1175.381,1175.381,1175.381,1175.381,1173.678,1174.408,1174.408,1175.381,1176.354,1175.381,1174.408,1175.867,1173.191,1171.732,1173.678,1171.732,1171.732,1172.705,1172.218,1169.786,1169.299,1167.962,1168.813,1167.962,1168.813,1169.299,1170.759,1168.326,1169.299,1168.813,1167.475,1164.313,1165.651,1162.732,1159.57,1157.38,1000,1000,1000,1000,1000,1000,1000,1000,1000,1000,1000,1000,1000,1000,1000,1000,1000,1179.516,1171.732,1000,1000,1000,1000,1000,1150.63,1151.421,1150.874,1149.597,1150.083,1150.874,1151.178,1151.178,1151.178,1152.576,1000,1000,1000,1000,1000,1000,1146.677,1146.495,1146.1,1146.1,1145.552,1144.549,1143.789,1143.379,1000,1000,1000,1000,1000,1000,1000,1000,1000,1000,1000,1000,1000,1156.164,1157.137,1158.11,1158.11,1159.57,1154.705,1159.57,1000,1000,1137.434,1136.461,1134.758,1132.569,1130.38,1129.894,1000,1000,1000,1000,1000,1000,1000,1000,1000,1000,1000,1000,1000,1000,1000,1000,1000,1000,1000,1000,1000,1000,1000,1000,1000,1000,1000,1000,1000,1000,1000,1000,1000,1000,1000,1000,1000,1000,1000,1000,1000,1000,1000,1000,1000,1000,1099.184,1096.569,1000,1000,1000,1000,1000,1000,1000,1000,1000,1000,1000,1000,1000,1000,1000,1000,1000,1000,1000,1000,1000,1000,1000,1000,1000,1000,1000,1000,1000,1000,1000,1000,1000,1000,1000,1000,1000,1000,1000,1000,1000,1000,1000,1000,1000,1000,1000,1000,1000,1000,1000,1000,1000,1000,1000,1000,1000,1000,1000,1000,1000,1000,1000,1000,1000,1000,1000,1000,1000,1000,1000,1000,1000,1000,1000,1000,1000,1000,1000,1000,1000,1000,1000,1000,1000,1000,1000,1000,1000,1000,1000,1000,1000,1000,1000,1000,1000,1000,1000,1000,1000,1000,1000,1000,1000,1000,1000,1000,1000,1000,1000,1000,1000,1000,1000,1000,1000,1000,1000,1000
1000,1000,1000,1000,1000,1000,1000,1000,1000,1000,1000,1000,1000,1000,1000,1000,1000,1000,1000,1000,1000,1000,1000,1000,1000,1000,1000,1000,1000,1000,1000,1000,1000,1000,1000,1000,1000,1000,1000,1000,1000,1000,1000,1000,1000,1000,1000,1000,1000,1000,1000,1000,1000,1000,1000,1000,1000,1000,1000,1000,1000,1000,1000,1000,1000,1000,1000,1000,1000,1000,1000,1000,1000,1000,1000,1000,1000,1000,1000,1000,1000,1000,1000,1000,1000,1000,1000,1000,1000,1000,1000,1000,1000,1000,1000,1000,1000,1000,1000,1000,1000,1000,1000,1000,1000,1000,1000,1000,1000,1000,1000,1000,1000,1000,1000,1000,1000,1000,1000,1000,1000,1000,1000,1000,1130.745,1131.079,1131.839,1132.113,1133.177,1133.36,1133.877,1133.694,1134.059,1000,1000,1000,1000,1000,1000,1000,1000,1000,1000,1000,1000,1000,1000,1000,1000,1000,1153.975,1156.286,1159.57,1162.732,1168.57,1173.435,1175.381,1178.543,1183.165,1181.219,1181.219,1183.165,1183.165,1182.435,1185.354,1186.083,1188.273,1192.651,1197.03,1201.895,1204.327,1207.732,1210.651,1000,1000,1000,1000,1000,1000,1000,1000,1000,1000,1000,1000,1000,1000,1000,1000,1000,1000,1000,1000,1000,1000,1000,1000,1000,1000,1000,1000,1000,1000,1000,1000,1000,1000,1000,1000,1000,1000,1000,1000,1000,1000,1000,1000,1000,1000,1000,1000,1147.711,1144.549,1142.634,1141.554,1141.729,1141.638,1141.729,1142.101,1142.101,1142.01,1142.208,1142.527,1142.421,1143.12,1143.941,1143.941,1145.37,1145.37,1145.036,1144.853,1145.917,1146.495,1151.725,1157.38,1160.299,1164.313,1166.502,1169.299,1170.759,1173.678,1173.678,1174.408,1174.408,1177.083,1182.678,1187.543,1189.489,1190.219,1188.759,1189.489,1188.759,1187.056,1185.84,1179.273,1169.299,1165.651,1163.948,1163.948,1162.732,1161.516,1159.934,1159.934,1158.11,1156.651,1156.651,1157.38,1156.651,1156.651,1158.11,1159.205,1159.934,1159.934,1159.57,1160.664,1161.029,1160.299,1159.934,1161.516,1160.299,1159.934,1159.934,1159.934,1160.664,1161.029,1161.88,1162.732,1162.732,1161.88,1161.88,1162.245,1161.029,1162.245,1163.948,1162.732,1163.948,1166.137,1166.137,1166.502,1167.962,1166.502,1166.502,1164.799,1164.313,1166.137,1165.164,1166.137,1166.137,1166.989,1166.137,1167.475,1167.475,1169.299,1169.299,1169.786,1170.759,1172.218,1171.245,1171.245,1171.245,1171.245,1171.732,1171.245,1170.759,1170.759,1170.272,1169.786,1169.299,1169.786,1168.326,1167.962,1168.326,1167.475,1166.502,1167.962,1167.962,1168.813,1169.299,1169.299,1169.299,1169.786,1167.962,1170.272,1170.272,1169.299,1169.786,1170.759,1166.989,1166.502,1166.137,1165.164,1164.799,1165.651,1166.502,1165.651,1164.799,1165.164,1165.651,1164.799,1164.313,1164.313,1164.799,1163.462,1162.732,1163.948,1163.462,1163.948,1163.948,1164.313,1162.245,1161.88,1160.299,1161.88,1160.299,1161.516,1161.88,1163.462,1160.664,1162.245,1162.245,1161.029,1158.84,1161.516,1159.57,1157.745,1157.016,1156.651,1000,1000,1000,1000,1000,1000,1000,1000,1000,1000,1000,1000,1000,1000,1000,1000,1000,1164.435,1169.299,1000,1000,1000,1000,1146.921,1148.198,1147.955,1146.495,1147.529,1147.286,1147.955,1147.529,1147.955,1147.711,1148.624,1147.103,1146.921,1145.218,1144.397,1143.515,1143.941,1143.789,1143.652,1143.515,1142.998,1142.314,1141.729,1141.174,1000,1000,1000,1000,1140.186,1140.224,1140.338,1000,1000,1000,1000,1000,1000,1000,1152.272,1153.245,1155.678,1155.678,1153.245,1159.57,1000,1000,1136.461,1133.056,1132.083,1130.38,1127.948,1125.515,1000,1000,1000,1000,1000,1000,1000,1000,1000,1000,1000,1000,1000,1000,1000,1000,1000,1000,1000,1000,1000,1000,1000,1000,1000,1000,1000,1000,1000,1000,1000,1000,1000,1000,1000,1000,1000,1000,1000,1157.624,1157.137,1156.286,1000,1000,1000,1000,1099.427,1098.332,1095.17,1000,1000,1000,1000,1000,1000,1000,1000,1000,1000,1000,1000,1000,1000,1000,1000,1000,1000,1000,1000,1000,1000,1000,1000,1000,1000,1000,1000,1000,1000,1000,1000,1000,1000,1000,1000,1000,1000,1000,1000,1000,1000,1000,1000,1000,1000,1000,1000,1000,1000,1000,1000,1000,1000,1000,1000,1000,1000,1000,1000,1000,1000,1000,1000,1000,1000,1000,1000,1000,1000,1000,1000,1000,1000,1000,1000,1000,1000,1000,1000,1000,1000,1000,1000,1000,1000,1000,1000,1000,1000,1000,1000,1000,1000,1000,1000,1000,1000,1000,1000,1000,1000,1000,1000,1000,1000,1000,1000,1000,1000,1000,1000,1000,1000,1000,1000,1000,1000,1000
1000,1000,1000,1000,1000,1000,1000,1000,1000,1000,1000,1000,1000,1000,1000,1000,1000,1000,1000,1000,1000,1000,1000,1000,1000,1000,1000,1000,1000,1000,1000,1000,1000,1000,1000,1000,1000,1000,1000,1000,1000,1000,1000,1000,1000,1000,1000,1000,1000,1000,1000,1000,1000,1000,1000,1000,1000,1000,1000,1000,1000,1000,1000,1000,1000,1000,1000,1000,1000,1000,1000,1000,1000,1000,1000,1000,1000,1000,1000,1000,1000,1000,1000,1000,1000,1000,1000,1000,1000,1000,1000,1000,1000,1000,1000,1000,1000,1000,1000,1000,1000,1000,1000,1000,1000,1000,1000,1000,1000,1000,1000,1000,1000,1000,1000,1000,1000,1000,1000,1000,1000,1000,1000,1000,1000,1130.334,1131.079,1131.079,1131.444,1131.839,1131.839,1132.113,1133.025,1133.694,1135.245,1136.279,1136.279,1000,1000,1000,1000,1000,1000,1000,1000,1000,1000,1000,1000,1000,1146.434,1148.259,1151.056,1152.637,1157.624,1163.218,1164.678,1166.38,1172.705,1171.732,1172.705,1174.164,1176.597,1175.867,1178.543,1177.813,1179.273,1181.219,1184.624,1188.759,1191.678,1196.543,1000,1000,1000,1000,1000,1000,1000,1000,1000,1000,1000,1000,1000,1000,1000,1000,1000,1000,1000,1000,1000,1000,1000,1000,1000,1000,1000,1000,1000,1000,1000,1000,1000,1000,1000,1000,1000,1000,1199.462,1192.651,1189.732,1000,1000,1000,1000,1000,1145.37,1150.083,1150.083,1148.624,1145.552,1142.998,1141.478,1141.106,1140.862,1140.862,1141.106,1141.318,1141.174,1141.318,1141.638,1141.554,1141.813,1142.634,1143.12,1144.245,1144.853,1144.853,1145.036,1145.917,1147.711,1152.82,1160.664,1163.097,1166.502,1167.962,1168.326,1168.813,1171.245,1173.191,1173.191,1173.678,1175.381,1177.57,1177.57,1179.273,1177.083,1172.705,1170.272,1166.989,1162.732,1158.475,1153.428,1151.178,1150.387,1150.63,1152.272,1153.124,1151.968,1151.178,1151.725,1150.874,1150.387,1150.874,1151.421,1150.63,1150.63,1151.178,1151.968,1152.272,1152.82,1152.576,1153.124,1153.428,1152.82,1153.428,1154.34,1153.428,1153.428,1154.34,1153.732,1154.036,1154.34,1154.34,1154.705,1154.948,1154.948,1155.921,1157.016,1155.313,1156.286,1157.745,1156.651,1157.016,1158.84,1159.205,1158.475,1159.205,1158.475,1158.84,1157.745,1158.11,1159.934,1159.205,1159.205,1159.205,1159.934,1158.475,1158.84,1158.84,1160.664,1160.664,1161.88,1162.732,1164.313,1163.948,1163.097,1162.732,1163.462,1161.88,1163.462,1163.948,1163.462,1162.732,1162.732,1161.88,1161.516,1160.299,1159.205,1159.57,1158.11,1158.84,1159.57,1161.029,1160.299,1160.664,1159.57,1159.205,1158.84,1158.475,1159.57,1160.299,1160.299,1161.029,1162.245,1159.934,1159.934,1159.57,1159.205,1158.84,1160.299,1160.664,1159.934,1158.475,1158.475,1158.475,1158.11,1157.745,1157.745,1158.11,1157.745,1156.651,1157.745,1158.11,1157.745,1156.286,1156.286,1154.34,1154.036,1153.428,1154.705,1154.036,1155.313,1155.313,1155.921,1155.313,1156.651,1157.016,1155.921,1153.732,1155.921,1154.34,1153.732,1154.036,1154.948,1000,1000,1000,1000,1000,1000,1000,1000,1000,1000,1000,1000,1000,1000,1000,1000,1000,1000,1172.705,1180.975,1000,1000,1000,1143.652,1146.313,1146.313,1144.853,1145.37,1145.036,1144.245,1000,1000,1000,1143.12,1143.12,1142.877,1142.314,1142.101,1141.904,1141.813,1142.01,1141.813,1141.729,1141.395,1141.174,1140.756,1140.566,1000,1000,1245.192,1251.03,1140.11,1140.148,1251.03,1243.246,1242.273,1000,1000,1000,1000,1000,1140.84,1145.948,1149.353,1150.813,1148.867,1153.245,1162.002,1000,1000,1127.461,1127.461,1127.948,1126.002,1124.177,1000,1000,1000,1000,1000,1000,1000,1000,1000,1000,1000,1000,1000,1000,1000,1000,1000,1000,1000,1000,1000,1000,1000,1000,1000,1000,1000,1000,1000,1000,1000,1000,1000,1000,1000,1000,1000,1152.272,1151.786,1151.786,1151.056,1149.353,1152.272,1000,1000,1000,1097.846,1097.846,1096.326,1000,1000,1000,1000,1000,1000,1000,1000,1000,1000,1000,1000,1000,1000,1000,1000,1000,1000,1000,1000,1000,1000,1000,1000,1000,1000,1000,1000,1000,1000,1000,1000,1000,1000,1000,1000,1000,1000,1000,1000,1000,1000,1000,1000,1000,1000,1000,1000,1000,1000,1000,1000,1000,1000,1000,1000,1000,1000,1000,1000,1000,1000,1000,1000,1000,1000,1000,1000,1000,1000,1000,1000,1000,1000,1000,1000,1000,1000,1000,1000,1000,1000,1000,1000,1000,1000,1000,1000,1000,1000,1000,1000,1000,1000,1000,1000,1000,1000,1000,1000,1000,1000,1000,1000,1000,1000,1000,1000,1000,1000,1000,1000,1000,1000,1000,1000,1000,1000,1000
1000,1000,1000,1000,1000,1000,1000,1000,1000,1000,1000,1000,1000,1000,1000,1000,1000,1000,1000,1000,1000,1000,1000,1000,1000,1000,1000,1000,1000,1000,1000,1000,1000,1000,1000,1000,1000,1000,1000,1000,1000,1000,1000,1000,1000,1000,1000,1000,1000,1000,1000,1000,1000,1000,1000,1000,1000,1000,1000,1000,1000,1000,1000,1000,1000,1000,1000,1000,1000,1000,1000,1000,1000,1000,1000,1000,1000,1000,1000,1000,1000,1000,1000,1000,1000,1000,1000,1000,1000,1000,1000,1000,1000,1000,1000,1000,1000,1000,1000,1000,1000,1000,1000,1000,1000,1000,1000,1000,1000,1000,1000,1000,1000,1000,1000,1000,1000,1000,1000,1000,1000,1000,1000,1000,1000,1129.643,1129.962,1130.137,1130.334,1130.334,1130.639,1131.201,1131.976,1132.873,1134.637,1135.245,1136.036,1000,1000,1000,1000,1000,1000,1000,1000,1000,1000,1000,1000,1000,1141.752,1142.056,1000,1148.259,1000,1000,1000,1000,1165.407,1162.732,1165.894,1000,1171.002,1171.732,1173.435,1172.705,1172.705,1000,1178.543,1181.705,1000,1000,1000,1000,1000,1000,1000,1000,1000,1000,1000,1000,1000,1000,1000,1000,1000,1000,1000,1000,1000,1000,1000,1000,1000,1000,1000,1000,1000,1000,1000,1000,1000,1000,1170.516,1176.597,1000,1189.732,1198.003,1201.408,1205.3,1206.273,1202.867,1204.327,1222.327,1230.111,1140.148,1141.25,1144.397,1148.867,1148.38,1148.198,1146.1,1143.242,1141.729,1140.862,1140.528,1140.376,1140.528,1140.528,1140.657,1140.862,1141.174,1141.25,1141.813,1142.314,1142.877,1143.941,1144.245,1144.549,1145.552,1146.313,1148.867,1153.428,1159.934,1161.029,1164.799,1166.137,1167.962,1167.962,1170.272,1168.813,1165.164,1162.732,1159.57,1159.205,1000,1160.299,1157.745,1154.705,1152.272,1150.083,1147.711,1145.552,1144.093,1143.941,1144.093,1144.549,1146.1,1146.921,1145.917,1145.735,1146.1,1145.917,1145.917,1146.677,1147.103,1146.921,1147.286,1147.711,1147.711,1148.38,1148.38,1148.38,1148.624,1148.867,1148.38,1148.624,1148.867,1148.198,1148.38,1148.38,1148.38,1148.867,1148.867,1149.597,1150.63,1150.63,1149.84,1150.63,1150.874,1149.11,1149.597,1150.387,1150.083,1150.083,1151.725,1152.272,1151.968,1153.428,1152.272,1152.272,1151.725,1152.272,1152.82,1153.428,1153.428,1153.732,1154.34,1153.732,1153.732,1153.428,1154.705,1154.34,1154.705,1156.286,1157.38,1157.016,1156.286,1155.921,1155.313,1154.705,1155.313,1155.678,1155.313,1154.948,1155.313,1154.34,1154.036,1154.705,1153.732,1153.428,1152.82,1152.82,1152.576,1153.428,1152.82,1152.82,1152.82,1153.428,1153.732,1153.124,1154.036,1154.036,1154.036,1154.948,1154.948,1154.036,1153.428,1153.124,1152.576,1153.124,1153.732,1154.705,1153.732,1153.124,1152.82,1152.576,1152.576,1152.576,1151.968,1151.968,1151.725,1150.63,1150.63,1151.178,1150.63,1149.84,1150.387,1149.353,1149.11,1149.11,1150.083,1149.597,1150.63,1150.874,1151.968,1152.272,1153.428,1154.036,1153.732,1151.178,1151.968,1150.387,1149.84,1148.38,1148.867,1145.37,1143.515,1000,1000,1140.809,1000,1140.809,1000,1000,1000,1000,1000,1000,1000,1000,1000,1000,1169.299,1169.299,1173.191,1175.137,1000,1000,1000,1000,1145.036,1144.549,1000,1000,1000,1000,1140.528,1140.657,1141.106,1141.25,1141.318,1140.984,1140.862,1140.703,1140.566,1140.612,1140.566,1140.452,1140.262,1140.186,1246.165,1245.192,1237.895,1234.976,1234.976,1235.949,1234.976,1234.976,1229.138,1225.246,1225.246,1223.3,1219.408,1216.489,1000,1000,1000,1000,1139.623,1142.299,1143.759,1145.948,1148.867,1000,1000,1121.988,1123.326,1123.691,1122.839,1121.502,1000,1000,1000,1000,1000,1000,1000,1000,1000,1000,1000,1000,1000,1000,1000,1000,1000,1000,1000,1000,1000,1000,1000,1000,1000,1000,1000,1000,1000,1000,1000,1000,1000,1000,1000,1000,1000,1149.353,1149.84,1148.988,1148.624,1146.434,1147.894,1000,1000,1000,1000,1097.542,1097.055,1000,1000,1000,1000,1000,1000,1000,1000,1000,1000,1000,1000,1000,1000,1000,1000,1000,1000,1000,1000,1000,1000,1000,1000,1000,1000,1000,1000,1000,1000,1000,1000,1000,1000,1000,1000,1000,1000,1000,1000,1000,1000,1000,1000,1000,1000,1000,1000,1000,1000,1000,1000,1000,1000,1000,1000,1000,1000,1000,1000,1000,1000,1000,1000,1000,1000,1000,1000,1000,1000,1000,1000,1000,1000,1000,1000,1000,1000,1000,1000,1000,1000,1000,1000,1000,1000,1000,1000,1000,1000,1000,1000,1000,1000,1000,1000,1000,1000,1000,1000,1000,1000,1000,1000,1000,1000,1000,1000,1000,1000,1000,1000,1000,1000,1000,1000,1000,1000,1000
1000,1000,1000,1000,1000,1000,1000,1000,1000,1000,1000,1000,1000,1000,1000,1000,1000,1000,1000,1000,1000,1000,1000,1000,1000,1000,1000,1000,1000,1000,1000,1000,1000,1000,1000,1000,1000,1000,1000,1000,1000,1000,1000,1000,1000,1000,1000,1000,1000,1000,1000,1000,1000,1000,1000,1000,1000,1000,1000,1000,1000,1000,1000,1000,1000,1000,1000,1000,1000,1000,1000,1000,1000,1000,1000,1000,1000,1000,1000,1000,1000,1000,1000,1000,1000,1000,1000,1000,1000,1000,1000,1000,1000,1000,1000,1000,1000,1000,1000,1000,1000,1000,1000,1000,1000,1000,1000,1000,1000,1000,1000,1000,1000,1000,1000,1000,1000,1000,1000,1000,1000,1000,1000,1000,1000,1000,1128.852,1128.936,1128.936,1129.08,1129.369,1129.962,1130.532,1131.323,1132.873,1133.542,1133.877,1000,1000,1000,1000,1000,1000,1131.323,1132.721,1133.542,1000,1135.853,1000,1000,1000,1000,1000,1000,1000,1000,1000,1000,1000,1000,1000,1000,1000,1000,1000,1000,1163.218,1000,1000,1000,1000,1000,1000,1000,1000,1000,1000,1000,1000,1000,1000,1000,1000,1000,1000,1000,1000,1000,1000,1000,1000,1000,1000,1000,1000,1000,1000,1000,1000,1000,1000,1000,1169.299,1171.732,1176.597,1181.705,1185.354,1190.219,1194.111,1195.57,1196.543,1200.435,1200.435,1202.867,1215.03,1226.219,1238.868,1140.11,1140.984,1144.549,1145.036,1145.552,1144.853,1142.998,1141.478,1140.862,1140.528,1140.338,1140.528,1140.528,1140.49,1140.657,1140.923,1141.045,1141.729,1142.527,1142.998,1143.789,1144.397,1144.093,1145.37,1146.1,1149.11,1151.725,1157.016,1158.11,1160.299,1160.664,1160.664,1158.11,1157.016,1000,1000,1000,1000,1000,1000,1000,1145.036,1144.701,1143.515,1142.755,1142.421,1142.01,1141.554,1141.904,1142.208,1142.527,1143.12,1143.652,1142.877,1142.527,1142.877,1142.998,1142.998,1143.515,1143.941,1143.379,1143.652,1143.789,1144.245,1144.397,1144.549,1144.701,1144.701,1144.853,1144.853,1145.37,1145.552,1145.735,1145.552,1145.036,1144.701,1145.036,1144.701,1145.218,1146.1,1145.917,1145.37,1145.917,1145.917,1145.218,1145.218,1146.1,1145.735,1145.735,1146.921,1147.711,1146.921,1147.955,1147.955,1147.711,1148.198,1148.198,1148.624,1149.11,1149.11,1149.11,1149.597,1148.624,1148.867,1148.38,1148.867,1148.867,1149.597,1150.083,1151.725,1151.725,1150.387,1150.083,1149.353,1148.624,1149.353,1149.84,1149.353,1149.84,1150.387,1149.11,1149.11,1149.597,1149.11,1148.38,1148.198,1147.955,1147.711,1148.198,1147.955,1147.955,1148.198,1148.38,1148.38,1148.867,1149.353,1148.867,1149.11,1149.353,1148.38,1147.711,1147.955,1147.286,1147.103,1148.198,1149.11,1149.597,1149.597,1148.867,1148.38,1147.711,1147.711,1147.103,1147.103,1147.103,1147.529,1147.103,1147.103,1147.286,1147.286,1146.495,1146.495,1145.917,1145.735,1145.735,1146.677,1146.495,1147.286,1147.711,1147.711,1147.286,1148.198,1148.867,1149.11,1147.711,1147.711,1145.917,1145.37,1143.515,1000,1000,1142.208,1141.395,1141.395,1141.106,1141.395,1140.984,1140.657,1140.338,1000,1000,1000,1000,1000,1000,1000,1000,1000,1000,1170.272,1172.705,1000,1000,1000,1000,1000,1000,1000,1000,1000,1000,1252.976,1140.262,1140.566,1140.566,1140.612,1140.3,1140.186,1252.003,1250.057,1246.165,1245.192,1241.3,1239.841,1236.922,1232.057,1233.03,1231.084,1229.138,1229.138,1223.3,1222.327,1219.408,1215.516,1212.111,1213.084,1211.138,1208.705,1206.273,1000,1000,1000,1000,1000,1134.515,1136.218,1138.894,1140.353,1144.488,1000,1000,1116.029,1121.502,1121.988,1119.069,1118.704,1116.393,1111.893,1000,1109.157,1000,1000,1000,1000,1000,1166.867,1000,1000,1000,1000,1000,1000,1000,1000,1000,1000,1000,1000,1000,1000,1000,1000,1000,1000,1000,1000,1000,1000,1000,1000,1000,1000,1000,1000,1000,1000,1000,1000,1000,1000,1000,1000,1096.812,1095.839,1000,1000,1000,1000,1000,1000,1000,1000,1000,1000,1000,1000,1000,1000,1000,1000,1000,1000,1000,1000,1000,1000,1000,1000,1000,1000,1000,1000,1000,1000,1000,1000,1000,1000,1000,1000,1000,1000,1000,1000,1000,1000,1000,1000,1000,1000,1000,1000,1000,1000,1000,1000,1000,1000,1000,1000,1000,1000,1000,1000,1000,1000,1000,1000,1000,1000,1000,1000,1000,1000,1000,1000,1000,1000,1000,1000,1000,1000,1000,1000,1000,1000,1000,1000,1000,1000,1000,1000,1000,1000,1000,1000,1000,1000,1000,1000,1000,1000,1000,1000,1000,1000,1000,1000,1000,1000,1000,1000,1000,1000,1000,1000,1000,1000,1000,1000,1000,1000,1000
1000,1000,1000,1000,1000,1000,1000,1000,1000,1000,1000,1000,1000,1000,1000,1000,1000,1000,1000,1000,1000,1000,1000,1000,1000,1000,1000,1000,1000,1000,1000,1000,1000,1000,1000,1000,1000,1000,1000,1000,1000,1000,1000,1000,1000,1000,1000,1000,1000,1000,1000,1000,1000,1000,1000,1000,1000,1000,1000,1000,1000,1000,1000,1000,1000,1000,1000,1000,1000,1000,1000,1000,1000,1000,1000,1000,1000,1000,1000,1000,1000,1000,1000,1000,1000,1000,1000,1000,1000,1000,1000,1000,1000,1000,1000,1000,1000,1000,1000,1000,1000,1000,1000,1000,1000,1000,1000,1000,1000,1000,1000,1000,1000,1000,1000,1000,1000,1000,1000,1000,1000,1000,1000,1000,1000,1000,1128.434,1128.586,1128.624,1128.7,1128.814,1129.027,1129.247,1129.719,1130.745,1131.444,1000,1000,1000,1000,1000,1000,1000,1000,1000,1000,1000,1000,1000,1138.407,1000,1000,1000,1000,1000,1000,1000,1000,1000,1000,1000,1000,1000,1000,1000,1000,1000,1000,1000,1000,1000,1000,1000,1000,1000,1000,1000,1000,1000,1000,1000,1000,1000,1000,1000,1000,1000,1000,1000,1000,1000,1000,1000,1000,1000,1000,1000,1000,1000,1000,1168.083,1168.57,1172.218,1172.705,1176.597,1181.219,1183.894,1185.354,1188.273,1188.759,1188.759,1190.219,1192.651,1195.57,1201.895,1209.678,1217.462,1223.3,1234.976,1140.414,1141.318,1143.242,1143.789,1143.12,1141.318,1140.809,1140.338,1140.148,1140.376,1140.49,1140.528,1140.923,1141.318,1141.813,1142.755,1144.093,1144.549,1145.218,1144.853,1144.701,1145.37,1145.218,1147.286,1148.867,1150.874,1150.387,1150.63,1149.11,1000,1000,1000,1000,1000,1000,1140.923,1140.862,1140.809,1140.984,1140.984,1140.809,1140.756,1140.703,1140.703,1140.657,1140.566,1140.756,1140.809,1140.923,1141.25,1141.638,1141.318,1141.174,1141.478,1141.478,1141.318,1141.395,1141.638,1141.395,1141.395,1141.813,1142.314,1142.314,1142.421,1142.634,1142.421,1142.421,1142.527,1142.877,1142.755,1142.877,1142.877,1142.755,1142.527,1142.634,1142.634,1142.755,1142.998,1142.877,1142.634,1143.242,1143.379,1142.755,1142.755,1143.242,1143.242,1143.242,1144.093,1144.397,1143.941,1144.245,1143.941,1144.549,1144.853,1145.37,1145.37,1145.735,1145.218,1145.036,1145.036,1144.549,1145.036,1144.853,1145.036,1145.218,1145.917,1145.735,1146.677,1146.921,1145.917,1145.735,1144.853,1144.245,1144.549,1145.218,1145.036,1145.218,1145.917,1145.37,1144.853,1145.552,1145.552,1144.853,1144.853,1144.701,1144.245,1144.245,1144.245,1144.245,1144.701,1145.036,1145.218,1145.552,1145.735,1145.37,1145.735,1145.917,1145.036,1144.853,1145.036,1144.397,1144.245,1145.036,1145.37,1145.218,1145.552,1145.37,1145.036,1144.701,1144.701,1143.789,1144.093,1143.941,1144.245,1144.245,1144.397,1144.397,1144.245,1143.789,1143.515,1143.379,1143.12,1143.652,1143.789,1144.093,1145.036,1145.735,1145.552,1145.218,1145.552,1144.701,1143.941,1142.527,1142.314,1142.208,1142.208,1141.174,1141.638,1141.318,1141.045,1140.809,1140.809,1140.612,1140.862,1140.612,1140.376,1140.376,1140.376,1246.165,1000,1000,1000,1000,1000,1000,1000,1000,1000,1000,1000,1000,1000,1000,1000,1000,1000,1000,1000,1000,1241.3,1246.165,1250.057,1243.246,1246.165,1236.922,1234.976,1231.084,1229.138,1223.3,1223.3,1220.381,1219.408,1216.489,1214.057,1213.084,1211.138,1211.138,1212.111,1202.867,1207.732,1204.327,1201.408,1199.462,1201.408,1198.003,1198.975,1196.543,1198.975,1200.435,1207.732,1000,1000,1125.515,1129.65,1133.786,1136.218,1139.623,1141.569,1000,1000,1000,1000,1000,1116.029,1114.204,1110.92,1000,1109.461,1108.609,1000,1000,1000,1000,1000,1000,1165.894,1000,1000,1000,1000,1000,1000,1000,1000,1000,1000,1000,1000,1000,1000,1000,1000,1000,1000,1000,1000,1000,1000,1000,1000,1000,1000,1000,1000,1000,1000,1000,1000,1000,1000,1000,1093.559,1000,1000,1000,1000,1000,1000,1000,1000,1000,1000,1000,1000,1000,1000,1000,1000,1000,1000,1000,1000,1000,1000,1000,1000,1000,1000,1000,1000,1000,1000,1000,1000,1000,1000,1000,1000,1000,1000,1000,1000,1000,1000,1000,1000,1000,1000,1000,1000,1000,1000,1000,1000,1000,1000,1000,1000,1000,1000,1000,1000,1000,1000,1000,1000,1000,1000,1000,1000,1000,1000,1000,1000,1000,1000,1000,1000,1000,1000,1000,1000,1000,1000,1000,1000,1000,1000,1000,1000,1000,1000,1000,1000,1000,1000,1000,1000,1000,1000,1000,1000,1000,1000,1000,1000,1000,1000,1000,1000,1000,1000,1000,1000,1000,1000,1000,1000,1000,1000,1000
1000,1000,1000,1000,1000,1000,1000,1000,1000,1000,1000,1000,1000,1000,1000,1000,1000,1000,1000,1000,1000,1000,1000,1000,1000,1000,1000,1000,1000,1000,1000,1000,1000,1000,1000,1000,1000,1000,1000,1000,1000,1000,1000,1000,1000,1000,1000,1000,1000,1000,1000,1000,1000,1000,1000,1000,1000,1000,1000,1000,1000,1000,1000,1000,1000,1000,1000,1000,1000,1000,1000,1000,1000,1000,1000,1000,1000,1000,1000,1000,1000,1000,1000,1000,1000,1000,1000,1000,1000,1000,1000,1000,1000,1000,1000,1000,1000,1000,1000,1000,1000,1000,1000,1000,1000,1000,1000,1000,1000,1000,1000,1000,1000,1000,1000,1000,1000,1000,1000,1000,1000,1000,1000,1000,1000,1000,1000,1228.165,1228.165,1230.598,1233.516,1240.327,1128.662,1128.814,1000,1000,1000,1000,1000,1000,1000,1000,1000,1000,1000,1000,1000,1000,1000,1000,1000,1000,1000,1000,1000,1000,1000,1000,1000,1000,1000,1000,1000,1000,1000,1000,1000,1000,1000,1000,1000,1000,1000,1000,1000,1000,1000,1000,1000,1000,1000,1000,1000,1000,1000,1000,1000,1000,1000,1000,1000,1141.752,1000,1000,1000,1151.786,1154.461,1157.137,1162.732,1164.191,1165.894,1168.083,1170.516,1171.002,1175.381,1177.083,1178.543,1179.759,1180.489,1179.273,1180.489,1181.705,1182.435,1184.624,1188.273,1192.651,1197.03,1202.867,1213.084,1233.03,1251.03,1141.25,1141.904,1142.208,1140.984,1140.756,1140.262,1140.3,1140.376,1140.612,1140.612,1141.106,1141.554,1142.101,1142.755,1143.379,1143.652,1143.652,1142.755,1142.101,1142.527,1141.554,1141.638,1141.813,1000,1000,1000,1141.554,1000,1140.612,1140.452,1140.262,1239.841,1239.841,1241.3,1241.3,1243.246,1247.138,1248.111,1245.192,1247.138,1248.111,1248.111,1252.003,1252.003,1252.003,1252.976,1140.262,1140.3,1140.452,1140.338,1140.338,1140.376,1140.528,1140.528,1140.566,1140.612,1140.566,1140.566,1140.703,1140.984,1140.984,1141.045,1140.923,1140.756,1140.657,1140.809,1140.984,1140.984,1141.106,1141.25,1141.174,1141.045,1141.106,1140.984,1141.106,1141.25,1141.106,1141.106,1141.478,1141.395,1141.106,1141.174,1141.395,1141.395,1141.395,1141.729,1141.813,1141.638,1141.813,1141.904,1142.101,1142.314,1142.998,1142.998,1142.998,1142.755,1142.634,1142.634,1142.101,1142.314,1142.421,1142.314,1142.208,1142.755,1142.877,1143.12,1143.515,1143.379,1142.998,1142.527,1142.101,1142.101,1142.421,1142.101,1142.421,1142.998,1142.527,1142.101,1142.527,1142.421,1142.208,1142.527,1142.634,1142.208,1142.314,1142.314,1142.208,1142.421,1142.755,1142.634,1142.998,1142.998,1142.877,1142.877,1143.12,1142.527,1142.527,1142.755,1142.314,1142.314,1142.877,1143.242,1143.242,1143.242,1143.242,1142.877,1142.421,1142.527,1142.208,1142.101,1141.904,1142.101,1141.813,1142.101,1142.01,1142.101,1141.729,1141.554,1141.478,1141.478,1141.638,1141.813,1142.634,1143.242,1143.515,1143.789,1143.789,1142.755,1142.101,1141.478,1140.612,1140.376,1140.414,1140.414,1140.148,1140.262,1140.186,1140.186,1140.148,1140.186,1140.148,1140.376,1140.186,1252.003,1250.057,1250.057,1237.895,1233.03,1231.084,1225.246,1207.732,1191.192,1000,1000,1000,1000,1000,1000,1000,1000,1000,1000,1000,1000,1000,1000,1000,1000,1232.057,1235.949,1231.084,1234.003,1223.3,1220.381,1216.489,1212.111,1206.759,1207.732,1204.327,1205.3,1204.327,1201.895,1201.408,1201.895,1198.003,1197.03,1195.57,1199.462,1195.57,1193.138,1191.678,1190.219,1186.813,1187.3,1186.813,1187.3,1187.3,1188.759,1198.975,1000,1000,1121.866,1128.921,1131.353,1133.786,1135.731,1142.299,1000,1000,1000,1000,1000,1000,1110.008,1108.609,1108.366,1108.062,1000,1000,1000,1000,1000,1000,1000,1000,1000,1000,1000,1000,1143.029,1140.292,1000,1000,1000,1000,1000,1000,1000,1000,1000,1000,1000,1000,1000,1000,1000,1000,1000,1000,1000,1000,1000,1000,1000,1000,1000,1000,1000,1000,1000,1000,1000,1000,1000,1000,1000,1000,1000,1000,1000,1000,1000,1000,1000,1000,1000,1000,1000,1000,1000,1000,1000,1000,1000,1000,1000,1000,1000,1000,1000,1000,1000,1000,1000,1000,1000,1000,1000,1000,1000,1000,1000,1000,1000,1000,1000,1000,1000,1000,1000,1000,1000,1000,1000,1000,1000,1000,1000,1000,1000,1000,1000,1000,1000,1000,1000,1000,1000,1000,1000,1000,1000,1000,1000,1000,1000,1000,1000,1000,1000,1000,1000,1000,1000,1000,1000,1000,1000,1000,1000,1000,1000,1000,1000,1000,1000,1000,1000,1000,1000,1000,1000,1000,1000,1000,1000,1000,1000,1000,1000,1000,1000,1000,1000,1000,1000,1000,1000,1000
1000,1000,1000,1000,1000,1000,1000,1000,1000,1000,1000,1000,1000,1000,1000,1000,1000,1000,1000,1000,1000,1000,1000,1000,1000,1000,1000,1000,1000,1000,1000,1000,1000,1000,1000,1000,1000,1000,1000,1000,1000,1000,1000,1000,1000,1000,1000,1000,1000,1000,1000,1000,1000,1000,1000,1000,1000,1000,1000,1000,1000,1000,1000,1000,1000,1000,1000,1000,1000,1000,1000,1000,1000,1000,1000,1000,1000,1000,1000,1000,1000,1000,1000,1000,1000,1000,1000,1000,1000,1000,1000,1000,1000,1000,1000,1000,1000,1000,1000,1000,1000,1000,1000,1000,1000,1000,1000,1000,1000,1000,1000,1000,1000,1000,1000,1000,1000,1000,1000,1000,1000,1000,1000,1000,1000,1000,1000,1213.57,1214.543,1212.597,1215.516,1220.381,1000,1000,1000,1000,1165.894,1172.218,1000,1000,1000,1000,1000,1000,1000,1000,1000,1000,1000,1000,1000,1000,1000,1000,1000,1000,1000,1000,1000,1000,1000,1000,1000,1000,1000,1000,1000,1000,1000,1000,1000,1000,1000,1000,1000,1000,1000,1000,1000,1000,1000,1000,1000,1000,1000,1000,1000,1000,1134.637,1139.502,1141.752,1144.002,1146.069,1148.259,1147.529,1149.353,1151.056,1153.975,1157.624,1159.083,1161.516,1162.732,1163.705,1164.678,1168.57,1169.299,1170.516,1171.002,1171.002,1169.786,1169.786,1172.218,1172.705,1174.651,1177.083,1180.489,1180.489,1184.624,1187.3,1191.192,1203.84,1227.192,1239.841,1140.262,1140.148,1140.3,1252.976,1140.376,1140.414,1140.657,1140.756,1141.318,1141.478,1142.101,1142.527,1142.755,1142.314,1141.554,1140.49,1248.111,1243.246,1239.841,1241.3,1238.868,1000,1000,1236.922,1238.868,1236.922,1234.003,1229.138,1224.273,1213.084,1212.111,1215.03,1217.462,1220.381,1224.273,1227.192,1229.138,1233.03,1234.003,1234.003,1234.976,1233.03,1233.03,1233.03,1236.922,1237.895,1239.841,1237.895,1239.841,1241.3,1245.192,1247.138,1250.057,1248.111,1246.165,1246.165,1251.03,1140.148,1140.224,1140.262,1140.262,1140.11,1252.976,1140.148,1140.224,1140.262,1140.376,1140.3,1140.262,1140.262,1140.186,1140.186,1140.3,1140.262,1140.262,1140.224,1140.262,1140.3,1140.414,1140.528,1140.566,1140.528,1140.528,1140.612,1140.612,1140.657,1140.703,1140.809,1140.703,1140.862,1140.923,1140.923,1141.045,1141.045,1140.923,1140.862,1140.657,1140.756,1140.809,1140.809,1140.756,1140.923,1140.923,1141.106,1141.395,1141.395,1141.318,1140.984,1140.703,1140.657,1140.756,1140.703,1140.862,1141.045,1140.756,1140.703,1140.862,1140.923,1140.756,1141.106,1141.174,1141.045,1140.984,1141.045,1140.923,1141.045,1141.318,1141.478,1141.638,1141.729,1141.638,1141.478,1141.554,1141.174,1141.045,1141.106,1140.862,1140.756,1140.984,1141.045,1140.984,1140.984,1141.174,1141.045,1140.984,1140.923,1140.984,1140.809,1140.756,1140.862,1140.657,1140.703,1140.703,1140.703,1140.657,1140.612,1140.756,1140.703,1140.809,1140.984,1141.478,1141.813,1142.101,1142.314,1141.318,1140.703,1140.3,1252.003,1243.246,1244.219,1248.111,1246.165,1241.3,1242.273,1238.868,1236.922,1237.895,1238.868,1239.841,1245.192,1238.868,1236.922,1236.922,1235.949,1226.219,1224.273,1223.3,1218.435,1206.759,1201.408,1198.003,1000,1000,1000,1000,1000,1000,1000,1000,1000,1000,1000,1000,1000,1000,1000,1217.462,1226.219,1219.408,1223.3,1208.705,1203.84,1198.975,1197.03,1192.651,1194.111,1192.651,1195.084,1191.678,1191.678,1190.219,1190.219,1183.894,1181.705,1181.219,1186.813,1184.624,1182.435,1182.435,1180.489,1179.273,1177.813,1177.813,1177.083,1175.867,1174.651,1177.083,1191.678,1000,1113.596,1123.326,1126.731,1130.137,1130.867,1129.65,1000,1000,1000,1000,1000,1000,1000,1000,1000,1000,1000,1000,1000,1000,1000,1000,1000,1000,1000,1000,1000,1000,1000,1137.921,1136.279,1135.002,1000,1133.177,1000,1000,1000,1000,1000,1000,1000,1000,1000,1000,1000,1000,1000,1000,1000,1000,1000,1000,1000,1000,1000,1000,1000,1000,1000,1000,1000,1000,1000,1000,1000,1000,1000,1000,1000,1000,1000,1000,1000,1000,1000,1000,1000,1000,1000,1000,1000,1000,1000,1000,1000,1000,1000,1000,1000,1000,1000,1000,1000,1000,1000,1000,1000,1000,1000,1000,1000,1000,1000,1000,1000,1000,1000,1000,1000,1000,1000,1000,1000,1000,1000,1000,1000,1000,1000,1000,1000,1000,1000,1000,1000,1000,1000,1000,1000,1000,1000,1000,1000,1000,1000,1000,1000,1000,1000,1000,1000,1000,1000,1000,1000,1000,1000,1000,1000,1000,1000,1000,1000,1000,1000,1000,1000,1000,1000,1000,1000,1000,1000,1000,1000,1000,1000,1000,1000,1000,1000,1000,1000,1000,1000,1000,1000,1000
1000,1000,1000,1000,1000,1000,1000,1000,1000,1000,1000,1000,1000,1000,1000,1000,1000,1000,1000,1000,1000,1000,1000,1000,1000,1000,1000,1000,1000,1000,1000,1000,1000,1000,1000,1000,1000,1000,1000,1000,1000,1000,1000,1000,1000,1000,1000,1000,1000,1000,1000,1000,1000,1000,1000,1000,1000,1000,1000,1000,1000,1000,1000,1000,1000,1000,1000,1000,1000,1000,1000,1000,1000,1000,1000,1000,1000,1000,1000,1000,1000,1000,1000,1000,1000,1000,1000,1000,1000,1000,1000,1000,1000,1000,1000,1000,1000,1000,1000,1000,1000,1000,1000,1000,1000,1000,1000,1000,1000,1000,1000,1000,1000,1000,1000,1000,1000,1000,1000,1000,1000,1000,1000,1000,1000,1000,1000,1000,1000,1000,1000,1000,1000,1000,1168.813,1159.57,1162.002,1166.867,1174.164,1000,1000,1000,1000,1000,1000,1000,1000,1000,1000,1000,1000,1000,1000,1000,1000,1000,1000,1000,1000,1000,1000,1000,1000,1000,1000,1000,1000,1000,1000,1000,1000,1000,1000,1000,1000,1000,1000,1129.369,1000,1131.079,1000,1133.36,1133.694,1135.002,1135.427,1133.542,1134.819,1135.002,1136.036,1139.198,1141.752,1142.664,1144.61,1146.069,1144.61,1146.069,1147.164,1149.84,1152.637,1154.826,1155.313,1156.651,1157.137,1157.137,1159.083,1159.57,1161.516,1161.029,1160.543,1160.543,1160.543,1161.516,1162.002,1163.705,1164.191,1166.867,1164.191,1166.38,1166.38,1168.083,1000,1000,1000,1000,1000,1217.462,1219.408,1243.246,1252.003,1140.452,1140.528,1140.984,1140.923,1141.106,1140.984,1140.756,1252.003,1232.057,1220.381,1210.651,1205.3,1207.732,1210.651,1206.273,1205.3,1206.759,1206.759,1208.705,1210.651,1209.678,1208.705,1208.705,1202.867,1203.84,1203.84,1206.273,1207.732,1210.651,1211.138,1213.084,1215.03,1215.516,1215.03,1217.462,1215.03,1215.516,1217.462,1221.354,1221.354,1224.273,1221.354,1222.327,1222.327,1227.192,1227.192,1228.165,1228.165,1227.192,1225.246,1228.165,1233.03,1234.976,1237.895,1236.922,1233.03,1233.03,1234.976,1237.895,1238.868,1243.246,1239.841,1239.841,1237.895,1235.949,1235.949,1236.922,1236.922,1234.003,1235.949,1237.895,1241.3,1250.057,1252.976,1252.003,1250.057,1248.111,1247.138,1247.138,1250.057,1252.976,1140.11,1140.11,1140.148,1140.148,1140.186,1140.186,1140.148,1252.976,1252.003,1247.138,1251.03,1252.976,1252.003,1251.03,1140.11,1251.03,1252.003,1140.262,1140.224,1140.262,1140.224,1252.976,1251.03,1140.11,1251.03,1252.003,1140.186,1140.186,1140.148,1140.224,1140.186,1252.976,1140.186,1140.186,1140.186,1140.414,1140.376,1140.376,1140.376,1140.49,1140.49,1140.566,1140.612,1140.657,1140.612,1140.566,1140.414,1140.262,1140.224,1252.976,1252.976,1140.148,1140.224,1140.186,1140.224,1140.262,1140.224,1252.976,1140.186,1140.11,1252.976,1251.03,1252.976,1252.003,1140.148,1140.186,1140.224,1140.3,1140.186,1140.3,1140.224,1140.262,1140.224,1140.452,1140.262,1140.262,1140.148,1238.868,1229.138,1229.138,1225.246,1223.3,1226.219,1232.057,1228.165,1226.219,1224.273,1223.3,1222.327,1221.354,1221.354,1223.3,1226.219,1220.381,1222.327,1223.3,1224.273,1216.489,1214.057,1212.111,1207.732,1201.895,1197.03,1198.003,1186.813,1000,1000,1000,1000,1000,1000,1000,1000,1000,1000,1000,1000,1000,1000,1000,1000,1197.03,1205.3,1192.651,1190.219,1186.813,1187.3,1183.894,1186.083,1186.813,1189.732,1186.083,1186.813,1182.435,1179.759,1000,1172.705,1175.381,1181.219,1177.813,1174.651,1171.732,1169.299,1168.083,1168.57,1169.299,1169.299,1165.894,1165.407,1164.678,1169.299,1000,1000,1117.731,1123.326,1126.002,1126.731,1125.515,1119.191,1000,1000,1000,1000,1000,1000,1000,1000,1000,1000,1000,1000,1000,1000,1000,1000,1000,1000,1000,1000,1000,1000,1000,1134.424,1132.569,1132.417,1130.958,1131.323,1000,1000,1000,1000,1000,1000,1000,1000,1000,1000,1000,1000,1000,1000,1000,1000,1000,1000,1000,1000,1000,1000,1000,1000,1000,1000,1000,1000,1000,1000,1000,1000,1000,1000,1000,1000,1000,1000,1000,1000,1000,1000,1000,1000,1000,1000,1000,1000,1000,1000,1000,1000,1000,1000,1000,1000,1000,1000,1000,1000,1000,1000,1000,1000,1000,1000,1000,1000,1000,1000,1000,1000,1000,1000,1000,1000,1000,1000,1000,1000,1000,1000,1000,1000,1000,1000,1000,1000,1000,1000,1000,1000,1000,1000,1000,1000,1000,1000,1000,1000,1000,1000,1000,1000,1000,1000,1000,1000,1000,1000,1000,1000,1000,1000,1000,1000,1000,1000,1000,1000,1000,1000,1000,1000,1000,1000,1000,1000,1000,1000,1000,1000,1000,1000,1000,1000,1000,1000,1000,1000,1000,1000,1000
1000,1000,1000,1000,1000,1000,1000,1000,1000,1000,1000,1000,1000,1000,1000,1000,1000,1000,1000,1000,1000,1000,1000,1000,1000,1000,1000,1000,1000,1000,1000,1000,1000,1000,1000,1000,1000,1000,1000,1000,1000,1000,1000,1000,1000,1000,1000,1000,1000,1000,1000,1000,1000,1000,1000,1000,1000,1000,1000,1000,1000,1000,1000,1000,1000,1000,1000,1000,1000,1000,1000,1000,1000,1000,1000,1000,1000,1000,1000,1000,1000,1000,1000,1000,1000,1000,1000,1000,1000,1000,1000,1000,1000,1000,1000,1000,1000,1000,1000,1000,1000,1000,1000,1000,1000,1000,1000,1000,1000,1000,1000,1000,1000,1000,1000,1000,1000,1000,1000,1000,1000,1000,1000,1000,1000,1000,1000,1000,1000,1000,1000,1000,1000,1176.597,1156.164,1154.218,1157.137,1164.435,1169.786,1000,1000,1000,1000,1000,1000,1000,1000,1000,1000,1000,1000,1000,1000,1000,1000,1000,1000,1000,1000,1000,1000,1000,1000,1000,1000,1000,1000,1000,1000,1000,1217.462,1234.49,1128.738,1128.89,1129.247,1130.053,1130.137,1130.228,1130.532,1131.323,1131.444,1131.839,1132.417,1133.025,1133.542,1133.877,1135.002,1134.637,1135.61,1137.677,1139.745,1140.596,1142.056,1143.272,1142.36,1141.752,1141.752,1144.002,1144.975,1146.434,1147.894,1149.84,1150.205,1150.569,1152.272,1151.786,1153.124,1151.786,1151.786,1151.421,1153.124,1153.124,1154.461,1154.826,1000,1000,1000,1000,1000,1000,1000,1000,1000,1000,1000,1000,1000,1192.651,1206.273,1223.3,1231.084,1242.273,1245.192,1247.138,1238.868,1226.219,1206.273,1193.138,1188.759,1184.624,1181.705,1183.165,1183.894,1182.435,1183.165,1186.813,1188.273,1190.219,1192.651,1194.111,1194.111,1194.111,1190.219,1191.678,1191.192,1190.219,1189.732,1193.138,1194.111,1195.57,1198.975,1200.435,1201.408,1200.435,1200.435,1199.462,1201.408,1203.84,1204.327,1207.732,1205.3,1206.759,1206.759,1211.138,1209.678,1213.084,1212.111,1210.651,1209.678,1214.057,1217.462,1219.408,1220.381,1219.408,1217.462,1217.462,1218.435,1221.354,1222.327,1226.219,1223.3,1221.354,1218.435,1218.435,1218.435,1218.435,1219.408,1218.435,1219.408,1223.3,1227.192,1233.03,1236.922,1235.949,1234.003,1232.057,1230.111,1229.138,1232.057,1233.03,1234.003,1233.03,1234.976,1232.057,1235.949,1233.03,1234.976,1234.976,1233.03,1232.057,1233.03,1234.003,1231.084,1231.084,1234.003,1232.057,1233.03,1237.895,1238.868,1237.895,1237.895,1235.949,1235.949,1236.922,1235.949,1235.949,1236.922,1235.949,1235.949,1237.895,1235.949,1234.976,1235.949,1237.895,1236.922,1239.841,1244.219,1242.273,1241.3,1242.273,1239.841,1243.246,1244.219,1245.192,1244.219,1242.273,1238.868,1238.868,1236.922,1235.949,1237.895,1235.949,1236.922,1236.922,1236.922,1235.949,1237.895,1234.976,1238.868,1238.868,1237.895,1234.976,1236.922,1234.976,1235.949,1237.895,1241.3,1244.219,1242.273,1248.111,1243.246,1244.219,1239.841,1239.841,1228.165,1226.219,1220.381,1214.057,1210.651,1213.084,1211.138,1211.138,1213.084,1215.516,1214.057,1214.057,1212.111,1211.138,1210.651,1207.732,1206.759,1206.759,1206.759,1203.84,1207.732,1207.732,1206.273,1203.84,1200.435,1198.975,1195.57,1193.138,1191.678,1192.651,1185.354,1179.759,1000,1000,1000,1000,1000,1000,1000,1000,1000,1000,1000,1000,1000,1000,1000,1000,1000,1177.813,1178.543,1175.867,1177.083,1175.867,1178.543,1178.543,1179.273,1175.381,1175.381,1170.516,1166.867,1161.516,1161.516,1160.056,1165.407,1165.407,1161.516,1160.056,1158.597,1159.083,1159.57,1161.029,1160.056,1157.137,1155.799,1154.826,1154.826,1160.543,1000,1000,1000,1122.353,1122.839,1121.137,1116.758,1000,1000,1000,1000,1000,1000,1000,1000,1000,1000,1000,1000,1000,1000,1000,1000,1000,1000,1000,1000,1000,1000,1000,1000,1132.265,1131.323,1130.532,1130.137,1000,1000,1000,1000,1000,1000,1000,1000,1000,1000,1000,1000,1000,1000,1000,1000,1000,1000,1000,1000,1000,1000,1000,1000,1000,1000,1000,1000,1000,1000,1000,1000,1000,1000,1000,1000,1000,1000,1000,1000,1000,1000,1000,1000,1000,1000,1000,1000,1000,1000,1000,1000,1000,1000,1000,1000,1000,1000,1000,1000,1000,1000,1000,1000,1000,1000,1000,1000,1000,1000,1000,1000,1000,1000,1000,1000,1000,1000,1000,1000,1000,1000,1000,1000,1000,1000,1000,1000,1000,1000,1000,1000,1000,1000,1000,1000,1000,1000,1000,1000,1000,1000,1000,1000,1000,1000,1000,1000,1000,1000,1000,1000,1000,1000,1000,1000,1000,1000,1000,1000,1000,1000,1000,1000,1000,1000,1000,1000,1000,1000,1000,1000,1000,1000,1000,1000,1000,1000,1000,1000,1000,1000,1000
1000,1000,1000,1000,1000,1000,1000,1000,1000,1000,1000,1000,1000,1000,1000,1000,1000,1000,1000,1000,1000,1000,1000,1000,1000,1000,1000,1000,1000,1000,1000,1000,1000,1000,1000,1000,1000,1000,1000,1000,1000,1000,1000,1000,1000,1000,1000,1000,1000,1000,1000,1000,1000,1000,1000,1000,1000,1000,1000,1000,1000,1000,1000,1000,1000,1000,1000,1000,1000,1000,1000,1000,1000,1000,1000,1000,1000,1000,1000,1000,1000,1000,1000,1000,1000,1000,1000,1000,1000,1000,1000,1000,1000,1000,1000,1000,1000,1000,1000,1000,1000,1000,1000,1000,1000,1000,1000,1000,1000,1000,1000,1000,1000,1000,1000,1000,1000,1000,1000,1000,1000,1000,1000,1000,1000,1000,1000,1000,1000,1000,1000,1000,1155.678,1154.705,1145.218,1148.867,1153.245,1161.029,1163.462,1180.489,1000,1000,1000,1000,1000,1000,1000,1000,1000,1000,1000,1000,1000,1000,1000,1000,1000,1000,1000,1000,1000,1000,1000,1000,1000,1000,1211.624,1220.381,1226.219,1238.381,1128.472,1128.548,1128.936,1129.08,1129.43,1129.719,1129.962,1129.962,1130.228,1130.228,1130.532,1130.532,1131.201,1131.323,1132.113,1132.265,1133.542,1132.873,1133.36,1134.819,1136.522,1136.948,1138.164,1138.711,1137.677,1136.704,1136.036,1136.704,1000,1000,1000,1000,1140.596,1141.448,1142.664,1142.664,1143.637,1143.637,1143.272,1143.637,1145.34,1144.61,1000,1000,1000,1000,1000,1000,1000,1000,1000,1107.18,1107.294,1000,1107.621,1000,1000,1000,1000,1000,1000,1188.759,1195.084,1198.975,1191.192,1179.759,1171.002,1167.597,1166.867,1166.38,1166.867,1168.57,1169.299,1170.516,1172.218,1174.164,1175.867,1178.543,1180.489,1181.219,1180.489,1180.489,1179.273,1179.273,1179.273,1179.273,1179.273,1180.489,1181.705,1182.435,1185.354,1185.354,1188.273,1186.813,1187.3,1187.3,1188.759,1190.219,1189.732,1189.732,1188.273,1191.192,1189.732,1194.111,1195.084,1197.03,1195.084,1197.03,1197.03,1199.462,1201.408,1203.84,1203.84,1206.273,1207.732,1205.3,1206.273,1208.705,1207.732,1208.705,1206.273,1203.84,1201.408,1201.408,1200.435,1201.895,1204.327,1206.273,1206.759,1209.678,1215.03,1219.408,1221.354,1219.408,1216.489,1212.111,1211.138,1210.651,1213.084,1214.057,1216.489,1217.462,1215.03,1217.462,1218.435,1220.381,1220.381,1221.354,1220.381,1219.408,1220.381,1219.408,1216.489,1215.516,1216.489,1216.489,1216.489,1217.462,1220.381,1220.381,1217.462,1218.435,1221.354,1219.408,1217.462,1218.435,1218.435,1215.516,1216.489,1219.408,1217.462,1216.489,1217.462,1221.354,1220.381,1223.3,1226.219,1225.246,1221.354,1220.381,1218.435,1219.408,1222.327,1226.219,1223.3,1223.3,1221.354,1221.354,1220.381,1220.381,1221.354,1221.354,1223.3,1222.327,1219.408,1217.462,1219.408,1215.516,1217.462,1221.354,1222.327,1218.435,1222.327,1221.354,1221.354,1225.246,1225.246,1226.219,1224.273,1226.219,1216.489,1218.435,1209.678,1208.705,1201.408,1200.435,1200.435,1200.435,1198.975,1200.435,1200.435,1201.408,1201.895,1202.867,1201.408,1201.895,1199.462,1199.462,1197.03,1196.543,1195.57,1196.543,1196.543,1192.651,1195.084,1192.651,1189.732,1186.813,1186.083,1184.624,1183.165,1182.435,1181.705,1181.705,1175.381,1173.435,1169.786,1165.894,1000,1000,1000,1000,1000,1000,1000,1000,1000,1000,1000,1000,1000,1000,1000,1000,1000,1169.299,1171.002,1170.516,1172.705,1171.732,1171.002,1167.597,1165.894,1162.002,1159.57,1153.975,1154.461,1151.421,1153.124,1152.637,1150.569,1149.84,1149.84,1149.84,1149.84,1152.272,1150.569,1149.84,1148.988,1148.259,1147.164,1147.529,1000,1000,1112.258,1116.758,1119.191,1118.218,1115.42,1110.555,1000,1000,1000,1000,1133.694,1000,1000,1000,1000,1000,1000,1000,1000,1000,1000,1000,1000,1000,1000,1000,1000,1000,1000,1000,1000,1129.498,1000,1000,1000,1000,1000,1218.435,1212.597,1205.786,1000,1000,1000,1000,1000,1000,1000,1000,1000,1000,1000,1000,1000,1000,1000,1000,1000,1000,1000,1000,1000,1000,1000,1000,1000,1000,1000,1000,1000,1000,1000,1000,1000,1000,1000,1000,1000,1000,1000,1000,1000,1000,1000,1000,1000,1000,1000,1000,1000,1000,1000,1000,1000,1000,1000,1000,1000,1000,1000,1000,1000,1000,1000,1000,1000,1000,1000,1000,1000,1000,1000,1000,1000,1000,1000,1000,1000,1000,1000,1000,1000,1000,1000,1000,1000,1000,1000,1000,1000,1000,1000,1000,1000,1000,1000,1000,1000,1000,1000,1000,1000,1000,1000,1000,1000,1000,1000,1000,1000,1000,1000,1000,1000,1000,1000,1000,1000,1000,1000,1000,1000,1000,1000,1000,1000,1000,1000,1000,1000,1000,1000,1000,1000,1000,1000,1000
1000,1000,1000,1000,1000,1000,1000,1000,1000,1000,1000,1000,1000,1000,1000,1000,1000,1000,1000,1000,1000,1000,1000,1000,1000,1000,1000,1000,1000,1000,1000,1000,1000,1000,1000,1000,1000,1000,1000,1000,1000,1000,1000,1000,1000,1000,1000,1000,1000,1000,1000,1000,1000,1000,1000,1000,1000,1000,1000,1000,1000,1000,1000,1000,1000,1000,1000,1000,1000,1000,1000,1000,1000,1000,1000,1000,1000,1000,1000,1000,1000,1000,1000,1000,1000,1000,1000,1000,1000,1000,1000,1000,1000,1000,1000,1000,1000,1000,1000,1000,1000,1000,1000,1000,1000,1000,1000,1000,1000,1000,1000,1000,1000,1000,1000,1000,1000,1000,1000,1000,1000,1000,1000,1000,1000,1000,1000,1000,1000,1000,1000,1000,1142.299,1145.218,1141.569,1146.434,1150.813,1156.164,1159.57,1169.786,1000,1000,1000,1000,1000,1000,1000,1000,1000,1000,1000,1000,1000,1000,1000,1000,1000,1000,1000,1000,1183.408,1188.759,1193.624,1205.786,1209.678,1213.57,1219.408,1224.273,1230.598,1235.463,1238.381,1241.3,1128.7,1128.776,1129.133,1129.308,1129.369,1129.369,1129.498,1129.498,1129.574,1129.643,1129.962,1130.137,1130.137,1130.532,1130.958,1130.334,1130.532,1131.566,1132.721,1133.025,1133.694,1133.877,1132.721,1131.976,1000,1000,1000,1000,1000,1000,1000,1000,1000,1000,1000,1000,1000,1000,1000,1000,1000,1000,1000,1000,1202.867,1197.03,1196.057,1196.057,1198.003,1203.84,1207.732,1211.138,1213.084,1218.922,1107.066,1107.294,1000,1000,1000,1000,1000,1162.732,1161.029,1158.11,1156.651,1156.651,1157.624,1158.597,1159.57,1161.029,1160.543,1161.516,1163.218,1165.407,1166.38,1168.083,1168.57,1168.083,1168.083,1169.299,1169.299,1169.299,1169.299,1169.786,1168.57,1168.083,1170.516,1172.218,1172.705,1173.435,1174.651,1174.651,1175.381,1175.867,1177.813,1178.543,1179.273,1179.759,1177.083,1178.543,1178.543,1179.273,1179.759,1182.435,1180.489,1183.165,1182.435,1184.624,1186.083,1189.732,1188.759,1189.732,1191.678,1191.678,1191.678,1194.111,1195.57,1193.138,1191.678,1190.219,1188.273,1188.273,1186.813,1189.732,1189.732,1191.678,1191.678,1195.084,1198.975,1202.867,1204.327,1201.895,1200.435,1198.003,1196.543,1195.084,1197.03,1198.975,1200.435,1201.895,1200.435,1201.895,1202.867,1203.84,1205.3,1206.273,1205.3,1204.327,1205.3,1202.867,1202.867,1202.867,1203.84,1202.867,1203.84,1204.327,1204.327,1201.895,1201.408,1203.84,1204.327,1204.327,1203.84,1201.895,1200.435,1198.975,1201.408,1202.867,1203.84,1202.867,1202.867,1205.3,1206.273,1207.732,1209.678,1207.732,1203.84,1203.84,1202.867,1201.895,1202.867,1206.273,1204.327,1206.273,1206.273,1206.759,1206.759,1206.273,1205.3,1206.759,1205.3,1205.3,1204.327,1203.84,1204.327,1203.84,1203.84,1206.273,1207.732,1206.273,1210.651,1211.138,1208.705,1210.651,1206.273,1206.759,1205.3,1207.732,1198.975,1200.435,1193.138,1192.651,1187.3,1187.3,1187.3,1186.813,1186.083,1187.3,1189.732,1188.759,1190.219,1191.192,1189.732,1188.273,1186.813,1186.813,1184.624,1183.894,1183.165,1183.894,1183.165,1181.705,1183.165,1181.705,1179.273,1175.867,1174.651,1175.381,1172.705,1173.435,1173.435,1174.164,1168.57,1168.57,1165.407,1162.002,1156.651,1154.826,1151.421,1149.84,1148.624,1144.61,1140.292,1000,1000,1000,1000,1000,1000,1000,1000,1000,1000,1000,1000,1163.705,1164.678,1000,1163.218,1158.597,1157.624,1154.461,1152.272,1148.624,1148.624,1144.61,1142.36,1142.664,1142.664,1142.36,1143.272,1144.002,1143.272,1144.002,1143.029,1142.056,1141.752,1140.9,1141.144,1140.292,1141.752,1000,1000,1113.109,1114.934,1114.934,1113.109,1110.191,1000,1000,1000,1135.853,1133.36,1130.745,1129.878,1129.308,1128.51,1000,1000,1000,1000,1000,1000,1000,1000,1000,1000,1000,1000,1000,1000,1000,1000,1000,1000,1000,1000,1000,1208.705,1197.03,1196.057,1191.192,1183.408,1185.354,1000,1000,1000,1000,1000,1000,1000,1000,1000,1000,1000,1000,1000,1000,1000,1000,1000,1000,1000,1000,1000,1000,1000,1000,1000,1000,1000,1000,1000,1000,1000,1000,1000,1000,1000,1000,1000,1000,1000,1000,1000,1000,1000,1000,1000,1000,1000,1000,1000,1000,1000,1000,1000,1000,1000,1000,1000,1000,1000,1000,1000,1000,1000,1000,1000,1000,1000,1000,1000,1000,1000,1000,1000,1000,1000,1000,1000,1000,1000,1000,1000,1000,1000,1000,1000,1000,1000,1000,1000,1000,1000,1000,1000,1000,1000,1000,1000,1000,1000,1000,1000,1000,1000,1000,1000,1000,1000,1000,1000,1000,1000,1000,1000,1000,1000,1000,1000,1000,1000,1000,1000,1000,1000,1000,1000,1000,1000,1000,1000,1000,1000,1000,1000,1000
1000,1000,1000,1000,1000,1000,1000,1000,1000,1000,1000,1000,1000,1000,1000,1000,1000,1000,1000,1000,1000,1000,1000,1000,1000,1000,1000,1000,1000,1000,1000,1000,1000,1000,1000,1000,1000,1000,1000,1000,1000,1000,1000,1000,1000,1000,1000,1000,1000,1000,1000,1000,1000,1000,1000,1000,1000,1000,1000,1000,1000,1000,1000,1000,1000,1000,1000,1000,1000,1000,1000,1000,1000,1000,1000,1000,1000,1000,1000,1000,1000,1000,1000,1000,1000,1000,1000,1000,1000,1000,1000,1000,1000,1000,1000,1000,1000,1000,1000,1000,1000,1000,1000,1000,1000,1000,1000,1000,1000,1000,1000,1000,1000,1000,1000,1000,1000,1000,1000,1000,1000,1000,1000,1000,1000,1000,1000,1000,1000,1000,1000,1133.786,1135.731,1135.731,1135.731,1139.623,1147.407,1151.786,1158.11,1000,1000,1000,1000,1000,1000,1000,1000,1000,1000,1000,1000,1000,1164.921,1000,1000,1000,1000,1174.408,1000,1182.435,1188.759,1195.084,1198.003,1207.732,1209.678,1213.57,1217.462,1223.3,1224.273,1229.625,1232.543,1234.49,1241.3,1128.586,1128.738,1128.814,1128.776,1128.814,1128.814,1128.852,1128.738,1128.814,1128.89,1129.027,1129.08,1129.498,1130.053,1129.962,1129.719,1130.334,1130.958,1130.639,1130.334,1000,1000,1000,1000,1000,1000,1000,1000,1000,1000,1000,1000,1000,1000,1000,1000,1000,1000,1000,1000,1196.057,1192.165,1190.219,1186.327,1183.894,1184.381,1185.354,1185.354,1194.111,1196.057,1198.975,1199.948,1205.786,1205.786,1212.111,1219.895,1107.218,1000,1000,1000,1000,1000,1148.988,1150.569,1151.056,1151.056,1151.421,1152.637,1152.637,1153.124,1154.826,1156.286,1157.624,1157.624,1159.57,1157.137,1157.137,1157.137,1158.11,1159.57,1161.029,1162.732,1162.002,1161.516,1161.029,1162.002,1162.732,1164.191,1163.218,1164.678,1165.407,1166.867,1167.597,1169.786,1169.786,1169.786,1169.786,1167.597,1169.299,1170.516,1170.516,1169.786,1172.218,1171.002,1172.705,1172.705,1175.381,1174.651,1177.813,1176.597,1179.759,1181.705,1179.759,1177.813,1179.273,1181.219,1180.489,1181.219,1181.219,1179.273,1179.273,1178.543,1177.083,1177.083,1180.489,1180.489,1183.894,1187.3,1188.759,1188.759,1186.083,1183.165,1181.219,1180.489,1179.759,1181.219,1181.705,1184.624,1187.3,1187.3,1189.732,1190.219,1191.192,1190.219,1191.192,1189.732,1189.732,1191.678,1191.192,1191.192,1191.192,1190.219,1189.732,1189.732,1188.759,1187.3,1186.813,1188.273,1190.219,1191.192,1191.192,1191.192,1189.732,1188.273,1186.813,1188.759,1189.732,1189.732,1190.219,1190.219,1191.678,1191.678,1192.651,1195.084,1192.651,1191.192,1187.3,1188.759,1187.3,1188.273,1191.192,1192.651,1191.192,1191.678,1191.678,1192.651,1190.219,1191.192,1190.219,1191.192,1190.219,1193.138,1190.219,1192.651,1193.138,1193.138,1192.651,1198.003,1195.084,1199.462,1197.03,1194.111,1191.192,1188.759,1184.624,1185.354,1185.354,1182.435,1183.165,1179.759,1176.597,1175.381,1174.164,1176.597,1175.381,1177.083,1178.543,1180.489,1177.083,1179.759,1177.083,1175.867,1174.651,1174.651,1175.381,1175.867,1174.651,1174.651,1174.164,1172.705,1172.705,1174.164,1171.732,1169.786,1166.38,1165.894,1164.678,1164.191,1165.407,1165.894,1165.407,1162.732,1161.516,1159.57,1155.799,1153.488,1151.786,1149.84,1147.894,1148.988,1145.705,1142.664,1139.502,1000,1000,1000,1000,1000,1000,1000,1000,1000,1000,1000,1000,1000,1000,1151.056,1147.894,1148.624,1145.34,1144.975,1141.144,1000,1137.921,1136.279,1136.279,1137.677,1136.948,1137.921,1138.407,1138.164,1137.677,1137.677,1136.704,1136.704,1136.279,1136.522,1135.427,1135.853,1000,1000,1110.555,1113.109,1113.961,1113.109,1111.407,1108.123,1000,1000,1000,1132.417,1130.228,1129.574,1129.027,1128.7,1000,1000,1000,1000,1000,1000,1000,1000,1000,1000,1000,1000,1000,1000,1000,1000,1000,1000,1000,1000,1000,1000,1000,1182.435,1178.056,1173.678,1000,1000,1000,1000,1000,1000,1000,1000,1000,1000,1000,1000,1000,1000,1000,1000,1000,1000,1000,1000,1000,1000,1000,1000,1000,1000,1000,1000,1000,1000,1000,1000,1000,1000,1000,1000,1000,1000,1000,1000,1000,1000,1000,1000,1000,1000,1000,1000,1000,1000,1000,1000,1000,1000,1000,1000,1000,1000,1000,1000,1000,1000,1000,1000,1000,1000,1000,1000,1000,1000,1000,1000,1000,1000,1000,1000,1000,1000,1000,1000,1000,1000,1000,1000,1000,1000,1000,1000,1000,1000,1000,1000,1000,1000,1000,1000,1000,1000,1000,1000,1000,1000,1000,1000,1000,1000,1000,1000,1000,1000,1000,1000,1000,1000,1000,1000,1000,1000,1000,1000,1000,1000,1000,1000,1000,1000,1000,1000,1000,1000,1000,1000,1000,1000,1000
1000,1000,1000,1000,1000,1000,1000,1000,1000,1000,1000,1000,1000,1000,1000,1000,1000,1000,1000,1000,1000,1000,1000,1000,1000,1000,1000,1000,1000,1000,1000,1000,1000,1000,1000,1000,1000,1000,1000,1000,1000,1000,1000,1000,1000,1000,1000,1000,1000,1000,1000,1000,1000,1000,1000,1000,1000,1000,1000,1000,1000,1000,1000,1000,1000,1000,1000,1000,1000,1000,1000,1000,1000,1000,1000,1000,1000,1000,1000,1000,1000,1000,1000,1000,1000,1000,1000,1000,1000,1000,1000,1000,1000,1000,1000,1000,1000,1000,1000,1000,1000,1000,1000,1000,1000,1000,1000,1000,1000,1000,1000,1000,1000,1000,1000,1000,1000,1000,1000,1000,1000,1000,1000,1000,1000,1000,1000,1000,1000,1000,1000,1000,1138.894,1137.677,1138.407,1000,1000,1000,1000,1000,1000,1000,1000,1000,1000,1000,1000,1000,1140.596,1145.948,1151.542,1000,1164.921,1166.867,1168.083,1170.759,1168.813,1170.759,1170.759,1175.624,1180.975,1187.3,1191.192,1202.381,1205.786,1209.678,1212.597,1215.516,1216.489,1218.435,1220.381,1222.327,1229.625,1233.516,1239.354,1241.3,1240.327,1236.435,1234.49,1233.516,1231.571,1234.49,1238.381,1241.3,1241.3,1128.586,1128.7,1128.624,1128.662,1129.08,1129.369,1129.308,1129.027,1000,1000,1000,1000,1150.569,1150.083,1154.218,1153.488,1158.597,1161.516,1166.867,1000,1000,1000,1000,1000,1000,1000,1180.002,1180.002,1177.57,1177.57,1175.624,1173.191,1174.164,1175.137,1175.624,1178.543,1184.381,1185.354,1189.246,1191.192,1194.111,1196.057,1202.867,1207.732,1214.057,1220.868,1107.18,1000,1000,1000,1000,1143.637,1144.245,1144.61,1144.975,1146.434,1146.069,1146.069,1147.529,1148.624,1148.624,1148.624,1149.84,1148.624,1147.529,1148.259,1149.353,1151.056,1151.786,1152.637,1153.488,1153.124,1152.637,1153.488,1154.461,1154.826,1155.313,1157.624,1159.083,1159.57,1160.056,1160.056,1159.083,1159.57,1159.083,1158.597,1159.083,1159.083,1160.056,1160.056,1162.732,1161.516,1164.191,1163.218,1165.407,1165.407,1168.083,1166.38,1166.867,1169.786,1168.57,1166.38,1167.597,1169.786,1167.597,1169.299,1169.786,1168.083,1169.786,1169.299,1168.083,1169.299,1171.732,1171.732,1174.651,1177.813,1176.597,1176.597,1175.381,1173.435,1172.705,1173.435,1172.705,1173.435,1173.435,1173.435,1177.083,1177.083,1178.543,1179.273,1179.759,1177.083,1176.597,1175.381,1177.083,1177.813,1176.597,1179.273,1179.273,1179.273,1179.759,1180.489,1178.543,1178.543,1176.597,1175.867,1176.597,1179.759,1179.273,1177.813,1177.083,1177.083,1172.218,1172.705,1175.381,1177.813,1175.867,1177.813,1177.813,1179.273,1179.759,1178.543,1178.543,1177.813,1176.597,1177.083,1177.083,1177.813,1178.543,1179.273,1178.543,1179.273,1179.759,1181.219,1179.759,1179.273,1179.273,1180.489,1179.759,1182.435,1181.219,1183.165,1183.165,1182.435,1182.435,1188.759,1186.813,1188.273,1181.219,1172.705,1165.407,1163.705,1162.732,1167.597,1170.516,1169.299,1171.732,1169.299,1165.407,1165.407,1165.407,1166.867,1166.867,1169.299,1169.299,1171.002,1168.083,1169.786,1167.597,1167.597,1166.38,1166.38,1165.407,1164.678,1164.678,1164.678,1164.678,1164.191,1164.678,1164.678,1162.002,1160.543,1158.11,1158.11,1157.624,1157.624,1158.11,1159.083,1158.11,1155.799,1155.313,1153.488,1151.056,1149.84,1149.353,1148.259,1146.434,1147.894,1145.34,1142.36,1139.502,1136.704,1131.703,1000,1000,1000,1000,1000,1000,1000,1000,1000,1000,1000,1000,1000,1000,1000,1136.948,1138.954,1136.036,1000,1000,1133.694,1134.059,1135.427,1134.819,1135.245,1135.245,1134.637,1133.542,1133.177,1132.721,1132.721,1132.265,1132.873,1132.113,1131.839,1131.839,1000,1000,1110.191,1111.772,1111.772,1110.92,1109.339,1107.758,1000,1000,1131.839,1129.719,1129.133,1128.624,1241.3,1234.49,1231.571,1224.273,1000,1197.03,1000,1000,1000,1000,1000,1000,1000,1000,1000,1000,1000,1000,1000,1000,1000,1000,1000,1000,1000,1000,1000,1000,1000,1000,1000,1000,1000,1000,1000,1000,1000,1000,1000,1000,1000,1000,1000,1000,1000,1000,1000,1000,1000,1000,1000,1000,1000,1000,1000,1000,1000,1000,1000,1000,1000,1000,1000,1000,1000,1000,1000,1000,1000,1000,1000,1000,1000,1000,1000,1000,1000,1000,1000,1000,1000,1000,1000,1000,1000,1000,1000,1000,1000,1000,1000,1000,1000,1000,1000,1000,1000,1000,1000,1000,1000,1000,1000,1000,1000,1000,1000,1000,1000,1000,1000,1000,1000,1000,1000,1000,1000,1000,1000,1000,1000,1000,1000,1000,1000,1000,1000,1000,1000,1000,1000,1000,1000,1000,1000,1000,1000,1000,1000,1000,1000,1000,1000,1000,1000,1000,1000,1000,1000,1000,1000,1000,1000,1000,1000,1000,1000,1000,1000,1000,1000,1000
1000,1000,1000,1000,1000,1000,1000,1000,1000,1000,1000,1000,1000,1000,1000,1000,1000,1000,1000,1000,1000,1000,1000,1000,1000,1000,1000,1000,1000,1000,1000,1000,1000,1000,1000,1000,1000,1000,1000,1000,1000,1000,1000,1000,1000,1000,1000,1000,1000,1000,1000,1000,1000,1000,1000,1000,1000,1000,1000,1000,1000,1000,1000,1000,1000,1000,1000,1000,1000,1000,1000,1000,1000,1000,1000,1000,1000,1000,1000,1000,1000,1000,1000,1000,1000,1000,1000,1000,1000,1000,1000,1000,1000,1000,1000,1000,1000,1000,1000,1000,1000,1000,1000,1000,1000,1000,1000,1000,1000,1000,1000,1000,1000,1000,1000,1000,1000,1000,1000,1000,1000,1000,1000,1000,1000,1000,1000,1000,1000,1000,1000,1000,1000,1000,1000,1000,1000,1000,1000,1000,1000,1000,1132.569,1132.934,1139.38,1139.745,1140.596,1141.448,1148.38,1149.353,1155.191,1161.759,1166.137,1166.867,1170.029,1170.759,1169.543,1169.543,1171.489,1173.678,1178.056,1183.408,1187.3,1192.651,1195.084,1197.03,1199.462,1202.381,1203.354,1203.84,1207.732,1209.678,1214.543,1218.435,1222.327,1222.327,1221.354,1220.381,1218.435,1219.408,1223.3,1225.246,1229.625,1230.598,1230.598,1232.543,1234.49,1233.516,1235.463,1128.586,1128.7,1128.51,1000,1000,1000,1000,1138.65,1139.38,1139.867,1143.515,1143.515,1145.461,1148.624,1154.218,1156.164,1162.002,1000,1000,1166.867,1165.407,1163.948,1163.948,1162.002,1163.948,1164.435,1164.435,1164.435,1165.894,1166.867,1169.299,1172.705,1177.57,1180.002,1183.894,1184.381,1186.327,1186.327,1192.165,1195.084,1201.895,1207.732,1212.111,1218.922,1000,1000,1000,1000,1139.198,1139.745,1140.596,1141.752,1141.448,1141.144,1142.36,1143.029,1142.36,1143.029,1144.975,1143.272,1142.664,1143.029,1143.272,1143.272,1145.705,1146.069,1147.164,1146.069,1146.434,1146.799,1147.529,1147.894,1149.353,1149.84,1150.569,1151.421,1151.056,1151.786,1150.205,1151.056,1150.205,1150.205,1151.056,1152.637,1153.124,1153.488,1155.799,1154.826,1157.137,1156.286,1157.137,1155.799,1157.624,1157.137,1159.57,1161.029,1158.597,1157.624,1159.57,1161.029,1160.056,1161.516,1162.002,1161.029,1162.002,1162.732,1161.029,1160.543,1162.002,1161.516,1162.732,1163.705,1164.191,1164.678,1164.191,1163.705,1163.218,1163.218,1162.732,1163.218,1163.705,1164.678,1167.597,1168.083,1168.57,1167.597,1168.083,1165.894,1165.407,1165.407,1167.597,1168.57,1169.299,1171.732,1172.218,1171.002,1170.516,1169.786,1167.597,1167.597,1166.867,1166.38,1166.867,1168.57,1168.083,1166.867,1166.38,1166.38,1164.191,1165.894,1166.867,1169.299,1168.57,1169.786,1167.597,1169.299,1168.57,1168.083,1168.083,1168.083,1166.867,1166.867,1167.597,1168.083,1169.299,1170.516,1169.786,1168.57,1169.786,1170.516,1168.57,1168.083,1170.516,1171.732,1171.002,1172.705,1172.218,1173.435,1172.218,1169.786,1168.57,1171.732,1168.083,1168.083,1163.218,1160.056,1157.137,1154.826,1155.799,1158.11,1160.543,1160.056,1162.002,1160.056,1159.57,1160.056,1159.57,1161.029,1160.543,1160.543,1160.056,1161.029,1159.083,1160.056,1159.083,1158.597,1156.651,1156.651,1156.286,1155.313,1155.799,1155.799,1156.286,1155.799,1156.651,1156.651,1155.799,1153.975,1151.786,1150.569,1149.84,1149.353,1150.205,1150.205,1150.569,1148.988,1148.988,1147.894,1146.434,1145.34,1144.61,1143.029,1141.752,1143.029,1140.9,1138.954,1137.921,1135.427,1131.839,1130.958,1130.958,1130.639,1000,1000,1000,1000,1000,1000,1000,1000,1000,1000,1000,1000,1000,1000,1000,1000,1000,1000,1130.745,1132.417,1132.417,1132.569,1132.417,1131.839,1130.958,1130.745,1130.426,1130.426,1130.334,1130.745,1130.228,1129.962,1129.878,1000,1000,1108.123,1110.555,1110.555,1110.555,1110.191,1109.339,1107.393,1000,1000,1000,1128.434,1231.571,1226.219,1224.273,1220.381,1215.516,1209.678,1196.057,1181.462,1000,1000,1000,1000,1000,1000,1000,1000,1000,1000,1000,1000,1000,1000,1000,1000,1000,1000,1000,1000,1000,1000,1000,1000,1000,1000,1000,1000,1000,1000,1000,1000,1000,1000,1000,1000,1000,1000,1000,1000,1000,1000,1000,1000,1000,1000,1000,1000,1000,1000,1000,1000,1000,1000,1000,1000,1000,1000,1000,1000,1000,1000,1000,1000,1000,1000,1000,1000,1000,1000,1000,1000,1000,1000,1000,1000,1000,1000,1000,1000,1000,1000,1000,1000,1000,1000,1000,1000,1000,1000,1000,1000,1000,1000,1000,1000,1000,1000,1000,1000,1000,1000,1000,1000,1000,1000,1000,1000,1000,1000,1000,1000,1000,1000,1000,1000,1000,1000,1000,1000,1000,1000,1000,1000,1000,1000,1000,1000,1000,1000,1000,1000,1000,1000,1000,1000,1000,1000,1000,1000,1000,1000,1000,1000,1000,1000,1000,1000,1000,1000,1000,1000,1000,1000,1000
1000,1000,1000,1000,1000,1000,1000,1000,1000,1000,1000,1000,1000,1000,1000,1000,1000,1000,1000,1000,1000,1000,1000,1000,1000,1000,1000,1000,1000,1000,1000,1000,1000,1000,1000,1000,1000,1000,1000,1000,1000,1000,1000,1000,1000,1000,1000,1000,1000,1000,1000,1000,1000,1000,1000,1000,1000,1000,1000,1000,1000,1000,1000,1000,1000,1000,1000,1000,1000,1000,1000,1000,1000,1000,1000,1000,1000,1000,1000,1000,1000,1000,1000,1000,1000,1000,1000,1000,1000,1000,1000,1000,1000,1000,1000,1000,1000,1000,1000,1000,1000,1000,1000,1000,1000,1000,1000,1000,1000,1000,1000,1000,1000,1000,1000,1000,1000,1000,1000,1000,1000,1000,1000,1000,1000,1000,1000,1000,1000,1000,1000,1000,1000,1000,1000,1000,1000,1123.752,1000,1128.921,1128.616,1132.569,1136.218,1136.218,1140.596,1142.786,1143.151,1143.637,1149.353,1152.029,1155.921,1159.326,1162.489,1162.489,1162.975,1164.191,1162.975,1162.489,1162.975,1165.407,1167.597,1172.218,1175.624,1180.002,1183.408,1185.354,1185.354,1187.786,1187.786,1187.3,1190.219,1195.084,1199.462,1204.813,1207.732,1209.678,1207.732,1207.732,1205.786,1207.732,1207.732,1209.678,1212.597,1213.57,1214.543,1216.489,1218.435,1218.435,1217.462,1223.3,1228.165,1223.3,1000,1000,1133.056,1129.894,1130.38,1132.569,1134.272,1138.164,1139.867,1141.083,1144.245,1146.677,1148.137,1151.299,1153.488,1152.759,1152.759,1152.759,1152.759,1154.948,1155.678,1157.137,1158.597,1160.543,1159.083,1160.543,1160.543,1162.002,1164.435,1167.84,1173.191,1175.624,1174.164,1176.597,1176.597,1179.516,1185.354,1185.354,1189.246,1196.057,1198.975,1205.786,1000,1000,1000,1000,1136.279,1136.522,1136.948,1136.522,1136.522,1137.191,1137.921,1137.921,1138.407,1138.711,1138.164,1137.677,1137.921,1137.921,1139.198,1140.049,1140.292,1141.144,1140.9,1140.9,1141.144,1141.752,1140.9,1143.272,1144.245,1143.637,1145.705,1145.34,1145.705,1144.61,1144.975,1144.61,1145.705,1145.34,1146.799,1146.069,1146.799,1148.259,1147.894,1149.353,1149.84,1149.353,1148.988,1149.84,1149.84,1149.353,1151.421,1150.569,1149.353,1150.569,1152.272,1151.056,1152.637,1154.826,1154.826,1154.826,1155.313,1154.461,1152.272,1152.637,1151.421,1152.637,1153.488,1154.826,1155.313,1155.313,1155.313,1155.799,1155.799,1155.799,1155.799,1155.313,1155.313,1157.624,1157.624,1158.11,1158.11,1156.651,1156.286,1156.651,1155.799,1158.597,1157.624,1158.11,1159.57,1160.543,1160.056,1160.056,1160.056,1158.597,1159.083,1158.11,1159.083,1160.056,1161.029,1160.056,1159.083,1158.11,1158.11,1156.286,1158.11,1159.083,1160.056,1160.543,1161.029,1159.57,1159.57,1159.083,1159.57,1159.57,1160.543,1160.056,1159.57,1160.543,1160.543,1160.543,1160.543,1160.543,1159.57,1161.029,1162.002,1161.029,1160.543,1162.002,1161.029,1161.516,1164.191,1165.407,1165.407,1163.705,1161.516,1158.11,1157.624,1156.651,1155.313,1152.272,1152.637,1151.056,1150.205,1151.056,1152.637,1153.124,1153.124,1154.461,1153.124,1152.637,1152.272,1152.637,1153.124,1152.272,1152.637,1152.272,1152.637,1151.421,1151.786,1151.421,1150.569,1149.353,1149.84,1150.205,1148.259,1148.259,1147.894,1148.259,1147.894,1148.988,1149.84,1149.353,1147.894,1146.799,1144.61,1143.029,1143.637,1144.245,1144.61,1144.975,1144.245,1143.637,1142.056,1140.9,1140.9,1140.292,1138.954,1138.164,1138.954,1137.434,1136.279,1135.002,1133.36,1131.201,1130.532,1130.426,1130.532,1130.228,1130.639,1000,1000,1000,1000,1000,1000,1000,1000,1000,1000,1000,1000,1000,1000,1000,1000,1128.852,1130.137,1130.532,1130.532,1130.745,1130.334,1129.719,1129.369,1129.187,1129.027,1128.981,1129.027,1128.89,1128.738,1128.586,1000,1000,1000,1110.555,1109.704,1109.339,1109.339,1108.488,1107.758,1106.664,1000,1000,1000,1213.57,1211.624,1206.759,1203.84,1199.462,1192.165,1180.975,1172.948,1000,1000,1000,1000,1000,1000,1000,1000,1000,1000,1000,1000,1154.218,1150.813,1000,1000,1000,1000,1000,1000,1000,1000,1000,1000,1000,1000,1000,1000,1000,1000,1000,1000,1000,1000,1000,1000,1000,1000,1000,1000,1000,1000,1000,1000,1000,1000,1000,1000,1000,1000,1000,1000,1000,1000,1000,1000,1000,1000,1000,1000,1000,1000,1000,1000,1000,1000,1000,1000,1000,1000,1000,1000,1000,1000,1000,1000,1000,1000,1000,1000,1000,1000,1000,1000,1000,1000,1000,1000,1000,1000,1000,1000,1000,1000,1000,1000,1000,1000,1000,1000,1000,1000,1000,1000,1000,1000,1000,1000,1000,1000,1000,1000,1000,1000,1000,1000,1000,1000,1000,1000,1000,1000,1000,1000,1000,1000,1000,1000,1000,1000,1000,1000,1000,1000,1000,1000,1000,1000,1000,1000,1000,1000,1000,1000,1000,1000,1000,1000,1000,1000,1000,1000,1000,1000,1000
1000,1000,1000,1000,1000,1000,1000,1000,1000,1000,1000,1000,1000,1000,1000,1000,1000,1000,1000,1000,1000,1000,1000,1000,1000,1000,1000,1000,1000,1000,1000,1000,1000,1000,1000,1000,1000,1000,1000,1000,1000,1000,1000,1000,1000,1000,1000,1000,1000,1000,1000,1000,1000,1000,1000,1000,1000,1000,1000,1000,1000,1000,1000,1000,1000,1000,1000,1000,1000,1000,1000,1000,1000,1000,1000,1000,1000,1000,1000,1000,1000,1000,1000,1000,1000,1000,1000,1000,1000,1000,1000,1000,1000,1000,1000,1000,1000,1000,1000,1000,1000,1000,1000,1000,1000,1000,1000,1000,1000,1000,1000,1000,1000,1000,1000,1000,1000,1000,1000,1000,1000,1000,1000,1000,1000,1000,1000,1000,1000,1000,1000,1000,1121.349,1000,1122.383,1124.603,1124.603,1125.515,1126.731,1129.772,1129.225,1132.326,1135.123,1134.029,1135.853,1137.677,1138.894,1138.529,1143.637,1145.461,1148.38,1151.542,1156.407,1155.921,1155.921,1156.407,1155.191,1154.705,1154.705,1156.894,1159.326,1161.759,1164.191,1166.867,1171.489,1172.948,1175.137,1177.083,1178.056,1177.083,1180.975,1182.435,1187.3,1192.165,1194.597,1194.597,1194.597,1193.624,1192.651,1192.651,1194.597,1196.057,1200.435,1202.381,1205.786,1206.759,1207.732,1208.705,1208.705,1210.651,1214.543,1209.678,1000,1000,1000,1125.15,1127.461,1127.948,1129.894,1133.542,1135.731,1134.758,1138.164,1140.596,1142.299,1144.245,1145.461,1145.461,1146.677,1145.948,1145.948,1148.624,1149.353,1151.299,1154.948,1156.164,1154.948,1156.164,1157.624,1156.164,1157.624,1162.002,1159.083,1162.002,1161.516,1162.002,1164.435,1165.894,1166.867,1167.84,1175.624,1178.543,1184.381,1188.273,1192.165,1000,1000,1000,1000,1133.542,1133.542,1133.36,1133.542,1134.059,1134.424,1135.002,1134.819,1135.002,1134.819,1134.637,1134.637,1134.637,1135.61,1135.61,1136.522,1136.522,1136.704,1136.279,1136.704,1137.677,1137.191,1138.407,1138.407,1139.198,1140.292,1139.745,1139.745,1138.954,1140.049,1139.198,1140.596,1140.049,1140.596,1140.9,1142.056,1142.664,1142.36,1143.637,1144.002,1143.272,1143.272,1144.002,1144.002,1143.029,1144.245,1145.34,1144.61,1144.245,1145.705,1144.245,1146.069,1148.259,1149.353,1149.353,1150.205,1148.259,1146.799,1146.434,1145.34,1146.069,1147.164,1147.164,1147.164,1147.894,1147.164,1147.529,1147.894,1147.894,1148.988,1149.353,1149.353,1151.056,1151.786,1151.786,1151.056,1151.421,1149.84,1150.205,1149.84,1151.786,1151.421,1151.786,1152.637,1152.272,1151.786,1151.786,1151.786,1150.569,1151.056,1150.205,1150.569,1151.056,1152.272,1151.786,1151.056,1151.056,1151.056,1149.84,1151.421,1151.786,1153.975,1153.975,1153.975,1152.272,1153.124,1151.786,1151.421,1151.421,1152.272,1152.272,1150.569,1151.786,1152.637,1152.637,1151.786,1152.637,1152.637,1153.975,1155.313,1156.651,1155.313,1155.799,1153.975,1154.461,1153.488,1156.651,1155.799,1153.488,1152.637,1150.205,1150.205,1148.624,1147.529,1145.34,1146.434,1145.34,1145.34,1146.434,1146.799,1146.799,1147.164,1147.894,1147.894,1146.799,1146.799,1147.164,1147.529,1146.069,1146.799,1146.799,1146.069,1144.975,1144.61,1144.61,1143.637,1143.637,1143.272,1144.245,1143.029,1143.272,1142.056,1143.637,1141.752,1143.029,1143.029,1142.664,1141.144,1140.9,1139.502,1138.407,1138.407,1139.502,1139.198,1139.198,1138.711,1137.677,1136.948,1136.279,1136.948,1136.704,1136.036,1135.427,1135.853,1134.424,1133.36,1132.569,1131.444,1130.532,1130.137,1130.053,1130.053,1129.878,1129.574,1129.133,1128.662,1000,1000,1000,1000,1000,1000,1000,1000,1000,1000,1000,1000,1000,1000,1000,1000,1000,1000,1129.08,1129.027,1128.89,1128.662,1128.434,1233.516,1234.49,1231.571,1227.192,1225.246,1000,1000,1000,1000,1111.407,1109.339,1107.758,1107.393,1106.664,1106.299,1105.204,1106.664,1000,1000,1000,1000,1178.543,1000,1174.408,1167.597,1160.543,1156.894,1000,1000,1000,1000,1000,1000,1000,1000,1000,1000,1000,1000,1155.678,1149.353,1143.029,1139.623,1000,1000,1000,1000,1000,1000,1000,1000,1000,1000,1000,1000,1000,1000,1000,1000,1000,1000,1000,1000,1000,1000,1000,1000,1000,1000,1000,1000,1000,1000,1000,1000,1000,1000,1000,1000,1000,1000,1000,1000,1000,1000,1000,1000,1000,1000,1000,1000,1000,1000,1000,1000,1000,1000,1000,1000,1000,1000,1000,1000,1000,1000,1000,1000,1000,1000,1000,1000,1000,1000,1000,1000,1000,1000,1000,1000,1000,1000,1000,1000,1000,1000,1000,1000,1000,1000,1000,1000,1000,1000,1000,1000,1000,1000,1000,1000,1000,1000,1000,1000,1000,1000,1000,1000,1000,1000,1000,1000,1000,1000,1000,1000,1000,1000,1000,1000,1000,1000,1000,1000,1000,1000,1000,1000,1000,1000,1000,1000,1000,1000,1000,1000,1000,1000,1000,1000,1000,1000,1000
1000,1000,1000,1000,1000,1000,1000,1000,1000,1000,1000,1000,1000,1000,1000,1000,1000,1000,1000,1000,1000,1000,1000,1000,1000,1000,1000,1000,1000,1000,1000,1000,1000,1000,1000,1000,1000,1000,1000,1000,1000,1000,1000,1000,1000,1000,1000,1000,1000,1000,1000,1000,1000,1000,1000,1000,1000,1000,1000,1000,1000,1000,1000,1000,1000,1000,1000,1000,1000,1000,1000,1000,1000,1000,1000,1000,1000,1000,1000,1000,1000,1000,1000,1000,1000,1000,1000,1000,1000,1000,1000,1000,1000,1000,1000,1000,1000,1000,1000,1000,1000,1000,1000,1000,1000,1000,1000,1000,1000,1000,1000,1000,1000,1000,1000,1000,1000,1000,1000,1000,1000,1000,1000,1000,1000,1000,1000,1000,1000,1000,1000,1000,1000,1123.326,1123.569,1124.603,1124.177,1125.029,1126.731,1128.616,1128.373,1131.353,1132.569,1131.353,1134.029,1135.488,1136.218,1135.853,1140.11,1140.961,1143.151,1144.975,1150.326,1149.353,1149.353,1150.326,1151.542,1149.84,1149.84,1150.326,1151.542,1152.516,1155.191,1156.407,1160.543,1161.759,1164.191,1166.137,1170.029,1168.813,1171.489,1170.759,1174.408,1176.597,1180.002,1180.975,1182.435,1180.975,1181.462,1180.975,1183.894,1185.354,1187.786,1188.759,1193.624,1192.651,1193.624,1193.624,1194.597,1196.057,1200.435,1199.462,1000,1000,1000,1119.434,1121.988,1121.988,1124.177,1126.975,1129.407,1128.434,1132.569,1135.245,1138.65,1137.434,1139.867,1139.867,1139.867,1140.596,1142.299,1143.515,1145.461,1148.137,1149.353,1149.353,1147.407,1146.677,1145.948,1143.515,1145.461,1145.948,1144.732,1143.515,1148.624,1144.732,1149.353,1150.083,1153.488,1151.299,1155.678,1161.516,1165.894,1170.759,1173.191,1179.516,1000,1000,1000,1000,1000,1131.201,1131.444,1131.703,1131.976,1132.417,1132.569,1132.265,1132.417,1131.839,1132.265,1131.976,1132.721,1132.721,1133.694,1133.36,1133.36,1133.542,1134.059,1133.542,1134.059,1134.424,1135.002,1134.819,1135.61,1135.427,1134.819,1134.637,1135.245,1134.819,1135.853,1136.036,1136.279,1135.853,1136.704,1136.948,1137.191,1138.164,1139.198,1138.407,1138.711,1139.198,1139.198,1138.407,1139.502,1140.049,1140.049,1140.049,1141.144,1139.745,1140.292,1140.9,1141.448,1141.448,1142.36,1141.752,1141.752,1141.752,1140.9,1140.596,1141.144,1141.144,1140.9,1142.056,1141.448,1142.664,1143.029,1143.272,1142.664,1143.637,1143.029,1144.002,1144.61,1144.61,1144.002,1144.975,1144.002,1144.61,1143.637,1145.705,1144.61,1145.34,1144.61,1144.61,1144.61,1144.975,1146.069,1144.61,1144.975,1144.975,1145.34,1144.975,1145.705,1145.705,1145.34,1144.975,1146.069,1145.34,1145.705,1146.069,1147.529,1147.894,1147.894,1146.799,1146.069,1145.705,1144.61,1144.975,1144.975,1145.705,1144.245,1145.34,1145.705,1145.705,1144.61,1146.069,1147.164,1150.205,1151.786,1154.461,1153.124,1151.786,1147.894,1147.894,1144.61,1144.975,1144.61,1142.36,1141.752,1141.448,1142.056,1142.056,1142.056,1141.448,1142.056,1141.144,1140.9,1141.752,1141.448,1141.752,1142.056,1142.664,1142.36,1142.36,1141.752,1141.752,1141.144,1141.144,1140.9,1141.448,1140.9,1140.9,1140.049,1140.292,1139.198,1139.745,1138.711,1139.745,1138.164,1139.198,1138.164,1138.954,1136.948,1137.921,1136.948,1137.191,1136.036,1136.279,1134.819,1134.637,1134.059,1134.819,1134.242,1134.637,1134.059,1134.242,1133.542,1133.542,1133.877,1133.877,1132.873,1132.721,1132.569,1131.839,1131.201,1130.958,1130.137,1129.719,1129.498,1129.43,1129.247,1129.187,1128.981,1128.814,1128.434,1232.543,1000,1000,1000,1000,1000,1000,1000,1000,1000,1000,1000,1000,1000,1000,1000,1000,1000,1000,1000,1236.435,1226.219,1219.408,1203.354,1203.354,1000,1000,1000,1000,1000,1000,1000,1112.258,1108.974,1106.664,1105.569,1104.839,1104.474,1103.745,1104.474,1108.974,1000,1000,1000,1000,1154.218,1156.894,1151.542,1149.84,1145.461,1142.786,1000,1000,1000,1000,1000,1000,1000,1000,1000,1000,1000,1178.543,1167.84,1156.164,1000,1000,1000,1000,1000,1000,1000,1000,1000,1000,1000,1000,1000,1000,1000,1000,1000,1000,1000,1000,1000,1000,1000,1000,1000,1000,1000,1000,1000,1000,1000,1000,1000,1000,1000,1000,1000,1000,1000,1000,1000,1000,1000,1000,1000,1000,1000,1000,1000,1000,1000,1000,1000,1000,1000,1000,1000,1000,1000,1000,1000,1000,1000,1000,1000,1000,1000,1000,1000,1000,1000,1000,1000,1000,1000,1000,1000,1000,1000,1000,1000,1000,1000,1000,1000,1000,1000,1000,1000,1000,1000,1000,1000,1000,1000,1000,1000,1000,1000,1000,1000,1000,1000,1000,1000,1000,1000,1000,1000,1000,1000,1000,1000,1000,1000,1000,1000,1000,1000,1000,1000,1000,1000,1000,1000,1000,1000,1000,1000,1000,1000,1000,1000,1000,1000,1000,1000,1000,1000,1000
1000,1000,1000,1000,1000,1000,1000,1000,1000,1000,1000,1000,1000,1000,1000,1000,1000,1000,1000,1000,1000,1000,1000,1000,1000,1000,1000,1000,1000,1000,1000,1000,1000,1000,1000,1000,1000,1000,1000,1000,1000,1000,1000,1000,1000,1000,1000,1000,1000,1000,1000,1000,1000,1000,1000,1000,1000,1000,1000,1000,1000,1000,1000,1000,1000,1000,1000,1000,1000,1000,1000,1000,1000,1000,1000,1000,1000,1000,1000,1000,1000,1000,1000,1000,1000,1000,1000,1000,1000,1000,1000,1000,1000,1000,1000,1000,1000,1000,1000,1000,1000,1000,1000,1000,1000,1000,1000,1000,1000,1000,1000,1000,1000,1000,1000,1000,1000,1000,1000,1000,1000,1000,1000,1000,1000,1000,1000,1000,1000,1000,1000,1000,1000,1000,1122.748,1123.143,1122.566,1122.961,1123.752,1124.36,1124.846,1126.731,1128.069,1127.826,1129.772,1130.38,1130.988,1130.988,1133.299,1134.394,1136.948,1138.894,1142.299,1142.299,1142.786,1144.123,1145.948,1145.461,1145.461,1145.461,1145.461,1146.434,1147.407,1147.407,1149.84,1151.056,1153.002,1156.407,1160.543,1161.759,1163.705,1164.191,1164.921,1166.137,1168.813,1169.543,1169.543,1170.029,1172.948,1172.218,1173.678,1175.137,1175.624,1175.624,1179.516,1181.462,1182.435,1183.894,1183.894,1183.894,1183.894,1182.435,1180.975,1000,1000,1000,1117.853,1117.488,1118.218,1119.434,1121.502,1121.137,1124.177,1127.461,1131.596,1133.056,1136.461,1136.461,1136.948,1138.164,1139.867,1139.867,1142.299,1143.515,1144.245,1141.569,1138.164,1134.758,1133.056,1132.569,1133.542,1135.245,1134.272,1134.758,1134.758,1135.731,1139.38,1138.65,1140.596,1141.569,1145.948,1147.407,1152.029,1158.597,1163.948,1163.948,1165.894,1000,1000,1000,1000,1129.802,1129.878,1130.053,1129.962,1130.334,1130.532,1130.426,1130.426,1130.334,1130.639,1130.639,1131.079,1130.958,1131.323,1130.958,1131.323,1130.958,1131.444,1131.201,1131.566,1131.703,1131.976,1131.976,1132.569,1132.721,1132.569,1132.569,1132.873,1132.721,1133.025,1133.025,1133.177,1132.721,1133.025,1133.542,1133.694,1134.242,1135.002,1135.002,1135.002,1135.002,1135.853,1135.427,1135.853,1136.279,1136.036,1136.279,1136.522,1136.036,1136.279,1136.522,1137.191,1136.704,1137.191,1136.704,1137.191,1136.704,1136.036,1136.279,1136.704,1136.279,1136.279,1137.921,1137.191,1137.677,1138.164,1138.407,1138.407,1139.198,1138.954,1139.198,1139.198,1139.745,1139.502,1139.502,1139.502,1139.745,1139.198,1140.596,1140.292,1140.292,1140.049,1140.049,1140.049,1138.954,1139.745,1139.745,1140.292,1140.292,1140.292,1140.292,1140.292,1140.9,1140.049,1140.292,1140.292,1140.049,1140.596,1141.144,1142.36,1142.36,1142.36,1141.752,1141.752,1141.752,1141.144,1141.144,1141.448,1141.752,1140.596,1141.144,1140.9,1140.596,1140.049,1141.448,1143.272,1146.434,1147.529,1148.624,1145.34,1142.664,1138.954,1138.407,1137.191,1137.191,1137.921,1138.407,1139.198,1138.407,1138.711,1138.954,1138.954,1138.164,1139.198,1138.711,1138.407,1138.407,1138.164,1138.164,1138.407,1138.407,1138.711,1138.711,1138.164,1137.677,1136.948,1137.434,1137.434,1137.921,1137.434,1137.434,1136.279,1136.279,1135.61,1135.427,1134.637,1135.245,1134.242,1134.819,1134.819,1134.819,1133.694,1134.059,1133.025,1132.873,1132.265,1132.417,1131.566,1131.444,1131.079,1131.566,1131.444,1131.703,1131.566,1131.703,1131.444,1131.201,1131.444,1131.323,1130.851,1130.745,1130.745,1130.228,1129.802,1129.574,1129.187,1128.981,1128.936,1128.981,1129.027,1128.981,1128.738,1128.624,1241.3,1230.598,1224.273,1223.3,1212.597,1203.84,1000,1000,1000,1000,1000,1000,1000,1000,1000,1000,1000,1000,1000,1000,1000,1000,1000,1000,1000,1000,1000,1000,1000,1000,1000,1000,1000,1114.934,1108.488,1105.204,1104.109,1103.38,1102.772,1102.407,1103.136,1105.569,1121.866,1000,1000,1000,1000,1137.677,1000,1135.488,1135.123,1134.029,1129.468,1132.326,1127.522,1128.069,1000,1000,1000,1000,1000,1000,1000,1000,1000,1000,1000,1000,1000,1000,1000,1000,1000,1000,1000,1000,1000,1000,1000,1000,1000,1000,1000,1000,1000,1000,1000,1000,1000,1000,1000,1000,1000,1000,1000,1000,1000,1000,1000,1000,1000,1000,1000,1000,1000,1000,1000,1000,1000,1000,1000,1000,1000,1000,1000,1000,1000,1000,1000,1000,1000,1000,1000,1000,1000,1000,1000,1000,1000,1000,1000,1000,1000,1000,1000,1000,1000,1000,1000,1000,1000,1000,1000,1000,1000,1000,1000,1000,1000,1000,1000,1000,1000,1000,1000,1000,1000,1000,1000,1000,1000,1000,1000,1000,1000,1000,1000,1000,1000,1000,1000,1000,1000,1000,1000,1000,1000,1000,1000,1000,1000,1000,1000,1000,1000,1000,1000,1000,1000,1000,1000,1000,1000,1000,1000,1000,1000,1000,1000,1000,1000,1000,1000,1000,1000,1000
1000,1000,1000,1000,1000,1000,1000,1000,1000,1000,1000,1000,1000,1000,1000,1000,1000,1000,1000,1000,1000,1000,1000,1000,1000,1000,1000,1000,1000,1000,1000,1000,1000,1000,1000,1000,1000,1000,1000,1000,1000,1000,1000,1000,1000,1000,1000,1000,1000,1000,1000,1000,1000,1000,1000,1000,1000,1000,1000,1000,1000,1000,1000,1000,1000,1000,1000,1000,1000,1000,1000,1000,1000,1000,1000,1000,1000,1000,1000,1000,1000,1000,1000,1000,1000,1000,1000,1000,1000,1000,1000,1000,1000,1000,1000,1000,1000,1000,1000,1000,1000,1000,1000,1000,1000,1000,1000,1000,1000,1000,1000,1000,1000,1000,1000,1000,1000,1000,1000,1000,1000,1000,1000,1000,1000,1000,1000,1000,1000,1000,1000,1000,1000,1000,1120.741,1120.027,1119.525,1120.164,1120.589,1121.349,1122.018,1123.569,1124.36,1124.177,1124.846,1125.515,1126.002,1126.245,1126.731,1128.616,1129.468,1131.596,1133.664,1135.488,1135.123,1136.948,1138.529,1138.894,1138.529,1139.38,1139.38,1139.38,1139.38,1140.11,1142.786,1144.123,1145.461,1147.894,1151.542,1152.029,1153.002,1153.002,1153.732,1154.705,1155.921,1157.624,1159.326,1161.029,1162.489,1163.705,1164.921,1165.407,1165.407,1166.137,1168.083,1168.813,1169.543,1171.489,1170.759,1170.029,1170.029,1168.083,1167.597,1000,1000,1000,1113.839,1111.528,1111.528,1112.501,1113.109,1113.109,1116.029,1121.137,1126.488,1129.407,1130.867,1131.596,1132.083,1132.569,1134.272,1135.731,1138.65,1138.164,1135.731,1132.083,1128.434,1126.975,1126.002,1125.515,1126.002,1126.002,1126.002,1126.488,1126.488,1128.921,1131.596,1133.542,1134.758,1135.245,1138.65,1139.38,1144.732,1148.624,1152.029,1155.678,1157.624,1160.543,1000,1000,1000,1000,1129.133,1129.187,1129.08,1129.247,1129.133,1129.08,1129.027,1129.133,1129.247,1129.187,1129.643,1129.643,1129.878,1129.498,1129.643,1129.719,1129.802,1129.962,1130.053,1130.137,1130.334,1130.639,1130.851,1131.079,1130.745,1130.958,1130.958,1130.851,1131.201,1130.851,1130.851,1130.639,1130.851,1130.745,1131.079,1131.444,1131.703,1131.703,1131.703,1131.703,1132.265,1132.417,1132.569,1132.873,1133.025,1132.721,1132.873,1132.569,1132.721,1132.417,1133.177,1133.177,1133.694,1133.36,1133.877,1133.542,1133.36,1133.542,1133.694,1133.36,1132.873,1133.694,1133.36,1133.542,1134.242,1135.427,1135.002,1135.853,1135.245,1135.245,1134.637,1136.036,1135.427,1136.948,1137.191,1137.191,1136.036,1136.279,1136.036,1135.853,1135.427,1135.427,1135.61,1135.853,1135.61,1136.036,1135.853,1136.279,1136.279,1136.279,1136.279,1136.704,1135.853,1136.279,1136.279,1136.036,1136.279,1136.704,1137.434,1137.434,1137.434,1136.704,1136.522,1136.522,1135.853,1136.522,1137.434,1137.921,1137.677,1137.921,1137.434,1136.948,1136.704,1137.677,1139.502,1142.664,1142.056,1141.752,1138.711,1136.036,1134.059,1134.242,1133.877,1133.694,1134.242,1134.637,1135.427,1135.245,1135.61,1135.61,1135.245,1134.637,1135.245,1135.002,1135.427,1135.427,1135.61,1135.002,1135.853,1134.819,1134.819,1134.242,1134.059,1133.694,1133.694,1134.059,1134.637,1135.002,1134.242,1134.424,1133.542,1133.542,1133.025,1133.177,1132.265,1132.873,1132.113,1132.265,1132.113,1132.113,1131.323,1131.444,1130.851,1130.851,1130.639,1130.745,1130.334,1130.137,1129.802,1129.719,1129.719,1129.643,1129.802,1130.053,1129.962,1129.719,1129.878,1129.719,1129.369,1129.308,1129.308,1129.133,1128.852,1128.814,1128.662,1128.586,1128.548,1128.548,1128.548,1241.3,1235.463,1231.571,1228.165,1222.327,1217.462,1216.489,1211.624,1204.813,1203.84,1200.435,1000,1000,1000,1000,1000,1000,1000,1000,1000,1000,1000,1000,1000,1000,1000,1000,1000,1000,1000,1000,1000,1000,1000,1000,1000,1120.65,1108.123,1104.109,1102.772,1102.163,1101.799,1101.19,1101.495,1103.136,1110.92,1000,1000,1000,1000,1000,1000,1131.961,1000,1133.664,1000,1134.029,1130.38,1130.988,1130.684,1129.772,1127.522,1000,1000,1124.177,1000,1000,1000,1000,1000,1000,1000,1000,1000,1000,1000,1000,1000,1000,1000,1000,1000,1000,1000,1000,1000,1000,1000,1000,1000,1000,1000,1000,1000,1000,1000,1000,1000,1000,1000,1000,1000,1000,1000,1000,1000,1000,1000,1000,1000,1000,1000,1000,1000,1000,1000,1000,1000,1000,1000,1000,1000,1000,1000,1000,1000,1000,1000,1000,1000,1000,1000,1000,1000,1000,1000,1000,1000,1000,1000,1000,1000,1000,1000,1000,1000,1000,1000,1000,1000,1000,1000,1000,1000,1000,1000,1000,1000,1000,1000,1000,1000,1000,1000,1000,1000,1000,1000,1000,1000,1000,1000,1000,1000,1000,1000,1000,1000,1000,1000,1000,1000,1000,1000,1000,1000,1000,1000,1000,1000,1000,1000,1000,1000,1000,1000,1000,1000,1000,1000,1000,1000,1000,1000,1000,1000,1000,1000,1000
1000,1000,1000,1000,1000,1000,1000,1000,1000,1000,1000,1000,1000,1000,1000,1000,1000,1000,1000,1000,1000,1000,1000,1000,1000,1000,1000,1000,1000,1000,1000,1000,1000,1000,1000,1000,1000,1000,1000,1000,1000,1000,1000,1000,1000,1000,1000,1000,1000,1000,1000,1000,1000,1000,1000,1000,1000,1000,1000,1000,1000,1000,1000,1000,1000,1000,1000,1000,1000,1000,1000,1000,1000,1000,1000,1000,1000,1000,1000,1000,1000,1000,1000,1000,1000,1000,1000,1000,1000,1000,1000,1000,1000,1000,1000,1000,1000,1000,1000,1000,1000,1000,1000,1000,1000,1000,1000,1000,1000,1000,1000,1000,1000,1000,1000,1000,1000,1000,1000,1000,1000,1000,1000,1000,1000,1000,1000,1000,1000,1000,1000,1000,1000,1000,1000,1118.552,1118.552,1118.856,1119.176,1119.647,1120.164,1120.589,1121.349,1121.349,1121.502,1122.201,1122.748,1122.566,1123.143,1124.603,1124.846,1126.002,1127.826,1129.772,1130.076,1131.596,1132.569,1132.934,1132.326,1132.569,1132.934,1132.934,1133.664,1134.029,1135.488,1136.948,1138.894,1140.961,1144.61,1145.461,1144.975,1144.975,1144.61,1144.975,1146.434,1147.894,1148.867,1150.326,1152.516,1153.002,1156.407,1158.11,1159.326,1158.11,1159.326,1160.056,1159.326,1160.543,1161.029,1160.056,1159.326,1157.624,1156.894,1156.894,1000,1000,1000,1107.028,1107.028,1107.576,1107.272,1107.819,1110.312,1115.664,1122.353,1126.975,1128.921,1130.38,1130.867,1130.38,1132.083,1129.894,1127.948,1124.664,1121.137,1119.434,1119.434,1119.434,1119.92,1120.65,1121.502,1123.691,1122.353,1124.177,1126.002,1126.488,1127.948,1129.407,1130.38,1130.867,1134.272,1136.461,1138.65,1143.515,1145.461,1150.083,1152.029,1156.164,1159.083,1161.516,1000,1000,1000,1000,1128.662,1128.662,1128.434,1241.3,1241.3,1128.472,1128.586,1128.662,1128.776,1128.738,1128.776,1128.814,1128.814,1128.936,1128.981,1128.981,1129.08,1129.187,1129.187,1129.498,1129.498,1129.308,1129.247,1129.369,1129.308,1129.369,1129.719,1129.643,1129.369,1129.43,1129.498,1129.43,1129.574,1129.878,1129.802,1130.053,1130.053,1130.053,1130.334,1130.532,1130.532,1130.958,1130.851,1130.851,1130.745,1130.851,1130.745,1130.745,1130.851,1130.958,1131.444,1131.444,1131.839,1131.566,1131.323,1131.201,1131.201,1130.851,1130.851,1131.323,1131.201,1131.566,1132.113,1132.873,1132.873,1133.025,1132.721,1132.721,1132.873,1133.542,1133.36,1134.059,1134.059,1133.542,1133.025,1133.177,1132.721,1132.721,1132.721,1133.025,1132.873,1133.542,1133.177,1133.177,1133.025,1133.177,1132.873,1132.873,1132.569,1133.025,1132.873,1133.177,1133.36,1133.542,1133.542,1133.542,1133.877,1133.877,1134.242,1133.877,1134.242,1134.424,1134.242,1134.424,1135.245,1135.245,1135.61,1135.61,1135.245,1134.424,1134.637,1134.059,1134.819,1135.427,1135.245,1134.637,1132.873,1131.839,1131.703,1131.703,1131.703,1131.976,1132.721,1133.177,1133.542,1132.873,1133.025,1133.025,1132.417,1131.976,1132.417,1132.113,1132.265,1132.417,1132.113,1131.976,1132.417,1131.703,1131.703,1131.323,1131.323,1131.201,1131.444,1131.839,1132.265,1132.569,1131.839,1131.839,1131.444,1130.958,1130.745,1130.745,1130.228,1130.053,1129.962,1129.962,1129.962,1129.962,1129.643,1129.643,1129.247,1129.247,1129.247,1129.187,1129.08,1129.027,1128.738,1128.7,1128.814,1128.814,1128.852,1129.08,1129.027,1128.776,1128.814,1128.814,1128.624,1128.586,1128.586,1128.434,1235.463,1235.463,1233.516,1235.463,1234.49,1233.516,1231.571,1228.165,1220.381,1217.462,1214.543,1210.651,1205.786,1206.759,1202.381,1199.462,1198.003,1192.651,1180.975,1165.407,1000,1000,1000,1000,1000,1000,1000,1000,1000,1000,1000,1000,1000,1000,1000,1000,1000,1000,1000,1201.408,1000,1000,1000,1128.921,1109.339,1103.38,1101.799,1100.886,1100.582,1100.035,1100.035,1100.886,1105.934,1000,1000,1126.488,1000,1130.38,1132.326,1133.664,1134.394,1135.123,1133.299,1132.569,1131.353,1131.961,1131.596,1132.326,1130.38,1130.38,1128.373,1127.035,1124.36,1123.143,1000,1000,1000,1000,1000,1000,1000,1000,1000,1000,1000,1000,1000,1000,1000,1000,1000,1000,1000,1000,1000,1000,1000,1000,1000,1000,1000,1000,1000,1000,1000,1000,1000,1000,1000,1000,1000,1000,1000,1000,1000,1000,1000,1000,1000,1000,1000,1000,1000,1000,1000,1000,1000,1000,1000,1000,1000,1000,1000,1000,1000,1000,1000,1000,1000,1000,1000,1000,1000,1000,1000,1000,1000,1000,1000,1000,1000,1000,1000,1000,1000,1000,1000,1000,1000,1000,1000,1000,1000,1000,1000,1000,1000,1000,1000,1000,1000,1000,1000,1000,1000,1000,1000,1000,1000,1000,1000,1000,1000,1000,1000,1000,1000,1000,1000,1000,1000,1000,1000,1000,1000,1000,1000,1000,1000,1000,1000,1000,1000,1000,1000,1000,1000,1000,1000,1000,1000,1000,1000,1000,1000,1000
1000,1000,1000,1000,1000,1000,1000,1000,1000,1000,1000,1000,1000,1000,1000,1000,1000,1000,1000,1000,1000,1000,1000,1000,1000,1000,1000,1000,1000,1000,1000,1000,1000,1000,1000,1000,1000,1000,1000,1000,1000,1000,1000,1000,1000,1000,1000,1000,1000,1000,1000,1000,1000,1000,1000,1000,1000,1000,1000,1000,1000,1000,1000,1000,1000,1000,1000,1000,1000,1000,1000,1000,1000,1000,1000,1000,1000,1000,1000,1000,1000,1000,1000,1000,1000,1000,1000,1000,1000,1000,1000,1000,1000,1000,1000,1000,1000,1000,1000,1000,1000,1000,1000,1000,1000,1000,1000,1000,1000,1000,1000,1000,1000,1000,1000,1000,1000,1000,1000,1000,1000,1000,1000,1000,1000,1000,1000,1000,1000,1000,1000,1000,1000,1000,1000,1117.693,1117.823,1118.203,1118.377,1118.659,1119.176,1119.404,1120.027,1120.437,1120.893,1121.198,1121.684,1121.684,1121.866,1122.566,1122.566,1123.326,1124.603,1126.488,1127.522,1129.225,1130.684,1130.684,1130.076,1130.38,1130.076,1130.076,1130.988,1131.596,1131.961,1133.299,1134.758,1136.583,1139.38,1140.596,1140.11,1139.745,1139.38,1138.894,1140.11,1141.813,1142.786,1145.461,1147.407,1148.867,1151.056,1152.516,1152.029,1150.326,1151.056,1151.542,1152.029,1153.002,1154.705,1153.732,1153.732,1152.029,1151.056,1149.84,1146.921,1000,1000,1000,1104.474,1104.718,1104.474,1105.386,1107.819,1112.866,1119.069,1125.15,1127.461,1128.434,1128.921,1127.948,1128.921,1125.515,1122.353,1118.704,1115.664,1114.569,1115.664,1116.029,1116.758,1117.853,1119.434,1120.65,1120.285,1121.988,1122.839,1124.177,1126.002,1127.948,1129.407,1128.921,1131.596,1133.542,1135.245,1139.38,1144.245,1145.948,1149.353,1153.488,1155.678,1158.597,1000,1000,1000,1000,1236.435,1235.463,1232.543,1231.571,1230.598,1231.571,1231.571,1235.463,1239.354,1239.354,1239.354,1239.354,1128.434,1128.624,1128.624,1128.662,1128.738,1128.776,1128.814,1128.936,1128.89,1128.852,1128.7,1128.814,1128.738,1128.814,1128.981,1128.981,1128.936,1128.852,1128.814,1128.776,1128.89,1128.981,1128.936,1129.133,1129.308,1129.247,1129.369,1129.802,1129.643,1129.643,1129.802,1129.719,1129.878,1129.962,1129.719,1129.574,1129.719,1129.878,1130.228,1130.334,1130.639,1130.334,1130.137,1129.878,1129.962,1129.719,1129.878,1130.137,1130.334,1130.851,1130.958,1131.703,1131.323,1131.444,1131.079,1130.851,1130.851,1131.323,1131.444,1131.839,1131.839,1131.839,1131.323,1131.444,1131.201,1131.079,1131.079,1131.444,1131.444,1131.566,1131.703,1131.566,1131.444,1131.566,1131.444,1131.444,1131.323,1131.566,1131.323,1131.566,1131.703,1131.976,1131.976,1132.113,1132.113,1131.976,1132.113,1131.703,1131.976,1132.265,1132.569,1133.025,1134.242,1133.877,1134.637,1134.637,1133.36,1131.976,1133.177,1131.839,1132.265,1132.721,1132.721,1131.976,1131.201,1130.639,1130.745,1130.639,1130.745,1130.851,1131.079,1131.444,1131.839,1131.201,1131.323,1131.703,1131.079,1130.851,1131.323,1131.201,1131.323,1131.323,1130.958,1130.745,1130.958,1130.137,1130.053,1129.878,1129.962,1129.962,1130.137,1130.639,1130.958,1131.079,1130.532,1130.851,1130.334,1130.053,1129.962,1129.802,1129.498,1129.498,1129.027,1129.133,1129.133,1129.08,1128.981,1129.027,1128.738,1128.738,1128.7,1128.624,1128.586,1128.51,1238.381,1236.435,1241.3,1241.3,1128.548,1128.7,1128.662,1128.434,1239.354,1239.354,1233.516,1233.516,1233.516,1231.571,1226.219,1226.219,1223.3,1225.246,1225.246,1224.273,1221.354,1217.462,1210.651,1208.705,1206.759,1203.354,1200.435,1200.435,1198.003,1195.084,1192.651,1187.3,1178.056,1162.975,1148.38,1000,1000,1000,1000,1000,1000,1000,1000,1000,1000,1000,1000,1000,1000,1000,1000,1000,1000,1212.111,1000,1000,1000,1000,1110.92,1103.745,1101.495,1100.035,1099.731,1098.88,1098.636,1098.88,1102.407,1000,1000,1129.772,1130.988,1133.664,1136.218,1136.583,1136.948,1137.313,1135.488,1133.664,1132.326,1131.961,1131.596,1131.596,1129.468,1129.468,1128.616,1127.279,1125.029,1123.934,1000,1000,1000,1000,1000,1000,1000,1000,1000,1000,1000,1000,1000,1000,1000,1000,1000,1000,1000,1000,1000,1000,1000,1000,1000,1000,1000,1000,1000,1000,1000,1000,1000,1000,1000,1000,1000,1000,1000,1000,1000,1000,1000,1000,1000,1000,1000,1000,1000,1000,1000,1000,1000,1000,1000,1000,1000,1000,1000,1000,1000,1000,1000,1000,1000,1000,1000,1000,1000,1000,1000,1000,1000,1000,1000,1000,1000,1000,1000,1000,1000,1000,1000,1000,1000,1000,1000,1000,1000,1000,1000,1000,1000,1000,1000,1000,1000,1000,1000,1000,1000,1000,1000,1000,1000,1000,1000,1000,1000,1000,1000,1000,1000,1000,1000,1000,1000,1000,1000,1000,1000,1000,1000,1000,1000,1000,1000,1000,1000,1000,1000,1000,1000,1000,1000,1000,1000,1000,1000,1000,1000,1000
1000,1000,1000,1000,1000,1000,1000,1000,1000,1000,1000,1000,1000,1000,1000,1000,1000,1000,1000,1000,1000,1000,1000,1000,1000,1000,1000,1000,1000,1000,1000,1000,1000,1000,1000,1000,1000,1000,1000,1000,1000,1000,1000,1000,1000,1000,1000,1000,1000,1000,1000,1000,1000,1000,1000,1000,1000,1000,1000,1000,1000,1000,1000,1000,1000,1000,1000,1000,1000,1000,1000,1000,1000,1000,1000,1000,1000,1000,1000,1000,1000,1000,1000,1000,1000,1000,1000,1000,1000,1000,1000,1000,1000,1000,1000,1000,1000,1000,1000,1000,1000,1000,1000,1000,1000,1000,1000,1000,1000,1000,1000,1000,1000,1000,1000,1000,1000,1000,1000,1000,1000,1000,1000,1000,1000,1000,1000,1000,1000,1000,1000,1000,1000,1000,1000,1000,1117.458,1117.572,1117.404,1117.632,1117.898,1117.823,1118.377,1118.856,1119.282,1119.525,1120.164,1120.027,1120.164,1120.589,1120.437,1121.045,1121.866,1123.752,1124.603,1126.002,1127.035,1127.035,1126.245,1127.279,1127.035,1126.731,1127.826,1128.373,1128.373,1130.076,1130.988,1131.961,1134.758,1135.488,1135.123,1135.853,1135.123,1135.123,1136.218,1137.313,1137.313,1139.38,1140.11,1141.448,1144.123,1145.948,1146.434,1145.948,1146.434,1146.434,1146.434,1147.407,1148.38,1146.921,1146.434,1144.61,1144.975,1144.123,1142.786,1000,1000,1000,1103.106,1103.288,1103.106,1104.109,1106.299,1110.312,1117.488,1124.177,1126.488,1127.461,1128.434,1126.975,1126.488,1123.326,1119.434,1116.029,1113.474,1113.109,1113.474,1114.204,1113.839,1116.029,1116.758,1118.704,1119.434,1121.502,1121.988,1122.839,1124.177,1126.002,1125.515,1126.002,1128.921,1130.38,1132.083,1136.948,1139.867,1144.245,1148.137,1152.029,1153.488,1154.948,1157.137,1000,1000,1000,1000,1223.3,1217.462,1217.462,1216.489,1218.435,1222.327,1226.219,1227.192,1229.625,1228.165,1229.625,1231.571,1234.49,1235.463,1236.435,1240.327,1239.354,1241.3,1128.548,1128.51,1241.3,1241.3,1240.327,1240.327,1128.548,1128.624,1128.548,1128.51,1128.51,1128.472,1241.3,1128.51,1128.548,1128.51,1128.586,1128.7,1128.7,1128.814,1129.027,1129.08,1128.936,1128.981,1128.981,1129.08,1129.08,1129.08,1129.027,1129.027,1129.187,1129.43,1129.498,1129.574,1129.308,1129.187,1129.133,1129.247,1129.133,1129.187,1129.308,1129.247,1129.574,1129.878,1130.426,1130.137,1130.426,1130.426,1130.053,1130.053,1130.426,1130.532,1130.639,1130.958,1130.639,1130.228,1130.426,1130.137,1130.053,1130.053,1130.426,1130.532,1130.426,1130.334,1130.639,1130.228,1130.334,1130.137,1130.137,1129.878,1129.962,1129.802,1130.137,1130.137,1130.334,1130.532,1130.639,1130.532,1130.532,1130.745,1130.426,1130.639,1130.958,1131.444,1132.113,1133.877,1133.542,1135.245,1135.002,1132.113,1130.228,1131.323,1129.719,1129.719,1130.137,1130.426,1130.137,1129.719,1129.498,1129.643,1129.498,1129.574,1129.878,1130.053,1130.639,1131.201,1130.532,1130.426,1130.958,1130.053,1129.719,1130.053,1130.334,1130.228,1130.334,1130.053,1129.878,1129.802,1129.247,1129.133,1129.027,1129.133,1129.187,1129.43,1129.878,1130.228,1130.053,1129.574,1129.643,1129.43,1129.133,1129.247,1129.133,1128.981,1128.7,1128.548,1128.624,1128.586,1128.586,1128.51,1128.624,1128.434,1128.434,1240.327,1235.463,1235.463,1233.516,1227.192,1226.219,1232.543,1232.543,1235.463,1238.381,1238.381,1231.571,1227.192,1227.192,1224.273,1224.273,1224.273,1222.327,1217.462,1217.462,1214.543,1217.462,1217.462,1217.462,1215.516,1211.624,1203.354,1199.462,1197.03,1195.084,1193.624,1194.597,1193.624,1190.219,1187.3,1181.462,1175.137,1159.326,1000,1138.529,1132.934,1000,1000,1000,1000,1000,1000,1000,1000,1000,1000,1000,1000,1000,1000,1000,1000,1000,1000,1000,1000,1000,1000,1105.204,1101.495,1099.427,1099.184,1098.089,1097.542,1097.299,1100.582,1000,1000,1127.522,1129.772,1131.353,1135.123,1134.758,1135.853,1136.583,1134.758,1132.326,1131.353,1130.38,1129.772,1129.468,1127.826,1127.279,1126.731,1125.515,1123.143,1122.201,1120.589,1118.286,1000,1000,1000,1000,1000,1000,1000,1000,1000,1000,1000,1000,1000,1000,1000,1000,1000,1000,1000,1000,1000,1000,1000,1000,1000,1000,1000,1000,1000,1000,1000,1000,1000,1000,1000,1000,1000,1000,1000,1000,1000,1000,1000,1000,1000,1000,1000,1000,1000,1000,1000,1000,1000,1000,1000,1000,1000,1000,1000,1000,1000,1000,1000,1000,1000,1000,1000,1000,1000,1000,1000,1000,1000,1000,1000,1000,1000,1000,1000,1000,1000,1000,1000,1000,1000,1000,1000,1000,1000,1000,1000,1000,1000,1000,1000,1000,1000,1000,1000,1000,1000,1000,1000,1000,1000,1000,1000,1000,1000,1000,1000,1000,1000,1000,1000,1000,1000,1000,1000,1000,1000,1000,1000,1000,1000,1000,1000,1000,1000,1000,1000,1000,1000,1000,1000,1000,1000,1000,1000,1000
1180.314,1180.823,1181.918,1183.621,1185.019,1186.874,1188.759,1190.644,1191.739,1192.043,1193.867,1195.935,1197.759,1199.948,1202.381,1206.395,1210.651,1214.786,1216.976,1219.165,1222.814,1227.192,1231.084,1237.408,1243.246,1250.057,1252.49,1261.733,1265.625,1273.895,1278.76,1287.517,1296.76,1303.571,1192.841,1193.031,1193.297,1193.525,1193.936,1194.445,1195.54,1196.482,1197.09,1198.641,1199.644,1200.922,1201.895,1203.962,1205.665,1208.219,1209.922,1212.111,1214.786,1217.705,1221.354,1225.733,1230.111,1234.003,1236.435,1239.598,1243.49,1245.922,1251.03,1254.436,1259.787,1263.193,1267.084,1271.949,1279.247,1287.517,1294.328,1303.085,1315.247,1208.561,1208.812,1209.215,1209.663,1210.21,1210.53,1210.864,1211.761,1212.506,1213.844,1215.395,1217.219,1218.983,1220.928,1223.057,1225.489,1228.408,1230.841,1235.098,1236.435,1240.327,1244.463,1249.571,1253.219,1259.057,1263.679,1267.084,1270.976,1276.814,1282.652,1289.463,1295.301,1302.112,1306.977,1314.761,1323.031,1327.896,1223.939,1224.167,1224.38,1224.851,1225.231,1225.406,1226.098,1226.31,1227.192,1227.922,1229.229,1231.875,1233.516,1235.098,1237.408,1237.408,1239.354,1242.152,1244.706,1247.99,1251.638,1253.949,1257.355,1259.057,1264.652,1268.057,1275.112,1279.247,1286.544,1292.382,1300.652,1307.463,1314.761,1323.518,1329.356,1335.193,1342.491,1348.329,1239.658,1240.054,1240.563,1241.255,1241.772,1242.365,1242.76,1243.49,1244.979,1247.442,1249.632,1252.064,1255.165,1257.355,1260.274,1262.706,1266.233,1268.544,1271.463,1274.625,1279.49,1283.139,1287.517,1293.355,1298.22,1298.22,1298.22,1298.22,1285.085,1268.544,1264.044,1262.706,1276.328,1000,1000,1341.031,1331.302,1325.95,1324.977,1329.356,1334.22,1341.031,1350.761,1254.922,1255.112,1255.378,1255.568,1255.568,1255.675,1000,1000,1000,1000,1000,1000,1000,1000,1000,1000,1000,1157.137,1156.164,1154.218,1150.326,1146.434,1142.056,1140.596,1139.623,1139.623,1140.596,1141.083,1142.056,1144.002,1145.461,1147.407,1148.38,1150.326,1152.272,1154.218,1157.137,1158.11,1158.11,1157.137,1154.218,1151.299,1148.38,1144.975,1138.65,1131.839,1125.515,1119.677,1115.299,1111.65,1109.218,1106.542,1104.596,1102.163,1101.677,1100.947,1099.731,1099.731,1099.731,1099.245,1099.245,1099.245,1099.245,1099.245,1099.731,1100.461,1100.947,1101.677,1102.163,1102.65,1102.65,1103.38,1104.109,1105.812,1107.028,1108.488,1109.218,1110.434,1110.434,1110.434,1111.65,1113.109,1114.569,1115.299,1115.299,1116.029,1116.029,1115.299,1116.029,1116.029,1116.029,1116.758,1117.245,1117.245,1117.245,1118.218,1118.218,1118.218,1118.218,1119.677,1119.677,1120.164,1121.623,1122.596,1124.056,1125.029,1126.975,1129.407,1131.353,1133.786,1136.218,1138.65,1142.056,1144.975,1151.299,1158.11,1175.137,1068.862,1070.526,1072.092,1073.217,1073.552,1073.552,1073.552,1073.217,1073.369,1073.917,1074.099,1074.494,1074.099,1074.312,1074.494,1077.109,1077.839,1079.42,1079.967,1080.575,1081.123,1084.285,1086.109,1000,1000,1000,1000,1000,1141.729,1141.554,1141.478,1141.395,1141.318,1141.478,1141.638,1142.314,1144.397,1148.38,1149.353,1148.198,1147.711,1146.1,1144.549,1143.515,1141.25,1140.414,1245.192,1000,1000,1000,1000,1000,1000,1175.867,1185.84,1185.84,1186.327,1185.84,1185.84,1185.11,1188.273,1187.543,1000,1000,1000,1000,1000,1000,1000,1000,1000,1000,1000,1000,1467.763,1468.492,1470.013,1470.56,1476.885,1482.601,1490.871,1499.385,1512.034,1523.466,1530.277,1537.574,1547.304,1550.223,1550.223,1558.98,1000,1000,1000,1000,1000,1000,1507.412,1509.844,1000,1000,1000,1000,1000,1000,1000,1000,1000,1000,1000,1000,1000,1000,1000,1000,1000,1000,1000,1000,1000,1000,1000,1000,1000,1000,1000,1000,1000,1000,1000,1000,1000,1000,1000,1000,1000,1000,1000,1000,1000,1491.418,1489.625,1487.777,1487.04,1570.656,1562.872,1544.872,1533.682,1526.385,1532.709,1536.115,1554.115,1576.007,1486.683,1487.086,1488.195,1488.195,1000,1000,1000,1000,1619.161,1713.198,1681.576,1000,1000,1000,1000,1000,1000,1000,1000,1000,1000,1000,1000,1000,1000,1000,1000,1000,1000,1000,1000,1000,1000,1000,1000,1000,1000,1000,1000,1000,1000,1000,1000,1000,1000,1000,1000,1000,1000,1647.765,1640.954,1626.359,1622.224,1608.481,1602.643,1594.844,1593.567,1592.077,1591.575,1675.738,1655.306,1636.332,1615.656,1605.683,1590.724,1588.17,1580.872,1574.061,1570.139,1567.22,1564.522,1642.657,1621.738,1597.413,1589.143,1585.737,1000,1000,1000,1000,1541.831,1539.292,1538.707,1537.468,1631.468,1613.467,1593.521,1578.44,1562.629,1553.142,1541.466,1531.25,1522.007,1517.689,1514.588,1512.611,1511.129,1510.186,1600.332,1582.332,1565.791,1546.818,1538.547,1536.601,1525.655,1516.169,1513.858,1504.493,1498.108,1493.668,1490.172,1487.367,1486.607,1558.98,1548.277,1531.25,1523.953,1516.169,1506.682,1495.493,1489.412,1479.074,1473.479,1470.013,1466.425,1463.84,1462.655,1461.043,1459.895,1559.467,1550.71,1000,1000,1000,1000,1000,1000,1000,1000,1000,1000,1000,1000,1000,1000,1000,1000,1000,1000,1000,1000,1000,1000,1000,1000,1000,1000,1000,1000,1000,1000,1000,1000,1000,1000,1000,1000,1000,1000,1000,1000,1000,1000,1000,1000,1000,1000,1000,1000,1000
1180.314,1180.93,1181.553,1183.317,1184.472,1186.205,1187.786,1189.793,1190.644,1192.043,1192.651,1195.935,1196.3,1198.489,1202.016,1205.422,1208.705,1213.814,1216.976,1218.678,1222.327,1225.976,1229.868,1235.949,1240.814,1247.625,1254.436,1259.301,1262.706,1271.949,1277.787,1285.571,1295.788,1192.651,1192.879,1192.993,1193.244,1193.404,1193.791,1194.354,1195.175,1196.057,1196.786,1198.094,1198.854,1200.07,1201.408,1203.415,1205.117,1208.219,1210.651,1212.111,1214.786,1218.192,1221.354,1225.246,1229.625,1233.516,1235.949,1240.814,1243.976,1250.301,1252.976,1258.328,1261.247,1263.679,1269.517,1273.895,1278.274,1283.625,1293.355,1303.085,1311.355,1208.409,1208.637,1209.154,1209.747,1209.922,1210.743,1210.986,1211.624,1212.506,1213.661,1215.395,1217.219,1218.192,1220.381,1223.057,1225.489,1228.408,1232.057,1235.584,1236.922,1240.327,1244.463,1249.571,1253.219,1259.057,1262.949,1267.084,1272.436,1278.76,1284.112,1290.436,1293.842,1304.058,1308.923,1313.788,1322.058,1326.923,1223.787,1224.129,1224.288,1224.6,1225.071,1225.489,1225.778,1226.432,1226.797,1227.77,1229.412,1230.78,1233.03,1234.064,1235.645,1236.8,1239.963,1242.517,1245.922,1248.841,1252.49,1253.463,1257.355,1260.76,1264.652,1268.057,1273.895,1279.247,1287.031,1293.355,1301.625,1310.382,1318.653,1322.545,1328.383,1333.248,1339.572,1347.356,1239.582,1240,1240.639,1241.255,1241.665,1242.623,1242.897,1243.946,1245.162,1247.199,1249.632,1251.821,1254.922,1257.719,1259.544,1262.341,1264.895,1266.72,1270.003,1274.139,1277.301,1281.922,1285.571,1288.733,1295.544,1296.274,1297.734,1297.004,1282.652,1269.031,1265.747,1000,1000,1000,1330.328,1327.41,1317.68,1314.761,1315.247,1319.626,1325.95,1332.275,1342.977,1354.167,1360.978,1255.036,1255.302,1255.469,1255.675,1000,1000,1000,1000,1271.22,1268.787,1268.057,1000,1000,1000,1000,1149.353,1147.407,1145.461,1141.083,1136.704,1134.272,1134.272,1133.786,1134.272,1136.218,1136.704,1137.677,1140.596,1142.056,1144.975,1146.434,1148.38,1151.299,1154.218,1156.164,1157.137,1156.164,1155.191,1152.272,1149.353,1147.407,1144.002,1138.65,1131.839,1125.515,1119.677,1114.569,1111.164,1108.488,1105.812,1104.109,1102.163,1101.677,1100.461,1099.731,1099.245,1099.245,1098.515,1098.515,1098.515,1098.515,1099.245,1099.245,1099.731,1100.461,1101.677,1101.677,1102.163,1102.65,1103.38,1104.109,1105.812,1107.028,1108.488,1109.218,1109.704,1109.704,1111.164,1111.65,1113.839,1114.569,1115.299,1116.029,1116.029,1116.029,1115.299,1116.029,1116.029,1115.299,1116.758,1117.245,1118.218,1117.245,1118.218,1118.218,1118.218,1118.704,1119.677,1120.164,1121.137,1121.623,1122.596,1124.056,1124.056,1126.488,1128.921,1130.38,1131.839,1134.272,1136.704,1140.596,1143.029,1148.38,1156.164,1168.813,1068.337,1069.394,1070.998,1072.092,1072.396,1072.548,1072.7,1072.548,1072.396,1072.548,1072.852,1072.852,1072.7,1073.217,1073.917,1076.379,1079.177,1079.967,1080.271,1081.427,1081.123,1083.677,1085.015,1000,1000,1000,1000,1000,1142.314,1141.554,1141.318,1141.25,1141.25,1141.318,1141.395,1142.208,1144.549,1148.38,1147.711,1145.917,1145.218,1144.245,1143.242,1142.634,1140.923,1140.376,1250.057,1000,1000,1000,1000,1000,1000,1177.083,1183.894,1184.381,1184.381,1185.11,1184.381,1183.894,1185.84,1182.192,1000,1000,1000,1000,1459.287,1547.304,1000,1000,1000,1000,1000,1000,1466.851,1467.763,1470.317,1470.317,1474.452,1478.709,1484.79,1491.844,1503.52,1514.709,1523.953,1534.656,1544.872,1555.088,1564.818,1576.007,1566.764,1000,1000,1488.287,1490.035,1000,1505.588,1511.547,1519.574,1000,1000,1000,1000,1000,1000,1000,1000,1000,1000,1000,1000,1000,1000,1000,1000,1000,1000,1000,1000,1000,1000,1000,1000,1000,1000,1000,1000,1000,1000,1000,1000,1000,1000,1000,1000,1000,1503.033,1498.959,1495.979,1490.78,1489.503,1487.633,1486.911,1569.683,1559.953,1541.466,1527.358,1521.034,1524.926,1529.791,1549.25,1582.818,1486.949,1487.633,1489.016,1488.697,1000,1000,1000,1000,1619.123,1707.36,1000,1000,1000,1000,1000,1000,1000,1000,1000,1000,1000,1000,1000,1000,1000,1000,1000,1000,1000,1000,1000,1000,1000,1000,1000,1000,1000,1000,1000,1000,1000,1000,1000,1000,1000,1000,1000,1000,1000,1643.63,1639.738,1623.197,1620.278,1608.116,1603.737,1594.585,1593.369,1591.955,1686.928,1668.927,1653.36,1631.468,1611.278,1601.792,1589.872,1585.251,1578.926,1573.818,1570.322,1567.737,1564.75,1646.549,1619.792,1598.386,1584.521,1584.035,1000,1000,1000,1000,1543.078,1540.919,1539.292,1537.734,1625.63,1610.548,1587.683,1573.088,1560.683,1551.196,1540.493,1531.615,1522.554,1519.331,1515.469,1512.733,1510.985,1510.11,1597.9,1585.251,1573.088,1552.169,1537.331,1530.764,1521.763,1512.885,1509.844,1502.669,1496.77,1491.418,1489.26,1487.04,1486.569,1558.007,1548.277,1533.682,1527.845,1519.088,1513.979,1501.331,1493.547,1481.385,1476.155,1470.864,1467.763,1463.232,1462.259,1460.123,1459.439,1542.439,1550.71,1000,1000,1000,1000,1000,1000,1000,1000,1000,1000,1000,1000,1000,1000,1000,1000,1000,1000,1000,1000,1000,1000,1000,1000,1000,1000,1000,1000,1000,1000,1000,1000,1000,1000,1000,1000,1000,1000,1000,1000,1000,1000,1000,1000,1000,1000,1000,1000,1000
1180.025,1180.648,1181.234,1182.572,1183.773,1185.84,1187.543,1189.55,1190.34,1192.347,1193.867,1194.597,1195.935,1198.124,1201.651,1203.719,1209.192,1213.327,1216.976,1219.895,1223.3,1225.976,1229.868,1233.76,1240.814,1247.138,1252.003,1258.328,1263.679,1270.976,1277.787,1285.571,1294.815,1302.599,1192.841,1193.031,1193.244,1193.525,1193.936,1194.445,1194.962,1195.661,1196.786,1197.577,1198.276,1199.462,1201.165,1202.928,1204.813,1206.881,1209.922,1212.476,1214.786,1218.678,1221.354,1224.273,1228.408,1231.084,1235.949,1239.598,1244.706,1247.382,1253.949,1257.355,1259.787,1263.679,1268.057,1271.949,1277.301,1282.652,1290.436,1301.139,1309.409,1208.257,1208.637,1209.283,1209.359,1209.922,1210.53,1210.864,1211.624,1212.658,1214.026,1215.395,1216.976,1218.496,1219.53,1222.449,1224.76,1227.679,1230.841,1234.611,1235.584,1240.327,1243.49,1247.868,1251.517,1258.328,1261.49,1267.084,1272.922,1279.247,1286.058,1287.517,1297.247,1303.085,1308.923,1312.815,1318.653,1324.004,1331.788,1224.015,1224.243,1224.539,1225.155,1225.581,1225.885,1226.554,1227.192,1227.77,1228.895,1230.78,1232.057,1234.307,1235.645,1237.713,1241.422,1242.152,1245.557,1247.138,1252.003,1253.949,1257.355,1261.247,1263.922,1268.057,1274.625,1279.247,1286.544,1294.328,1305.031,1309.409,1316.707,1321.572,1326.437,1331.302,1336.653,1343.464,1239.468,1239.947,1240.289,1240.974,1241.559,1242.243,1242.76,1243.49,1245.162,1246.773,1248.598,1250.969,1253.949,1256.99,1258.814,1262.341,1264.895,1268.544,1270.976,1274.625,1277.787,1281.922,1286.301,1290.193,1295.544,1297.004,1297.734,1292.625,1280.706,1270.976,1267.571,1000,1000,1324.004,1332.275,1325.95,1315.247,1313.788,1315.247,1318.653,1323.031,1327.41,1336.167,1346.869,1353.194,1358.059,1255.036,1255.226,1255.34,1000,1000,1000,1272.436,1275.112,1272.436,1273.166,1000,1000,1000,1000,1000,1140.596,1138.65,1134.272,1131.839,1131.353,1131.353,1131.353,1131.839,1133.786,1135.245,1136.704,1139.623,1141.083,1144.002,1146.434,1149.353,1152.272,1154.218,1155.191,1156.164,1155.191,1153.245,1150.326,1148.38,1146.434,1143.029,1137.677,1131.839,1125.029,1118.704,1113.839,1110.434,1107.758,1105.326,1103.38,1101.677,1100.947,1100.461,1099.731,1099.245,1098.515,1098.515,1098.028,1098.515,1098.515,1098.515,1099.245,1099.731,1099.731,1100.947,1101.677,1102.163,1102.163,1103.38,1104.109,1105.326,1106.542,1107.758,1108.488,1109.704,1109.704,1110.434,1111.65,1113.109,1114.569,1115.299,1116.029,1116.029,1116.029,1115.299,1116.029,1116.029,1115.299,1116.029,1117.245,1117.245,1117.245,1118.218,1118.704,1118.704,1118.704,1119.677,1120.164,1121.137,1121.137,1122.596,1123.083,1125.029,1125.515,1127.948,1128.921,1130.38,1132.813,1135.245,1138.65,1143.029,1148.38,1155.191,1167.84,1182.921,1068.922,1069.903,1070.526,1071.241,1071.241,1071.514,1071.119,1071.119,1070.754,1070.998,1071.119,1071.514,1071.94,1073.552,1077.109,1078.386,1079.724,1080.819,1081.427,1081.731,1083.312,1084.285,1085.38,1000,1000,1000,1000,1142.314,1141.478,1141.25,1141.25,1141.174,1141.174,1141.318,1142.01,1143.941,1146.495,1146.313,1145.036,1145.218,1144.397,1143.789,1143.242,1141.395,1140.186,1000,1000,1000,1000,1000,1000,1000,1180.975,1185.84,1185.11,1185.11,1185.11,1184.381,1183.894,1184.381,1179.273,1000,1000,1000,1547.304,1544.385,1539.52,1520.547,1000,1000,1000,1000,1462.791,1464.874,1466.851,1469.222,1470.317,1472.871,1476.155,1481.385,1487.466,1497.196,1000,1517.628,1530.277,1541.466,1547.304,1559.953,1573.088,1574.061,1487.04,1487.633,1489.625,1490.78,1496.77,1504.128,1509.115,1515.196,1000,1000,1000,1000,1000,1000,1000,1000,1000,1000,1000,1000,1000,1000,1000,1000,1000,1000,1000,1000,1000,1000,1000,1000,1000,1000,1000,1000,1000,1000,1000,1000,1000,1000,1000,1000,1000,1000,1504.493,1497.804,1490.78,1488.91,1487.489,1486.721,1566.764,1554.115,1537.574,1526.385,1523.953,1531.25,1541.466,1561.899,1486.645,1487.086,1487.701,1488.591,1488.393,1000,1000,1000,1620.521,1619.275,1710.279,1678.171,1000,1000,1000,1000,1000,1000,1000,1000,1000,1000,1000,1000,1000,1000,1000,1000,1000,1000,1000,1000,1000,1000,1000,1000,1000,1000,1000,1000,1000,1000,1000,1000,1000,1000,1000,1000,1000,1666.009,1644.36,1639.738,1624.657,1619.427,1607.386,1603.19,1594.981,1593.278,1591.955,1684.009,1664.063,1651.414,1633.9,1615.656,1603.494,1590.359,1584.521,1576.798,1571.933,1568.923,1566.43,1660.657,1634.873,1612.981,1594.737,1585.251,1582.818,1000,1000,1000,1550.406,1544.264,1541.679,1539.855,1537.901,1629.522,1608.602,1591.089,1576.494,1562.629,1550.71,1541.466,1531.25,1523.162,1519.818,1516.838,1513.25,1511.053,1510.11,1601.305,1584.278,1573.575,1556.061,1540.493,1531.493,1522.736,1512.52,1507.898,1501.088,1495.979,1490.476,1488.591,1486.835,1486.607,1556.061,1545.845,1530.277,1527.358,1516.898,1512.034,1499.385,1494.52,1483.452,1477.249,1471.411,1468.492,1463.536,1461.666,1460.123,1459.363,1540.493,1540.493,1000,1000,1000,1000,1000,1000,1000,1000,1000,1000,1000,1000,1000,1000,1000,1000,1000,1000,1000,1000,1000,1000,1000,1000,1000,1000,1000,1000,1000,1000,1000,1000,1000,1000,1000,1000,1000,1000,1000,1000,1000,1000,1000,1000,1000,1000,1000,1000,1000
1179.903,1180.648,1181.447,1182.708,1184.137,1186.023,1187.3,1189.307,1190.34,1191.496,1194.232,1194.597,1195.935,1197.759,1200.435,1203.719,1208.219,1213.327,1218.192,1221.111,1225.246,1225.976,1228.408,1232.3,1240.327,1244.706,1252.49,1257.355,1262.706,1267.084,1274.868,1284.598,1292.869,1300.652,1192.803,1192.955,1193.198,1193.525,1193.936,1194.445,1195.175,1195.783,1196.482,1197.242,1198.459,1199.462,1200.922,1202.624,1204.813,1206.273,1209.557,1210.651,1213.57,1216.489,1220.016,1222.327,1225.733,1228.895,1232.3,1236.922,1243.976,1248.111,1252.49,1256.868,1261.247,1263.679,1267.084,1270.49,1277.301,1282.652,1290.436,1301.139,1312.328,1208.409,1208.766,1209.093,1209.587,1209.922,1210.636,1210.986,1212.202,1212.81,1214.422,1215.212,1216.733,1217.949,1219.53,1222.145,1225.489,1229.625,1232.908,1236.071,1236.435,1238.868,1242.517,1247.382,1250.301,1255.652,1261.003,1265.139,1270.976,1276.328,1284.112,1288.49,1297.247,1303.085,1308.923,1313.788,1319.626,1324.004,1330.815,1223.863,1224.129,1224.486,1224.927,1225.489,1225.885,1226.31,1227.055,1227.922,1229.047,1230.172,1232.3,1232.787,1236.253,1237.408,1242.152,1242.881,1247.99,1247.99,1251.638,1253.949,1258.571,1261.733,1263.436,1268.057,1273.166,1277.787,1285.085,1293.355,1304.058,1311.842,1317.68,1321.572,1323.518,1328.383,1332.275,1341.518,1239.43,1239.902,1240.107,1240.882,1241.452,1242.365,1243.338,1244.098,1245.74,1247.199,1248.598,1251.517,1254.192,1256.625,1257.719,1262.341,1264.044,1268.057,1271.463,1274.625,1277.787,1281.436,1285.085,1288.733,1293.355,1294.085,1294.815,1287.517,1276.328,1268.057,1266.233,1000,1000,1335.193,1339.085,1325.95,1312.815,1310.382,1312.328,1314.761,1317.68,1322.058,1331.302,1340.058,1349.788,1354.167,1254.96,1255.112,1000,1000,1000,1270.003,1270.003,1270.733,1268.057,1267.084,1268.057,1270.733,1000,1000,1000,1000,1136.218,1132.813,1131.353,1130.38,1130.38,1131.353,1132.813,1133.786,1135.245,1136.704,1138.65,1141.083,1144.002,1145.461,1149.353,1151.299,1153.245,1154.218,1153.245,1152.272,1150.326,1148.38,1146.434,1144.975,1142.056,1136.704,1131.353,1124.056,1118.704,1113.839,1109.704,1107.758,1105.326,1103.38,1101.677,1100.947,1099.731,1099.245,1098.515,1098.028,1098.028,1098.028,1098.028,1098.028,1098.515,1098.515,1099.245,1099.245,1100.461,1100.947,1101.677,1102.163,1103.38,1103.38,1105.326,1105.812,1107.028,1107.758,1109.218,1109.704,1110.434,1111.65,1113.109,1113.839,1113.839,1114.569,1116.029,1116.029,1114.569,1116.029,1116.029,1115.299,1116.029,1116.758,1116.758,1117.245,1117.245,1118.218,1118.704,1118.704,1119.677,1120.164,1121.137,1121.137,1122.596,1122.596,1123.083,1125.029,1126.488,1126.975,1129.407,1131.839,1133.786,1137.677,1141.083,1145.461,1153.245,1162.975,1176.11,1068.489,1068.983,1069.812,1070.313,1070.754,1070.876,1070.754,1070.101,1069.728,1069.637,1069.812,1070.876,1071.514,1073.734,1077.596,1079.967,1081.427,1082.339,1083.312,1083.677,1084.65,1085.744,1086.474,1088.298,1000,1000,1000,1141.395,1141.25,1141.106,1141.106,1141.045,1141.045,1141.174,1141.904,1143.652,1146.921,1146.313,1144.701,1144.853,1144.245,1143.515,1143.12,1141.395,1247.138,1000,1000,1000,1000,1000,1000,1181.462,1185.11,1186.327,1184.381,1184.381,1184.381,1184.381,1183.894,1185.11,1180.246,1000,1000,1000,1533.682,1525.899,1526.872,1521.52,1000,1000,1000,1000,1461.149,1462.138,1463.992,1465.634,1467.763,1470.013,1473.844,1479.439,1485.276,1493.547,1503.033,1516.169,1532.223,1539.52,1548.277,1560.926,1568.71,1569.683,1486.797,1487.428,1489.016,1490.628,1495.736,1498.655,1502.06,1504.493,1000,1000,1000,1000,1000,1000,1000,1000,1000,1000,1000,1000,1000,1000,1000,1000,1000,1000,1000,1000,1000,1000,1000,1000,1000,1000,1000,1000,1000,1000,1000,1000,1000,1000,1000,1000,1000,1000,1504.128,1495.979,1491.236,1488.697,1487.428,1486.721,1569.683,1551.196,1535.142,1523.466,1520.547,1525.899,1537.574,1555.088,1582.818,1486.759,1487.245,1488.021,1487.861,1000,1000,1000,1620.613,1619.32,1713.198,1684.495,1000,1000,1000,1000,1000,1000,1000,1000,1000,1000,1000,1000,1000,1000,1000,1000,1000,1000,1000,1000,1000,1000,1000,1000,1000,1000,1000,1000,1000,1000,1000,1000,1000,1000,1000,1000,1000,1000,1637.792,1632.927,1618.94,1613.711,1604.042,1598.994,1592.784,1592.122,1591.575,1677.198,1662.117,1652.387,1632.441,1612.494,1598.629,1588.17,1582.332,1576.494,1570.534,1567.874,1565.266,1653.846,1626.116,1606.656,1591.818,1582.818,1577.953,1565.305,1000,1000,1000,1544.933,1542.196,1539.733,1537.681,1627.576,1604.71,1585.251,1574.061,1563.115,1549.007,1540.007,1530.764,1522.311,1518.601,1515.469,1512.49,1510.719,1509.882,1591.089,1577.467,1566.764,1546.818,1533.926,1528.574,1523.953,1513.371,1506.682,1499.506,1493.912,1488.484,1487.192,1577.953,1576.007,1553.142,1542.926,1530.277,1526.385,1515.439,1507.412,1497.682,1494.52,1483.939,1476.885,1471.411,1467.52,1462.655,1460.952,1459.751,1558.494,1542.439,1548.764,1000,1000,1000,1000,1000,1000,1000,1000,1000,1000,1000,1000,1000,1000,1000,1000,1000,1000,1000,1000,1000,1000,1000,1000,1000,1000,1000,1000,1000,1000,1000,1000,1000,1000,1000,1000,1000,1000,1000,1000,1000,1000,1000,1000,1000,1000,1000,1000,1000
1180.17,1180.823,1181.553,1182.572,1183.955,1185.415,1186.631,1188.516,1190.34,1192.043,1194.232,1194.84,1196.3,1196.665,1200.435,1202.016,1206.881,1212.111,1216.976,1221.111,1226.462,1227.192,1229.868,1233.03,1238.868,1243.733,1251.03,1255.895,1261.247,1269.031,1274.868,1282.652,1292.869,1300.652,1192.651,1192.917,1193.198,1193.525,1194.095,1194.095,1195.068,1195.661,1196.057,1196.786,1198.094,1199.219,1201.165,1201.895,1204.509,1206.273,1208.462,1209.922,1214.057,1216.003,1218.678,1220.503,1224.273,1227.922,1231.084,1234.733,1243.49,1245.436,1249.571,1254.436,1259.301,1262.22,1265.625,1270.976,1275.355,1281.679,1291.409,1301.139,1315.247,1208.637,1208.865,1209.283,1209.504,1209.922,1210.317,1211.107,1211.761,1212.962,1213.844,1215.395,1216.489,1217.219,1219.53,1222.449,1225.125,1228.408,1231.571,1234.246,1236.435,1237.895,1241.3,1246.165,1249.571,1255.165,1259.057,1264.409,1270.003,1275.355,1280.22,1287.517,1294.815,1303.085,1306.004,1311.842,1316.707,1319.626,1324.977,1331.788,1224.015,1224.334,1224.722,1225.231,1225.581,1226.098,1226.797,1227.466,1228.895,1230.598,1230.598,1231.875,1235.645,1236.8,1241.057,1242.517,1245.922,1247.625,1250.665,1252.976,1255.409,1260.03,1262.22,1266.355,1270.733,1275.112,1284.112,1290.923,1303.085,1311.842,1319.626,1320.599,1323.518,1327.41,1330.328,1341.518,1348.329,1239.697,1240,1240.723,1241.057,1241.878,1242.76,1243.946,1245.344,1246.773,1248.354,1250.665,1252.672,1255.53,1256.99,1261.125,1265.382,1268.544,1271.463,1275.598,1277.787,1280.706,1283.625,1286.787,1291.409,1291.409,1292.139,1285.571,1272.436,1267.206,1265.382,1000,1000,1345.896,1341.031,1326.437,1312.328,1310.382,1312.328,1313.788,1317.193,1321.572,1326.437,1335.193,1346.869,1353.194,1254.922,1255.074,1255.15,1000,1000,1000,1269.517,1269.517,1268.787,1266.355,1266.355,1266.355,1000,1000,1000,1000,1134.272,1131.839,1130.38,1130.38,1131.353,1131.839,1132.813,1134.272,1136.218,1136.704,1139.623,1142.056,1144.975,1146.434,1149.353,1151.299,1152.272,1153.245,1152.272,1150.326,1148.38,1146.434,1144.975,1144.002,1141.083,1136.218,1129.407,1123.083,1118.218,1112.38,1109.704,1107.028,1105.326,1103.38,1102.163,1100.947,1099.731,1099.245,1098.515,1098.515,1098.028,1098.028,1098.028,1098.028,1098.028,1098.515,1098.515,1099.245,1099.731,1100.461,1101.677,1102.65,1103.38,1104.109,1105.326,1105.812,1107.028,1107.758,1109.218,1110.434,1111.164,1112.38,1113.109,1113.839,1113.839,1114.569,1116.029,1116.029,1115.299,1116.758,1116.029,1116.029,1116.029,1116.758,1116.758,1117.245,1117.245,1118.218,1119.677,1119.677,1119.677,1120.164,1121.137,1120.164,1121.623,1121.623,1122.596,1124.056,1125.515,1126.488,1127.948,1129.407,1131.839,1135.245,1139.623,1144.002,1151.299,1159.083,1171.245,1182.921,1068.489,1068.808,1069.318,1069.394,1069.553,1069.553,1069.318,1069.173,1068.808,1069.105,1070.009,1071.119,1074.494,1077.596,1081.123,1082.704,1082.947,1083.312,1083.677,1083.92,1085.38,1085.38,1087.204,1089.515,1000,1000,1141.174,1141.174,1141.106,1141.045,1141.045,1141.045,1141.174,1142.01,1144.701,1147.286,1146.921,1145.218,1145.218,1144.701,1144.549,1144.245,1145.735,1000,1000,1000,1000,1000,1000,1000,1190.219,1187.543,1185.84,1182.678,1183.408,1183.408,1182.678,1182.192,1185.84,1180.975,1000,1000,1000,1000,1522.98,1519.574,1518.601,1507.898,1000,1000,1000,1460.184,1460.868,1462.259,1464.175,1467.094,1469.77,1474.087,1479.439,1486.614,1494.033,1501.331,1513.979,1527.845,1534.656,1548.277,1560.926,1569.683,1576.98,1487.245,1487.701,1489.898,1492.483,1000,1000,1503.763,1506.682,1507.412,1510.331,1000,1000,1000,1562.386,1569.196,1000,1000,1000,1000,1000,1000,1000,1000,1000,1000,1000,1000,1000,1000,1000,1000,1000,1000,1000,1000,1000,1000,1000,1000,1000,1000,1540.493,1534.656,1000,1000,1511.182,1505.223,1498.351,1492.118,1489.26,1487.489,1486.493,1559.953,1544.872,1529.791,1519.574,1520.547,1523.953,1535.142,1553.142,1576.98,1486.797,1487.557,1488.697,1488.697,1000,1000,1000,1619.571,1715.144,1696.171,1675.252,1000,1000,1000,1000,1000,1000,1000,1000,1000,1000,1000,1000,1000,1000,1000,1000,1000,1000,1000,1000,1000,1000,1000,1000,1000,1000,1000,1000,1000,1000,1000,1000,1000,1000,1000,1000,1000,1650.441,1634.873,1627.332,1614.927,1610.67,1602.339,1597.018,1592.571,1591.841,1677.198,1666.009,1657.252,1642.657,1624.657,1603.981,1591.21,1584.521,1579.899,1574.305,1570.139,1567.737,1565.266,1656.765,1631.954,1613.954,1597.413,1584.035,1574.548,1563.48,1000,1000,1000,1544.689,1542.196,1540.098,1538.084,1537.126,1609.575,1589.143,1575.521,1562.629,1549.494,1539.52,1529.669,1523.162,1518.358,1000,1000,1511.053,1510.034,1600.332,1583.305,1572.115,1557.034,1542.683,1532.709,1527.845,1515.196,1505.952,1498.351,1493.304,1488.484,1487.192,1576.98,1569.683,1548.277,1537.088,1523.466,1522.007,1512.034,1503.52,1495.006,1491.358,1481.02,1475.79,1470.317,1466.851,1462.138,1460.617,1459.515,1555.575,1541.466,1545.358,1000,1000,1000,1000,1000,1000,1000,1000,1000,1000,1000,1000,1000,1000,1000,1000,1000,1000,1000,1000,1000,1000,1000,1000,1000,1000,1000,1000,1000,1000,1000,1000,1000,1000,1000,1000,1000,1000,1000,1000,1000,1000,1000,1000,1000,1000,1000,1000,1000
1180.17,1180.823,1181.796,1182.86,1184.137,1185.597,1186.874,1188.759,1189.793,1191.496,1193.259,1193.624,1195.57,1196.665,1199.948,1201.651,1206.881,1211.624,1216.489,1220.381,1225.246,1227.192,1229.138,1233.03,1238.868,1243.733,1252.003,1255.895,1261.733,1267.084,1272.922,1282.652,1289.463,1297.734,1302.599,1192.841,1193.069,1193.244,1193.791,1194.552,1194.962,1195.175,1196.482,1196.938,1198.094,1199.462,1201.408,1202.381,1204.509,1205.361,1207.854,1209.192,1211.746,1213.57,1216.854,1220.016,1222.814,1226.219,1230.598,1235.219,1239.598,1243.976,1251.03,1254.436,1257.355,1262.22,1267.084,1272.922,1275.355,1285.571,1293.355,1304.058,1317.193,1208.485,1208.721,1209.215,1209.093,1209.587,1210.013,1210.864,1211.624,1212.658,1214.026,1215.03,1216.733,1217.949,1219.287,1221.841,1226.219,1227.679,1232.422,1234.611,1235.098,1240.327,1240.814,1245.192,1249.571,1257.598,1261.003,1265.139,1268.544,1275.355,1279.247,1286.544,1292.869,1298.22,1303.085,1310.869,1315.734,1317.68,1324.004,1327.896,1332.761,1224.167,1224.722,1225.155,1225.406,1226.31,1227.055,1227.77,1229.229,1230.962,1231.206,1232.787,1233.516,1236.496,1240.327,1242.152,1244.706,1247.625,1250.665,1252.003,1255.409,1260.03,1262.22,1266.355,1270.003,1275.841,1285.085,1292.382,1304.058,1310.869,1316.707,1316.707,1321.572,1325.464,1330.328,1341.518,1239.43,1239.947,1240.229,1240.799,1241.346,1242.121,1243.186,1243.946,1244.979,1246.348,1248.841,1250.422,1252.368,1255.165,1256.99,1259.909,1263.557,1267.571,1271.463,1274.625,1278.517,1279.49,1285.085,1287.517,1291.409,1292.139,1292.625,1285.571,1271.949,1268.057,1000,1000,1000,1000,1333.248,1324.004,1309.896,1307.95,1309.896,1312.815,1316.22,1320.599,1327.41,1336.167,1350.761,1356.113,1254.998,1255.302,1255.568,1000,1000,1000,1000,1267.084,1265.139,1262.22,1261.733,1262.22,1000,1000,1000,1000,1000,1131.353,1129.407,1129.407,1130.38,1131.353,1132.813,1134.272,1135.245,1136.704,1139.623,1142.056,1144.975,1147.407,1149.353,1152.272,1153.245,1153.245,1151.299,1150.326,1147.407,1145.461,1144.002,1143.029,1139.623,1134.272,1127.948,1122.596,1117.245,1112.38,1109.218,1106.542,1104.596,1102.65,1101.677,1100.461,1099.731,1099.245,1098.515,1098.515,1098.028,1098.028,1098.028,1098.028,1098.028,1098.515,1098.515,1098.515,1099.245,1100.461,1100.947,1102.163,1103.38,1104.596,1105.326,1106.542,1107.028,1108.488,1109.218,1110.434,1111.65,1112.38,1113.109,1113.839,1113.109,1113.839,1114.569,1115.299,1115.299,1116.758,1116.758,1117.245,1116.758,1117.245,1117.245,1117.245,1117.245,1118.218,1118.704,1119.677,1119.677,1120.164,1120.164,1119.677,1120.164,1121.137,1122.596,1123.083,1125.515,1126.488,1127.948,1129.407,1131.353,1133.786,1136.704,1139.623,1144.975,1150.326,1162.002,1167.84,1178.056,1068.185,1068.451,1068.755,1068.808,1068.565,1068.527,1068.337,1068.451,1068.755,1069.637,1070.998,1073.917,1077.839,1079.724,1081.427,1082.035,1082.704,1082.704,1083.312,1083.92,1084.65,1086.109,1087.934,1000,1000,1140.756,1141.045,1141.045,1141.045,1141.045,1141.045,1141.174,1142.314,1145.37,1149.353,1148.624,1146.495,1145.735,1145.552,1145.036,1145.036,1149.11,1000,1000,1000,1000,1000,1000,1201.895,1192.894,1188.273,1187.056,1182.678,1183.408,1182.678,1182.192,1180.975,1184.381,1179.273,1000,1000,1000,1000,1516.169,1509.358,1506.925,1000,1000,1000,1000,1459.796,1460.458,1462.138,1463.84,1466.668,1469.222,1472.871,1478.344,1486.614,1492.817,1000,1513.25,1527.845,1532.223,1546.331,1559.953,1568.71,1580.872,1486.949,1487.777,1489.503,1492.483,1495.25,1000,1500.419,1507.412,1508.263,1515.196,1526.628,1534.656,1545.358,1557.521,1565.791,1000,1609.089,1000,1000,1520.365,1000,1000,1000,1000,1000,1000,1000,1562.629,1570.169,1558.494,1539.034,1000,1000,1000,1511.464,1510.544,1509.844,1586.224,1582.332,1569.196,1553.629,1544.872,1538.547,1521.763,1514.709,1507.412,1501.331,1496.77,1491.418,1489.016,1487.428,1486.493,1554.115,1540.493,1526.385,1520.547,1522.493,1532.709,1541.953,1558.98,1577.953,1486.607,1487.086,1487.937,1488.591,1486.835,1000,1000,1000,1618.819,1695.198,1678.171,1000,1000,1000,1000,1000,1000,1000,1000,1000,1000,1000,1000,1000,1000,1000,1000,1000,1000,1000,1000,1000,1000,1000,1000,1000,1000,1000,1000,1000,1000,1000,1000,1000,1000,1000,1000,1000,1646.306,1634.143,1625.873,1614.197,1607.751,1601.062,1595.254,1592.221,1688.874,1671.846,1659.198,1653.36,1646.549,1629.035,1606.9,1589.386,1580.507,1575.642,1571.507,1567.6,1000,1565.396,1564.37,1631.954,1619.792,1605.197,1587.926,1573.332,1564.453,1555.453,1548.946,1546.088,1543.899,1541.375,1539.399,1537.787,1537.126,1606.656,1586.71,1574.061,1558.494,1544.142,1536.237,1528.574,1522.858,1519.818,1515.834,1000,1511.129,1510.072,1600.332,1584.278,1570.169,1558.494,1541.953,1527.845,1522.736,1512.885,1503.033,1496.466,1491.236,1487.367,1486.759,1570.656,1562.872,1546.331,1537.574,1522.493,1519.088,1507.412,1497.682,1489.412,1487.466,1479.074,1474.452,1470.013,1466.851,1462.381,1461.043,1459.796,1559.467,1543.412,1534.656,1000,1000,1000,1000,1000,1000,1000,1000,1000,1000,1000,1000,1000,1000,1000,1000,1000,1000,1000,1000,1000,1000,1000,1000,1000,1000,1000,1000,1000,1000,1000,1000,1000,1000,1000,1000,1000,1000,1000,1000,1000,1000,1000,1000,1000,1000,1000,1000,1000
1180.094,1180.93,1181.675,1182.86,1183.955,1185.597,1187.117,1188.516,1190.097,1192.043,1192.651,1193.867,1195.57,1197.03,1199.219,1201.165,1205.057,1209.192,1212.597,1218.678,1222.814,1227.192,1228.408,1233.76,1238.868,1243.733,1249.571,1255.895,1261.247,1266.111,1273.895,1282.652,1286.544,1294.815,1298.707,1192.803,1192.955,1193.404,1193.647,1194.27,1195.296,1195.296,1196.33,1196.938,1198.276,1199.462,1201.165,1202.381,1203.962,1204.813,1207.489,1208.827,1211.016,1214.057,1216.489,1218.678,1221.841,1224.76,1230.598,1232.3,1237.652,1240.084,1245.922,1249.571,1255.895,1260.76,1264.652,1269.517,1278.274,1283.625,1292.382,1305.517,1317.193,1208.599,1208.721,1209.154,1209.093,1209.587,1209.663,1210.53,1210.986,1212.658,1213.844,1215.212,1216.733,1217.705,1219.287,1221.233,1224.395,1226.949,1229.138,1231.571,1233.273,1237.408,1241.3,1245.679,1249.571,1256.382,1259.544,1265.139,1268.057,1271.463,1276.328,1285.085,1289.463,1295.301,1299.193,1306.977,1311.842,1313.788,1319.626,1326.923,1332.761,1224.091,1224.782,1225.315,1225.778,1226.432,1227.192,1228.074,1229.047,1230.172,1231.631,1232.057,1233.273,1235.402,1236.496,1241.057,1243.611,1247.625,1249.814,1251.638,1254.436,1258.084,1260.03,1263.436,1268.787,1272.436,1281.436,1288.49,1300.652,1306.49,1314.761,1314.761,1321.572,1326.437,1329.356,1337.626,1239.43,1239.811,1240.168,1240.639,1241.148,1241.878,1242.76,1243.642,1244.615,1245.922,1247.625,1249.328,1251.821,1253.949,1256.99,1259.179,1263.557,1266.233,1271.463,1274.139,1277.787,1279.49,1284.355,1286.787,1288.733,1290.193,1291.409,1281.922,1000,1268.544,1000,1000,1000,1000,1335.193,1321.572,1310.382,1307.95,1309.896,1312.328,1315.247,1319.626,1326.437,1337.139,1349.788,1356.113,1255.074,1255.188,1255.469,1000,1000,1000,1000,1000,1000,1000,1000,1000,1000,1000,1000,1000,1000,1131.839,1131.353,1130.38,1130.38,1131.353,1132.813,1134.272,1136.218,1137.677,1140.596,1143.029,1144.975,1146.434,1149.353,1151.299,1151.299,1151.299,1150.326,1148.38,1146.434,1144.975,1144.002,1142.056,1138.65,1133.786,1126.975,1121.137,1116.758,1111.65,1109.218,1106.542,1104.596,1102.65,1101.677,1100.947,1099.731,1099.731,1099.245,1098.515,1098.028,1098.028,1098.028,1098.028,1098.028,1098.515,1098.515,1098.515,1099.245,1100.461,1100.947,1102.65,1103.38,1105.326,1105.812,1106.542,1107.758,1108.488,1109.218,1111.164,1111.65,1112.38,1112.38,1113.109,1113.109,1113.839,1114.569,1115.299,1115.299,1116.758,1117.245,1117.245,1117.245,1117.245,1116.758,1116.758,1117.245,1118.218,1118.704,1119.677,1119.677,1119.677,1119.677,1118.704,1119.677,1120.164,1122.596,1123.083,1125.029,1126.488,1126.975,1127.948,1129.407,1131.839,1136.218,1137.677,1143.029,1146.434,1153.245,1156.164,1164.921,1168.813,1176.11,1176.11,1180.002,1176.11,1176.11,1175.137,1180.975,1068.375,1069.173,1070.876,1073.734,1077.596,1079.177,1080.271,1080.819,1081.123,1081.123,1081.427,1082.035,1082.339,1083.92,1085.744,1094.136,1000,1140.756,1140.984,1140.984,1140.984,1140.984,1141.045,1141.318,1142.755,1146.921,1151.725,1152.272,1150.083,1149.597,1150.63,1150.874,1150.387,1000,1000,1000,1000,1000,1000,1209.678,1197.03,1193.381,1188.273,1186.327,1181.462,1182.192,1181.462,1180.975,1179.759,1183.894,1181.462,1172.218,1000,1000,1000,1514.223,1503.033,1494.277,1000,1000,1000,1000,1460.063,1460.534,1461.241,1462.791,1465.057,1468.736,1473.175,1481.871,1491.358,1000,1000,1523.466,1531.25,1532.709,1539.52,1549.25,1561.899,1581.845,1486.949,1488.697,1490.628,1494.337,1496.223,1498.959,1502.669,1506.682,1506.682,1515.682,1523.953,1532.223,1544.142,1562.386,1577.467,1597.9,1510.186,1000,1000,1519.574,1526.02,1528.574,1534.047,1532.831,1543.412,1557.277,1559.223,1557.277,1559.223,1551.196,1539.034,1530.764,1000,1518.115,1513.979,1511.942,1510.985,1601.305,1596.927,1571.142,1558.494,1546.331,1544.142,1529.061,1524.439,1000,1503.763,1497.56,1491.601,1489.016,1487.245,1486.493,1552.169,1537.574,1526.385,1522.493,1522.493,1531.25,1541.953,1555.088,1573.088,1582.818,1486.759,1487.245,1488.112,1486.835,1000,1000,1000,1713.198,1688.387,1675.252,1000,1000,1000,1000,1000,1000,1000,1000,1000,1000,1000,1000,1000,1000,1000,1000,1000,1000,1000,1000,1000,1000,1000,1000,1000,1000,1000,1000,1000,1000,1000,1000,1000,1000,1000,1000,1000,1637.305,1631.711,1622.224,1613.711,1605.197,1600.089,1594.981,1592.328,1687.901,1668.927,1654.333,1643.63,1636.332,1624.657,1606.413,1590.359,1584.156,1577.649,1572.419,1568.315,1567.22,1565.266,1000,1636.819,1629.035,1610.062,1591.089,1574.548,1566.277,1555.088,1547.608,1543.078,1541.223,1539.186,1538.228,1537.354,1632.441,1602.764,1589.143,1576.98,1566.034,1554.115,1544.629,1534.047,1526.75,1520.912,1515.287,1000,1511.053,1510.11,1603.251,1589.143,1573.575,1558.494,1545.358,1532.709,1522.25,1512.885,1502.669,1496.466,1491.236,1488.393,1487.086,1576.007,1565.791,1551.196,1540.493,1524.926,1517.628,1503.52,1491.844,1485.641,1483.452,1476.155,1472.567,1469.77,1465.634,1462.016,1460.777,1459.948,1559.467,1000,1536.601,1000,1000,1000,1000,1000,1000,1000,1000,1000,1000,1000,1000,1000,1000,1000,1000,1000,1000,1000,1000,1000,1000,1000,1000,1000,1000,1000,1000,1000,1000,1000,1000,1000,1000,1000,1000,1000,1000,1000,1000,1000,1000,1000,1000,1000,1000,1000,1000,1000
1179.964,1180.648,1181.796,1183.012,1184.472,1186.205,1187.543,1188.273,1189.307,1189.307,1191.192,1192.347,1194.232,1196.665,1199.219,1201.651,1205.422,1210.165,1212.111,1217.462,1221.111,1225.976,1228.408,1234.49,1238.868,1243.246,1250.057,1255.895,1260.274,1266.111,1271.949,1279.733,1284.598,1292.869,1295.788,1302.599,1192.879,1193.244,1193.586,1194.179,1194.856,1195.296,1196.057,1196.938,1198.276,1199.827,1201.408,1202.624,1204.266,1205.665,1206.881,1208.462,1211.016,1213.205,1216.003,1218.678,1222.327,1226.219,1228.895,1231.084,1235.219,1240.084,1243.49,1247.382,1255.409,1259.301,1263.193,1270.49,1277.301,1282.652,1292.382,1305.517,1312.328,1208.409,1208.675,1209.032,1209.032,1209.504,1209.587,1210.013,1210.636,1211.898,1213.327,1215.03,1216.489,1217.705,1219.287,1222.145,1223.787,1226.584,1229.138,1232.057,1234.246,1238.868,1241.787,1247.868,1250.301,1255.165,1256.868,1262.22,1262.949,1267.084,1270.976,1280.22,1286.544,1292.869,1299.193,1306.977,1310.869,1312.815,1318.653,1324.977,1331.788,1224.091,1224.38,1225.315,1225.581,1226.31,1227.055,1227.618,1228.378,1229.777,1230.598,1231.875,1232.543,1234.854,1236.253,1239.598,1242.517,1246.409,1247.99,1251.638,1254.922,1254.922,1260.03,1262.22,1267.571,1275.841,1282.166,1290.923,1300.652,1306.004,1311.842,1315.734,1321.572,1326.437,1330.328,1339.572,1239.43,1239.734,1240.054,1240.723,1241.559,1242,1243.034,1243.794,1244.797,1245.922,1247.442,1248.598,1252.368,1253.949,1256.99,1259.179,1263.193,1264.409,1270.003,1271.949,1276.814,1279.004,1283.625,1285.571,1288.733,1291.409,1292.139,1000,1000,1000,1000,1000,1000,1000,1340.058,1320.599,1307.95,1306.004,1307.95,1310.382,1314.761,1319.626,1327.41,1337.139,1349.788,1356.113,1255.074,1255.302,1255.675,1000,1000,1000,1000,1000,1000,1000,1000,1000,1000,1000,1000,1000,1000,1133.786,1131.839,1130.38,1130.38,1130.38,1132.813,1134.272,1136.218,1137.677,1140.596,1143.029,1145.461,1147.407,1148.38,1150.326,1149.353,1148.38,1147.407,1145.461,1144.975,1144.002,1143.029,1140.596,1137.677,1131.839,1125.515,1120.164,1116.029,1111.65,1109.218,1106.542,1104.596,1103.38,1102.163,1100.947,1099.731,1099.245,1099.245,1098.515,1098.028,1098.028,1098.028,1098.515,1098.515,1099.245,1099.245,1099.245,1099.731,1100.947,1101.677,1102.65,1104.109,1105.812,1106.542,1107.028,1108.488,1109.218,1109.704,1111.164,1111.65,1113.109,1113.109,1113.839,1113.839,1114.569,1114.569,1115.299,1116.029,1116.758,1117.245,1117.245,1117.245,1118.218,1117.245,1117.245,1117.245,1118.218,1118.218,1118.704,1118.704,1119.677,1119.677,1118.704,1119.677,1120.164,1121.623,1122.596,1124.056,1125.515,1126.975,1128.921,1130.38,1132.813,1134.272,1135.245,1138.65,1141.083,1144.002,1149.353,1154.218,1157.137,1161.029,1164.921,1162.975,1156.164,1161.029,1160.056,1168.813,1182.921,1068.702,1069.903,1072.244,1074.92,1077.352,1078.629,1079.177,1079.967,1079.967,1080.271,1080.819,1081.427,1082.704,1085.015,1089.515,1000,1140.809,1140.984,1140.923,1140.984,1140.984,1141.045,1141.174,1143.12,1147.529,1153.428,1155.678,1154.948,1152.576,1154.34,1153.732,1151.421,1000,1000,1000,1000,1000,1000,1202.867,1194.111,1190.948,1188.273,1185.11,1180.246,1180.975,1180.975,1180.246,1179.273,1183.894,1182.678,1175.867,1000,1000,1000,1511.304,1497.196,1484.547,1000,1000,1000,1000,1000,1460.063,1460.458,1461.894,1463.84,1468.249,1473.175,1481.871,1489.898,1000,1510.574,1525.899,1532.223,1536.115,1541.953,1551.196,1558.98,1000,1000,1000,1000,1493.668,1495.25,1498.655,1502.304,1505.952,1508.263,1519.574,1528.574,1538.547,1557.034,1571.142,1588.17,1000,1510.779,1512.155,1517.02,1521.155,1528.574,1532.466,1538.547,1537.696,1546.818,1556.791,1557.277,1557.277,1556.061,1551.196,1539.52,1530.764,1523.77,1517.932,1513.676,1512.262,1511.547,1510.072,1509.844,1584.278,1564.332,1546.331,1537.818,1522.736,1000,1507.412,1499.202,1495.25,1491.084,1488.804,1487.139,1486.493,1555.088,1538.547,1528.818,1521.034,1519.088,1523.953,1538.547,1548.277,1572.115,1581.845,1486.645,1487.245,1488.697,1487.04,1000,1000,1000,1704.441,1680.603,1665.036,1000,1000,1000,1000,1000,1000,1000,1000,1000,1000,1000,1000,1000,1000,1000,1000,1000,1000,1000,1000,1000,1000,1000,1000,1000,1000,1000,1000,1000,1000,1000,1000,1000,1000,1000,1000,1640.224,1635.359,1627.819,1619.792,1609.94,1602.886,1597.96,1594.22,1592.449,1591.651,1670.873,1656.279,1644.603,1632.927,1620.521,1601.305,1588.17,1582.332,1575.642,1570.899,1567.874,1567.342,1565.859,1564.75,1650.927,1635.846,1612.494,1588.413,1574.061,1566.764,1555.818,1546.818,1542.713,1540.493,1538.707,1537.635,1634.386,1626.603,1606.656,1594.494,1581.845,1568.71,1554.845,1542.439,1530.399,1525.047,1519.574,1514.284,1000,1510.985,1510.072,1605.197,1589.143,1572.115,1554.602,1536.601,1526.142,1518.115,1510.696,1502.06,1498.351,1492.3,1489.26,1487.428,1486.531,1570.656,1552.169,1544.872,1528.818,1522.007,1505.466,1494.52,1486.614,1483.452,1475.425,1472.567,1470.013,1465.452,1461.666,1460.952,1459.796,1559.467,1551.683,1546.331,1000,1000,1000,1000,1000,1000,1000,1000,1000,1000,1000,1000,1000,1000,1000,1000,1000,1000,1000,1000,1000,1000,1000,1000,1000,1000,1000,1000,1000,1000,1000,1000,1000,1000,1000,1000,1000,1000,1000,1000,1000,1000,1000,1000,1000,1000,1000,1000,1000
1179.964,1180.648,1181.553,1182.86,1183.773,1185.232,1186.874,1187.786,1189.002,1189.793,1191.192,1191.739,1194.84,1197.03,1199.584,1201.651,1204.084,1207.732,1210.651,1216.003,1220.381,1225.976,1228.408,1234.49,1238.868,1243.246,1247.625,1254.436,1258.328,1265.625,1270.003,1276.814,1281.679,1288.49,1293.842,1303.571,1192.841,1193.153,1193.404,1194.095,1194.445,1195.175,1195.92,1196.938,1197.759,1199.219,1200.739,1202.381,1204.266,1205.361,1207.246,1209.192,1211.381,1213.205,1216.489,1219.53,1222.814,1227.922,1230.111,1232.787,1235.949,1239.598,1242.76,1246.652,1251.03,1256.868,1263.679,1268.057,1272.922,1281.679,1289.463,1299.193,1310.382,1208.333,1208.675,1209.093,1209.032,1209.359,1209.587,1209.838,1210.423,1211.624,1212.962,1214.422,1216.307,1217.705,1219.287,1221.841,1224.395,1225.489,1227.679,1230.841,1232.422,1237.895,1240.814,1245.679,1248.354,1253.949,1255.652,1261.003,1261.49,1267.084,1268.544,1276.814,1282.652,1289.463,1295.301,1304.058,1306.004,1311.842,1319.626,1324.977,1329.842,1224.205,1224.539,1225.155,1225.687,1226.432,1226.918,1227.466,1228.378,1229.412,1230.598,1231.206,1233.273,1234.064,1236.253,1238.381,1240.692,1244.341,1247.138,1248.476,1254.922,1255.895,1258.084,1260.03,1266.355,1274.625,1282.652,1288.49,1295.788,1307.463,1310.382,1313.788,1321.572,1326.437,1331.302,1338.599,1348.329,1239.582,1239.947,1240.35,1241.255,1241.559,1242.76,1243.642,1244.615,1245.162,1246.956,1248.841,1250.665,1253.584,1256.26,1256.99,1261.976,1262.706,1267.206,1270.976,1275.598,1279.49,1283.139,1286.787,1290.193,1292.625,1000,1000,1000,1000,1000,1000,1000,1000,1337.139,1318.653,1307.95,1306.49,1308.923,1312.328,1316.22,1322.058,1330.328,1337.139,1352.221,1359.032,1254.96,1255.188,1255.796,1255.857,1257.233,1000,1000,1000,1000,1000,1000,1000,1000,1000,1000,1000,1000,1135.245,1132.813,1130.38,1131.353,1130.38,1132.813,1135.245,1137.677,1139.623,1143.029,1144.975,1145.461,1147.407,1147.407,1148.38,1147.407,1146.434,1145.461,1144.002,1143.029,1142.056,1141.083,1139.623,1136.218,1131.353,1125.029,1118.704,1114.569,1111.164,1108.488,1106.542,1105.326,1103.38,1102.65,1101.677,1100.947,1099.731,1099.731,1099.245,1098.028,1098.515,1098.515,1099.245,1099.245,1099.731,1099.731,1099.731,1100.461,1101.677,1101.677,1103.38,1104.596,1105.812,1107.028,1108.488,1109.218,1110.434,1111.164,1112.38,1112.38,1113.109,1113.839,1113.839,1113.839,1114.569,1114.569,1115.299,1116.029,1116.758,1117.245,1118.218,1118.704,1118.704,1118.218,1118.218,1117.245,1117.245,1118.218,1118.704,1118.704,1118.704,1119.677,1118.704,1119.677,1120.164,1121.623,1122.596,1124.056,1126.488,1127.948,1128.921,1130.38,1131.839,1133.786,1134.272,1136.704,1139.623,1141.083,1144.002,1144.975,1147.407,1151.299,1149.353,1149.353,1146.434,1149.353,1151.299,1162.002,1174.164,1068.337,1069.553,1071.378,1073.734,1075.102,1076.379,1077.109,1077.352,1077.839,1078.082,1079.177,1079.724,1081.123,1082.947,1000,1000,1140.923,1140.923,1140.756,1140.809,1140.809,1140.862,1140.923,1142.877,1147.286,1151.968,1155.313,1156.286,1156.651,1159.205,1157.38,1153.124,1000,1000,1000,1000,1000,1000,1000,1191.435,1188.273,1187.543,1185.11,1180.246,1180.975,1180.246,1179.759,1179.273,1183.894,1182.192,1178.056,1000,1000,1000,1515.196,1495.736,1000,1000,1000,1000,1000,1000,1460.458,1460.693,1462.655,1464.692,1469.222,1000,1000,1000,1000,1509.358,1520.547,1520.547,1527.845,1529.791,1537.088,1545.845,1000,1000,1000,1000,1491.935,1494.094,1499.81,1501.331,1505.223,1507.898,1518.601,1523.953,1537.331,1555.088,1571.142,1593.035,1000,1000,1000,1000,1518.115,1524.682,1528.574,1534.534,1537.696,1546.088,1550.71,1551.926,1550.71,1548.277,1545.115,1536.237,1529.304,1523.162,1519.818,1515.287,1512.854,1511.942,1510.224,1603.251,1578.44,1564.818,1546.331,1537.331,1526.628,1518.115,1508.628,1499.81,1495.493,1490.476,1488.287,1486.949,1578.926,1555.088,1539.52,1528.818,1522.493,1519.574,1522.493,1536.115,1547.304,1569.683,1583.791,1486.645,1487.192,1488.484,1000,1000,1000,1000,1701.036,1677.198,1662.603,1000,1000,1000,1000,1000,1000,1000,1000,1000,1000,1000,1000,1000,1000,1000,1000,1000,1000,1000,1000,1000,1000,1000,1000,1000,1000,1000,1000,1000,1000,1000,1000,1000,1000,1000,1000,1643.63,1637.305,1629.522,1623.684,1612.981,1604.285,1598.994,1594.22,1592.449,1591.613,1664.063,1648.981,1636.332,1626.116,1618.332,1603.494,1591.21,1586.467,1578.561,1570.899,1568.771,1567.342,1565.7,1000,1654.819,1636.819,1615.413,1595.467,1577.224,1567.25,1555.088,1545.602,1541.375,1540.493,1538.791,1537.787,1537.202,1632.441,1608.602,1597.9,1585.251,1568.224,1549.007,1538.547,1529.669,1523.466,1519.088,1514.953,1512.49,1511.129,1510.186,1603.251,1585.251,1567.737,1553.142,1537.331,1527.358,1516.169,1508.263,1500.115,1495.736,1491.601,1490.035,1487.701,1486.835,1574.061,1553.142,1543.899,1529.791,1516.898,1503.033,1495.006,1486.128,1479.803,1473.175,1471.411,1468.006,1465.057,1462.259,1461.149,1459.751,1459.287,1000,1536.601,1000,1000,1000,1000,1000,1000,1000,1000,1000,1000,1000,1000,1000,1000,1000,1000,1000,1000,1000,1000,1000,1000,1000,1000,1000,1000,1000,1000,1000,1000,1000,1000,1000,1000,1000,1000,1000,1000,1000,1000,1000,1000,1000,1000,1000,1000,1000,1000,1000
1179.903,1180.238,1181.127,1182.161,1183.955,1185.415,1187.117,1187.3,1188.029,1189.002,1189.793,1191.496,1194.232,1196.665,1199.584,1202.016,1205.057,1208.705,1211.138,1214.3,1218.678,1224.03,1229.138,1233.76,1238.868,1243.733,1247.138,1254.436,1258.328,1265.625,1270.976,1276.814,1279.733,1288.49,1292.869,1301.625,1192.841,1193.107,1193.35,1194.095,1194.552,1195.296,1195.92,1197.242,1198.094,1199.644,1200.922,1202.928,1204.266,1205.665,1207.246,1209.192,1210.651,1212.841,1216.003,1219.043,1222.814,1226.949,1230.111,1233.516,1235.949,1238.868,1242.03,1247.382,1250.301,1254.436,1261.247,1268.057,1275.355,1279.733,1288.49,1298.22,1308.436,1208.219,1208.561,1208.918,1209.032,1209.215,1209.359,1209.838,1210.21,1211.107,1212.506,1213.661,1215.212,1216.976,1218.739,1221.233,1224.03,1226.219,1228.408,1232.422,1234.246,1237.895,1240.814,1244.463,1247.382,1253.949,1253.949,1260.274,1261.49,1265.139,1269.517,1277.787,1281.679,1289.463,1294.815,1303.085,1306.004,1310.869,1318.653,1324.977,1332.761,1224.167,1224.433,1224.927,1225.406,1226.204,1226.797,1227.329,1227.922,1228.895,1230.172,1231.388,1233.273,1234.55,1236.253,1238.017,1240.692,1242.881,1248.476,1248.841,1251.638,1254.436,1258.571,1260.03,1268.787,1273.166,1281.436,1289.463,1298.22,1304.058,1310.382,1314.761,1320.599,1327.41,1329.356,1337.626,1345.41,1239.43,1239.772,1240.107,1241.057,1241.665,1242.623,1243.49,1244.463,1245.162,1246.773,1248.111,1250.118,1252.064,1255.165,1255.895,1259.544,1262.706,1264.895,1267.571,1273.652,1277.787,1281.922,1286.301,1291.409,1000,1000,1000,1000,1000,1000,1000,1000,1000,1340.058,1315.247,1306.004,1305.031,1307.463,1311.355,1317.193,1324.004,1332.275,1341.031,1347.842,1355.14,1362.924,1255.188,1255.796,1255.986,1256.625,1257.02,1257.932,1258.753,1260.73,1263.193,1265.443,1267.389,1266.78,1000,1000,1000,1000,1137.677,1133.786,1131.353,1131.353,1130.38,1132.813,1135.245,1136.704,1139.623,1142.056,1144.002,1144.975,1146.434,1146.434,1146.434,1144.975,1144.002,1143.029,1142.056,1142.056,1141.083,1140.596,1137.677,1133.786,1128.921,1123.083,1118.218,1115.299,1111.65,1109.218,1107.028,1105.812,1103.38,1102.65,1102.163,1100.947,1100.461,1100.461,1099.731,1098.515,1099.245,1099.245,1099.731,1099.731,1100.947,1100.461,1100.947,1101.677,1102.163,1102.65,1104.109,1105.326,1106.542,1107.758,1109.218,1110.434,1111.164,1111.164,1112.38,1112.38,1113.109,1113.839,1115.299,1114.569,1115.299,1115.299,1116.029,1116.029,1117.245,1117.245,1118.218,1118.704,1118.704,1118.218,1118.218,1117.245,1117.245,1118.218,1118.704,1118.218,1118.704,1118.704,1118.704,1118.704,1120.164,1121.623,1122.596,1123.083,1125.515,1126.975,1128.921,1130.38,1131.839,1132.813,1133.786,1135.245,1138.65,1140.596,1140.596,1140.596,1144.975,1141.083,1140.596,1140.596,1144.002,1144.975,1148.38,1158.11,1174.164,1068.413,1069.394,1070.876,1073.035,1074.099,1074.92,1075.71,1075.954,1076.379,1076.866,1077.596,1078.386,1079.967,1082.339,1087.569,1000,1140.984,1140.862,1140.703,1140.809,1140.809,1140.809,1140.923,1142.208,1145.036,1150.387,1155.313,1158.475,1162.245,1161.516,1157.38,1150.387,1000,1000,1000,1000,1000,1000,1000,1192.894,1188.759,1187.543,1185.11,1180.246,1180.975,1180.246,1179.759,1178.543,1183.408,1182.678,1179.273,1000,1000,1000,1000,1494.277,1479.682,1000,1000,1000,1000,1459.842,1461.043,1461.56,1462.518,1464.874,1469.222,1473.175,1000,1000,1000,1504.25,1516.898,1513.25,1519.088,1522.007,1533.682,1539.52,1000,1000,1000,1000,1491.935,1495.493,1503.763,1000,1507.412,1509.115,1516.169,1519.088,1535.142,1000,1000,1601.305,1000,1000,1000,1515.834,1519.088,1525.047,1528.574,1533.196,1534.899,1542.926,1546.088,1547.791,1548.277,1545.602,1540.98,1535.872,1530.034,1525.047,1521.459,1516.655,1512.976,1511.638,1510.186,1604.224,1578.44,1569.196,1550.71,1539.764,1527.358,1517.628,1507.898,1497.804,1493.304,1489.503,1487.861,1486.683,1580.872,1556.061,1537.088,1525.899,1519.574,1513.979,1519.574,1532.709,1541.953,1561.899,1572.115,1576.98,1486.759,1488.195,1000,1000,1000,1000,1700.063,1674.279,1659.684,1650.441,1000,1000,1000,1000,1000,1000,1000,1000,1000,1000,1000,1000,1000,1000,1000,1000,1000,1000,1000,1000,1000,1000,1000,1000,1000,1000,1000,1000,1000,1000,1000,1000,1000,1000,1000,1000,1632.441,1623.684,1620.765,1614.562,1603.433,1598.751,1594.585,1592.51,1591.613,1668.927,1648.008,1632.441,1624.657,1615.17,1601.305,1593.521,1586.102,1576.494,1570.717,1568.619,1566.642,1565.54,1564.924,1654.819,1636.819,1613.954,1595.954,1576.737,1568.224,1555.818,1546.818,1541.527,1540.767,1538.373,1537.681,1632.441,1621.251,1601.792,1593.521,1577.953,1561.899,1544.142,1533.196,1525.047,1520.608,1000,1514.436,1512.262,1510.84,1509.958,1594.008,1578.44,1561.899,1543.412,1529.061,1521.277,1508.628,1503.033,1498.959,1495.736,1491.601,1490.476,1488.112,1486.873,1575.034,1000,1543.899,1532.223,1519.088,1504.979,1000,1000,1000,1474.087,1470.56,1467.337,1464.509,1462.138,1461.241,1460.245,1459.401,1551.683,1534.656,1000,1000,1000,1000,1000,1000,1000,1000,1000,1000,1000,1000,1000,1000,1000,1000,1000,1000,1000,1000,1000,1000,1000,1000,1000,1000,1000,1000,1000,1000,1000,1000,1000,1000,1000,1000,1000,1000,1000,1000,1000,1000,1000,1000,1000,1000,1000,1000,1000
1179.782,1180.238,1181.127,1182.039,1183.621,1184.837,1186.205,1186.631,1188.029,1188.759,1191.192,1192.043,1194.597,1197.03,1199.584,1200.435,1204.084,1207.246,1211.138,1213.814,1219.895,1225.976,1228.408,1233.76,1238.868,1243.733,1246.165,1252.003,1254.922,1261.247,1266.111,1273.895,1278.76,1286.544,1293.842,1302.599,1192.765,1193.069,1193.297,1193.791,1194.179,1195.068,1195.92,1197.242,1197.911,1199.462,1200.496,1202.138,1203.962,1205.665,1207.854,1210.286,1212.476,1213.57,1217.341,1220.868,1223.3,1227.435,1230.598,1234.733,1236.435,1240.084,1242.03,1243.49,1250.301,1253.949,1258.328,1265.625,1271.949,1278.274,1286.544,1296.274,1305.517,1316.22,1208.485,1208.766,1208.918,1209.215,1209.283,1209.922,1210.317,1210.986,1211.898,1213.145,1214.209,1215.82,1218.739,1220.685,1224.03,1225.854,1229.138,1231.571,1234.611,1236.435,1238.868,1243.003,1244.463,1248.354,1252.49,1260.274,1259.544,1267.084,1267.084,1278.76,1281.679,1288.49,1293.842,1299.193,1306.004,1313.788,1319.626,1329.842,1223.825,1223.977,1224.334,1224.782,1225.155,1225.778,1226.31,1226.918,1227.618,1228.895,1229.777,1231.631,1232.787,1235.645,1236.496,1238.381,1240.327,1243.246,1245.557,1247.99,1252.49,1252.003,1257.355,1260.03,1265.868,1272.436,1279.977,1287.031,1297.247,1303.085,1306.49,1313.788,1316.707,1324.491,1328.383,1333.248,1340.545,1345.41,1239.582,1239.811,1240.495,1240.799,1242,1242.897,1243.794,1244.979,1246.53,1247.868,1249.632,1251.517,1253.28,1256.26,1258.814,1261.49,1265.382,1268.057,1271.949,1276.328,1280.22,1283.625,1000,1000,1000,1000,1000,1000,1000,1000,1000,1255.796,1358.059,1323.031,1309.896,1307.463,1308.923,1312.328,1316.22,1324.004,1328.383,1340.058,1347.842,1350.761,1357.086,1255.036,1255.515,1255.918,1256.914,1257.339,1258.328,1258.753,1260.365,1261.49,1263.193,1264.652,1264.652,1000,1000,1000,1000,1143.029,1136.218,1132.813,1131.839,1131.353,1132.813,1134.272,1136.704,1138.65,1142.056,1144.002,1144.975,1145.461,1146.434,1145.461,1144.002,1142.056,1141.083,1140.596,1139.623,1139.623,1138.65,1136.218,1131.839,1126.975,1122.596,1118.218,1115.299,1111.65,1109.218,1107.028,1105.812,1104.109,1103.38,1102.65,1102.163,1101.677,1100.947,1100.947,1099.731,1100.461,1099.731,1100.461,1100.461,1100.947,1100.947,1101.677,1102.65,1104.109,1104.596,1105.326,1106.542,1107.028,1108.488,1109.704,1111.164,1111.65,1112.38,1113.839,1113.839,1114.569,1114.569,1115.299,1114.569,1116.029,1115.299,1116.029,1116.758,1118.218,1118.218,1118.218,1118.704,1118.218,1117.245,1117.245,1118.218,1118.218,1118.218,1118.704,1118.704,1119.677,1119.677,1119.677,1119.677,1121.137,1121.623,1121.623,1121.623,1125.515,1126.975,1126.975,1129.407,1131.839,1132.813,1132.813,1136.704,1138.65,1138.65,1140.596,1140.596,1142.056,1138.65,1138.65,1140.596,1139.623,1140.596,1149.353,1158.11,1174.164,1068.489,1069.477,1071.514,1073.035,1074.099,1074.677,1075.285,1075.285,1075.528,1075.954,1076.623,1077.596,1079.42,1081.731,1000,1000,1140.984,1140.862,1140.703,1140.756,1140.756,1140.756,1140.809,1142.01,1143.652,1147.286,1150.387,1000,1000,1000,1000,1000,1000,1000,1000,1000,1000,1000,1000,1000,1188.273,1187.543,1183.894,1179.759,1180.246,1179.759,1179.273,1178.543,1183.408,1183.894,1180.975,1000,1000,1000,1000,1504.006,1000,1000,1000,1000,1000,1000,1460.458,1460.458,1461.241,1463.688,1000,1000,1000,1000,1000,1494.52,1507.898,1505.466,1000,1520.547,1540.493,1545.845,1565.791,1000,1000,1000,1491.236,1496.223,1503.033,1506.317,1506.317,1507.047,1512.034,1515.682,1532.709,1558.494,1584.278,1509.882,1000,1512.49,1514.132,1517.446,1520.608,1524.439,1526.75,1530.764,1534.534,1539.034,1539.52,1541.466,1544.629,1542.439,1539.034,1535.872,1530.764,1525.655,1522.007,1517.263,1513.828,1512.049,1510.262,1604.224,1579.413,1567.737,1549.25,1537.331,1523.466,1516.655,1508.628,1499.202,1000,1489.898,1487.861,1486.645,1578.926,1560.926,1538.547,1525.899,1519.574,1512.52,1513.979,1530.277,1545.845,1566.764,1486.531,1486.531,1486.994,1487.557,1000,1000,1000,1000,1702.982,1681.576,1665.036,1652.873,1000,1000,1000,1000,1000,1000,1000,1000,1000,1000,1000,1000,1000,1000,1000,1000,1000,1000,1000,1000,1000,1000,1000,1000,1000,1000,1000,1000,1000,1000,1000,1000,1000,1000,1000,1000,1639.738,1624.657,1620.765,1614.197,1604.285,1597.383,1594.464,1592.449,1591.689,1666.009,1647.035,1627.089,1620.521,1610.062,1598.629,1592.548,1587.683,1577.041,1570.322,1568.619,1566.43,1565.084,1564.56,1658.711,1643.63,1620.765,1602.764,1584.521,1571.386,1556.548,1547.365,1542.348,1540.919,1538.373,1537.43,1633.413,1620.278,1598.873,1587.683,1574.548,1557.277,1542.926,1533.682,1524.682,1520.121,1516.23,1513.523,1511.942,1510.658,1509.882,1593.035,1577.467,1558.494,1537.331,1521.763,1518.601,1506.682,1501.331,1497.013,1493.486,1490.476,1489.625,1487.861,1486.911,1582.818,1000,1000,1537.088,1522.007,1506.196,1497.682,1488.439,1479.074,1473.479,1470.013,1466.242,1463.688,1461.453,1460.389,1459.591,1552.656,1540.493,1000,1000,1000,1000,1000,1000,1000,1000,1000,1000,1000,1000,1000,1000,1000,1000,1000,1000,1000,1000,1000,1000,1000,1000,1000,1000,1000,1000,1000,1000,1000,1000,1000,1000,1000,1000,1000,1000,1000,1000,1000,1000,1000,1000,1000,1000,1000,1000,1000,1000
1179.782,1180.17,1180.93,1181.918,1183.165,1184.837,1186.448,1186.631,1187.543,1188.516,1190.644,1191.739,1193.867,1195.935,1198.854,1200.435,1204.084,1207.732,1211.624,1214.3,1217.462,1222.327,1226.462,1233.03,1237.408,1242.273,1244.706,1249.571,1254.436,1260.274,1264.652,1271.949,1277.787,1285.571,1293.842,1302.599,1192.879,1193.107,1193.35,1193.936,1194.354,1195.175,1196.193,1197.09,1198.276,1199.462,1200.07,1202.138,1203.719,1205.361,1207.854,1209.922,1212.476,1214.422,1216.854,1218.678,1221.841,1226.219,1229.625,1231.814,1236.435,1239.598,1243.49,1245.436,1250.301,1253.949,1260.76,1267.084,1271.949,1279.733,1288.49,1299.193,1304.058,1208.219,1208.409,1208.637,1208.812,1208.971,1209.093,1209.587,1210.013,1210.986,1211.761,1212.81,1214.209,1215.82,1217.949,1221.233,1225.489,1226.949,1230.354,1232.908,1235.584,1236.071,1238.381,1239.841,1241.3,1247.382,1251.517,1256.382,1259.057,1266.598,1270.003,1278.76,1283.625,1290.923,1292.869,1299.193,1305.031,1314.761,1321.085,1327.896,1332.761,1224.015,1224.167,1224.433,1224.782,1225.406,1225.991,1226.797,1227.055,1228.53,1229.412,1231.631,1232.543,1234.55,1236.496,1237.713,1239.963,1242.152,1244.341,1246.773,1249.328,1251.638,1255.895,1259.544,1265.868,1272.436,1280.706,1288.004,1297.247,1301.625,1306.004,1310.382,1319.626,1322.545,1325.464,1333.248,1340.545,1342.491,1239.392,1239.582,1240.289,1240.563,1241.878,1242.76,1243.794,1244.797,1246.165,1247.625,1248.598,1250.969,1253.28,1256.625,1259.544,1261.976,1265.382,1268.057,1270.976,1274.139,1278.517,1280.706,1000,1000,1000,1000,1000,1000,1000,1000,1259.666,1256.45,1254.96,1325.95,1311.355,1306.004,1308.923,1312.815,1317.193,1325.95,1333.248,1338.112,1342.004,1347.842,1352.221,1361.951,1255.34,1255.675,1256.207,1256.914,1257.446,1258.191,1259.209,1260.547,1261.733,1263.679,1264.166,1000,1000,1000,1000,1143.029,1137.677,1134.272,1133.786,1132.813,1133.786,1135.245,1136.704,1137.677,1141.083,1143.029,1144.002,1144.975,1144.975,1144.002,1142.056,1141.083,1140.596,1139.623,1139.623,1138.65,1136.704,1134.272,1130.38,1125.515,1121.137,1117.245,1114.569,1111.65,1109.218,1107.758,1106.542,1104.596,1104.109,1103.38,1102.163,1101.677,1101.677,1101.677,1100.947,1101.677,1100.947,1100.947,1100.947,1101.677,1102.163,1103.38,1104.109,1104.596,1105.326,1105.812,1107.028,1107.758,1108.488,1110.434,1111.164,1112.38,1113.839,1115.299,1115.299,1116.758,1116.758,1116.758,1116.029,1116.758,1116.758,1116.758,1118.218,1118.704,1118.704,1118.704,1119.677,1118.704,1118.218,1118.704,1118.704,1118.704,1119.677,1119.677,1119.677,1120.164,1120.164,1120.164,1120.164,1120.164,1121.137,1121.137,1121.137,1124.056,1126.975,1127.948,1129.407,1131.353,1132.813,1132.813,1135.245,1136.218,1136.218,1136.704,1136.218,1136.218,1132.813,1136.704,1136.704,1141.083,1144.975,1153.245,1162.975,1176.11,1068.527,1069.903,1071.651,1073.217,1074.312,1074.677,1075.102,1075.285,1075.528,1075.954,1076.623,1077.839,1079.177,1082.947,1000,1000,1140.984,1140.862,1140.657,1140.703,1140.756,1140.703,1140.756,1141.554,1142.755,1144.853,1145.218,1000,1000,1000,1000,1000,1000,1000,1000,1000,1000,1000,1000,1000,1187.543,1187.056,1183.894,1180.246,1180.246,1180.246,1179.759,1179.273,1183.408,1183.894,1181.462,1000,1000,1000,1000,1000,1000,1000,1000,1000,1000,1000,1000,1000,1461.56,1465.452,1468.736,1000,1000,1482.236,1483.452,1490.385,1500.601,1500.115,1000,1519.088,1541.466,1545.845,1568.71,1486.493,1000,1000,1489.138,1492.3,1498.351,1502.06,1505.223,1507.412,1514.344,1000,1540.493,1560.926,1583.305,1000,1510.262,1511.547,1512.976,1515.652,1519.088,1523.466,1525.412,1530.399,1533.196,1539.52,1540.98,1544.629,1546.818,1546.088,1542.439,1538.547,1531.98,1526.385,1521.459,1516.047,1512.976,1511.129,1510.11,1597.9,1578.44,1562.386,1546.331,1531.493,1519.088,1510.696,1504.493,1496.466,1493.668,1489.503,1487.557,1486.683,1578.926,1562.872,1543.899,1530.277,1000,1000,1000,1529.791,1545.845,1566.764,1486.607,1486.683,1487.428,1000,1000,1000,1000,1000,1701.036,1681.576,1662.603,1000,1000,1000,1000,1000,1000,1000,1000,1000,1000,1000,1000,1000,1000,1000,1000,1000,1000,1000,1000,1000,1000,1000,1000,1000,1000,1000,1000,1000,1000,1000,1000,1000,1000,1000,1000,1000,1638.522,1620.278,1616.63,1608.481,1602.643,1596.501,1593.886,1592.221,1591.727,1663.09,1645.576,1630.008,1623.197,1610.548,1600.089,1593.035,1584.156,1574.305,1570.717,1568.619,1566.034,1564.879,1564.408,1648.495,1629.035,1610.062,1596.927,1580.872,1570.169,1558.494,1550.102,1544.081,1540.767,1538.532,1537.43,1634.386,1618.332,1596.927,1585.737,1571.629,1551.926,1535.872,1528.209,1520.608,1516.838,1514.588,1513.25,1512.155,1510.49,1608.116,1583.305,1565.791,1549.25,1534.656,1520.79,1517.142,1506.317,1499.506,1494.581,1491.753,1490.172,1488.91,1487.777,1486.949,1583.791,1554.115,1542.926,1530.277,1520.547,1507.898,1500.601,1489.412,1479.439,1473.479,1468.979,1465.452,1463.536,1461.773,1460.534,1459.591,1554.602,1542.439,1521.52,1000,1000,1000,1000,1000,1000,1000,1000,1000,1000,1000,1000,1000,1000,1000,1000,1000,1000,1000,1000,1000,1000,1000,1000,1000,1000,1000,1000,1000,1000,1000,1000,1000,1000,1000,1000,1000,1000,1000,1000,1000,1000,1000,1000,1000,1000,1000,1000,1000
1179.843,1180.238,1181.021,1182.039,1183.165,1183.955,1185.415,1186.205,1187.3,1188.759,1191.192,1192.043,1194.232,1195.57,1198.489,1199.584,1202.867,1206.881,1211.138,1216.003,1216.976,1222.327,1226.462,1231.084,1237.408,1243.246,1245.679,1250.057,1254.436,1259.301,1263.679,1270.976,1280.706,1286.544,1294.815,1303.571,1192.841,1192.993,1193.244,1193.647,1194.354,1195.175,1196.057,1197.09,1198.094,1198.854,1199.644,1200.922,1202.624,1204.813,1207.489,1209.192,1211.746,1213.57,1216.854,1219.53,1221.841,1225.246,1228.895,1232.3,1235.949,1238.381,1242.76,1245.436,1251.03,1253.949,1260.76,1266.111,1271.949,1280.706,1285.571,1297.247,1302.112,1314.274,1208.371,1208.599,1208.766,1208.865,1209.154,1209.663,1210.013,1210.986,1212.05,1213.145,1214.209,1216.489,1218.496,1220.077,1224.03,1225.854,1228.773,1232.057,1234.611,1235.098,1238.381,1239.354,1241.787,1246.165,1249.571,1256.382,1260.274,1267.084,1270.003,1276.814,1282.652,1286.544,1293.842,1297.247,1302.112,1310.869,1319.626,1324.977,1331.788,1224.015,1224.167,1224.334,1224.782,1225.406,1226.098,1227.055,1227.466,1229.047,1229.412,1231.388,1232.543,1235.098,1236.496,1238.017,1239.963,1241.422,1244.706,1246.409,1249.328,1251.638,1255.409,1257.355,1265.139,1271.949,1279.977,1286.544,1294.328,1299.193,1304.058,1307.463,1310.869,1316.707,1326.437,1329.356,1339.572,1343.464,1239.468,1239.544,1239.947,1240.229,1240.974,1242,1243.186,1244.098,1245.557,1246.773,1247.442,1250.118,1252.368,1255.165,1258.449,1261.49,1264.409,1265.747,1269.517,1274.139,1276.814,1279.49,1000,1000,1000,1000,1000,1000,1000,1000,1263.679,1256.823,1254.998,1324.977,1311.355,1304.058,1306.49,1310.382,1313.788,1323.031,1328.383,1338.112,1337.139,1346.869,1350.761,1357.086,1255.226,1255.621,1256.062,1256.823,1257.339,1257.811,1258.753,1260.03,1261.125,1263.193,1264.409,1263.01,1000,1000,1000,1000,1140.596,1136.218,1134.272,1133.786,1133.786,1135.245,1136.218,1136.704,1139.623,1141.083,1142.056,1142.056,1143.029,1141.083,1141.083,1140.596,1141.083,1140.596,1139.623,1138.65,1136.218,1132.813,1128.921,1125.515,1121.137,1117.245,1115.299,1111.65,1109.704,1107.758,1107.028,1105.326,1105.326,1104.596,1103.38,1102.65,1102.65,1102.65,1102.163,1102.163,1102.163,1102.163,1102.163,1102.65,1103.38,1104.109,1105.326,1105.812,1106.542,1107.028,1108.488,1108.488,1109.704,1111.164,1112.38,1113.109,1114.569,1116.758,1116.029,1117.245,1117.245,1117.245,1116.758,1116.758,1116.758,1117.245,1118.218,1119.677,1119.677,1120.164,1120.164,1119.677,1119.677,1119.677,1119.677,1119.677,1120.164,1120.164,1120.164,1121.137,1121.137,1121.137,1121.137,1121.623,1121.623,1121.623,1122.596,1125.029,1126.975,1126.975,1129.407,1129.407,1131.839,1131.839,1133.786,1131.839,1134.272,1132.813,1134.272,1135.245,1135.245,1135.245,1137.677,1140.596,1144.975,1152.272,1162.002,1180.002,1068.808,1070.101,1072.092,1073.552,1074.677,1074.92,1075.285,1075.285,1075.71,1076.197,1076.866,1078.082,1079.967,1083.312,1000,1000,1140.923,1140.809,1140.612,1140.703,1140.703,1140.657,1140.703,1141.395,1142.01,1143.652,1143.242,1144.245,1000,1000,1000,1000,1000,1000,1000,1000,1000,1000,1000,1000,1000,1185.11,1183.408,1180.246,1180.246,1180.246,1179.759,1179.273,1182.678,1183.408,1182.192,1000,1000,1000,1000,1000,1000,1000,1000,1000,1000,1000,1000,1000,1000,1000,1000,1000,1000,1487.466,1487.466,1491.358,1500.115,1498.412,1505.466,1519.088,1536.115,1544.872,1565.791,1578.926,1486.569,1486.835,1488.804,1492.3,1498.108,1501.696,1505.588,1509.115,1516.655,1000,1537.818,1552.169,1577.467,1000,1509.958,1511.372,1513.387,1514.77,1517.932,1521.155,1522.311,1525.412,1530.034,1535.872,1537.696,1541.953,1543.412,1543.412,1538.061,1535.385,1530.764,1525.412,1520.365,1517.263,1513.828,1511.129,1510.262,1600.332,1578.44,1563.359,1547.791,1533.439,1520.061,1510.696,1503.398,1496.223,1493.486,1489.503,1487.633,1486.759,1578.926,1565.791,1548.277,1530.277,1523.953,1517.628,1518.115,1524.926,1546.331,1563.845,1583.791,1486.569,1487.04,1487.04,1000,1000,1000,1000,1699.09,1679.63,1666.981,1000,1000,1000,1000,1000,1000,1000,1000,1000,1000,1000,1000,1000,1000,1000,1000,1000,1000,1000,1000,1000,1000,1000,1000,1000,1000,1000,1000,1000,1000,1000,1000,1000,1000,1000,1000,1000,1632.927,1621.738,1616.265,1609.94,1603.433,1000,1000,1000,1000,1664.063,1640.224,1625.63,1619.062,1605.197,1596.44,1592.183,1584.886,1575.095,1572.602,1568.771,1565.951,1564.636,1659.684,1637.792,1623.684,1605.683,1594.737,1578.44,1566.277,1556.183,1550.406,1544.081,1541.375,1538.791,1537.734,1537.202,1619.305,1595.467,1582.818,1567.494,1547.304,1535.872,1529.669,1522.311,1517.02,1514.77,1512.854,1511.547,1510.186,1602.278,1575.521,1564.332,1546.818,1533.926,1523.953,1521.277,1508.263,1502.06,1496.223,1491.236,1489.26,1488.112,1487.701,1486.911,1581.845,1559.953,1546.331,1527.845,1516.169,1505.466,1496.223,1487.101,1478.709,1472.263,1468.006,1465.452,1463.536,1461.666,1460.534,1459.591,1548.764,1534.656,1513.736,1000,1000,1000,1000,1000,1000,1000,1000,1000,1000,1000,1000,1000,1000,1000,1000,1000,1000,1000,1000,1000,1000,1000,1000,1000,1000,1000,1000,1000,1000,1000,1000,1000,1000,1000,1000,1000,1000,1000,1000,1000,1000,1000,1000,1000,1000,1000,1000,1000
1179.675,1180.094,1180.648,1181.675,1182.86,1183.955,1185.415,1186.874,1188.029,1189.002,1191.496,1192.347,1194.597,1195.935,1198.124,1199.948,1203.719,1208.705,1212.111,1214.3,1217.462,1222.814,1225.246,1228.408,1233.76,1238.868,1241.787,1247.625,1253.463,1258.328,1266.111,1271.949,1278.76,1286.544,1295.788,1192.651,1192.841,1193.107,1193.404,1193.86,1194.552,1195.296,1195.92,1196.634,1197.242,1198.276,1198.459,1200.253,1201.895,1203.962,1206.577,1208.827,1211.381,1212.841,1215.638,1217.705,1219.53,1223.3,1225.733,1230.598,1234.733,1238.868,1243.49,1247.382,1250.301,1255.409,1258.328,1267.084,1270.976,1279.247,1283.625,1295.301,1301.139,1311.355,1208.257,1208.523,1208.675,1208.766,1209.154,1209.587,1210.119,1211.107,1212.05,1213.327,1214.604,1216.489,1218.496,1220.381,1224.395,1226.219,1229.138,1231.571,1235.098,1234.611,1236.922,1239.354,1241.3,1245.192,1248.354,1254.436,1258.328,1266.598,1271.463,1276.814,1283.625,1289.463,1290.923,1296.274,1303.085,1308.923,1313.788,1323.031,1329.842,1223.825,1223.863,1224.167,1224.486,1225.155,1225.778,1226.918,1227.466,1228.378,1229.412,1230.598,1232.057,1234.064,1235.098,1237.713,1239.963,1242.152,1245.192,1246.409,1249.814,1250.665,1253.949,1257.355,1262.949,1269.517,1277.058,1283.625,1290.923,1296.76,1303.085,1305.031,1310.869,1313.788,1325.464,1331.302,1340.545,1343.464,1239.43,1239.544,1239.856,1240.054,1240.882,1241.559,1242.76,1244.098,1244.979,1246.53,1247.442,1249.875,1252.672,1255.895,1259.179,1261.125,1263.193,1264.895,1268.544,1271.949,1274.139,1276.814,1280.22,1000,1000,1000,1000,1000,1000,1000,1264.652,1258.191,1255.515,1335.193,1311.355,1303.571,1304.058,1306.004,1314.761,1319.626,1324.977,1331.302,1337.139,1343.95,1352.221,1359.032,1255.188,1255.621,1255.918,1256.625,1256.914,1257.932,1257.932,1259.848,1260.03,1262.098,1262.767,1261.916,1000,1000,1000,1000,1141.083,1136.704,1135.245,1133.786,1133.786,1133.786,1134.272,1135.245,1136.704,1138.65,1140.596,1141.083,1142.056,1141.083,1140.596,1140.596,1140.596,1140.596,1139.623,1139.623,1136.218,1132.813,1128.921,1124.056,1121.137,1117.245,1115.299,1112.38,1111.164,1109.218,1107.758,1105.812,1105.812,1104.596,1104.109,1104.109,1104.109,1104.109,1103.38,1103.38,1103.38,1103.38,1103.38,1104.109,1104.596,1105.326,1106.542,1107.028,1107.758,1108.488,1109.218,1109.704,1111.164,1111.65,1113.109,1114.569,1116.029,1117.245,1118.218,1118.704,1118.704,1118.704,1117.245,1118.218,1117.245,1118.218,1118.704,1119.677,1120.164,1120.164,1120.164,1120.164,1120.164,1120.164,1120.164,1121.137,1121.137,1121.623,1121.137,1121.623,1121.623,1121.623,1121.623,1122.596,1122.596,1122.596,1124.056,1125.515,1126.975,1127.948,1129.407,1130.38,1132.813,1131.839,1133.786,1132.813,1132.813,1129.407,1131.839,1134.272,1133.786,1134.272,1138.65,1142.056,1148.38,1156.164,1166.867,1068.147,1068.702,1070.313,1072.548,1073.734,1074.677,1075.102,1075.528,1075.71,1075.954,1076.379,1077.109,1078.386,1079.967,1084.285,1000,1000,1140.984,1140.809,1140.703,1140.756,1140.703,1140.703,1140.756,1141.25,1141.813,1142.877,1142.877,1000,1000,1000,1000,1000,1000,1000,1000,1000,1000,1000,1000,1000,1000,1185.11,1182.678,1179.759,1179.759,1179.759,1179.273,1179.273,1182.678,1185.11,1185.11,1000,1000,1000,1000,1000,1000,1000,1000,1000,1000,1000,1000,1000,1000,1000,1000,1000,1000,1000,1000,1492.817,1503.033,1506.196,1512.034,1532.709,1548.277,1554.115,1570.656,1486.797,1486.645,1486.994,1000,1491.935,1495.493,1499.506,1503.398,1509.844,1000,1000,1000,1554.602,1579.413,1590.116,1509.92,1511.053,1513.676,1514.77,1518.844,1521.703,1524.682,1527.115,1534.534,1536.723,1540.493,1540.493,1544.142,1542.926,1539.52,1534.534,1530.764,1523.77,1518.844,1515.652,1513.828,1511.129,1510.49,1609.089,1583.305,1563.359,1549.737,1532.709,1518.601,1509.844,1504.858,1497.56,1495.006,1490.78,1488.287,1486.835,1580.872,1561.899,1542.926,1528.818,1520.547,1515.439,1518.115,1523.466,1541.466,1556.061,1576.007,1580.872,1486.949,1000,1000,1000,1000,1000,1683.522,1672.819,1657.252,1000,1000,1000,1000,1000,1000,1000,1000,1000,1000,1000,1000,1000,1000,1000,1000,1000,1000,1000,1000,1000,1000,1000,1000,1000,1000,1000,1000,1000,1000,1000,1000,1000,1000,1000,1000,1000,1632.441,1619.427,1613.711,1609.21,1602.886,1000,1000,1000,1000,1680.117,1646.549,1624.657,1614.44,1599.602,1591.21,1588.17,1580.872,1573.332,1571.507,1567.463,1565.266,1564.56,1656.765,1641.684,1623.684,1606.656,1589.143,1575.521,1562.142,1555.088,1549.554,1544.933,1540.767,1538.456,1537.316,1627.576,1607.629,1592.548,1579.413,1567.494,1547.304,1540.007,1531.25,1523.466,1000,1514.588,1512.155,1510.985,1609.089,1594.981,1573.575,1565.791,1549.737,1536.601,1524.926,1521.277,1508.263,1502.06,1497.013,1492.118,1489.761,1488.021,1487.489,1486.683,1576.98,1555.088,1544.872,1525.899,1517.628,1504.979,1496.709,1486.614,1480.168,1473.175,1468.736,1465.817,1463.992,1461.56,1460.534,1459.629,1553.629,1533.682,1516.169,1000,1000,1000,1000,1000,1000,1000,1000,1000,1000,1000,1000,1000,1000,1000,1000,1000,1000,1000,1000,1000,1000,1000,1000,1000,1000,1000,1000,1000,1000,1000,1000,1000,1000,1000,1000,1000,1000,1000,1000,1000,1000,1000,1000,1000,1000,1000,1000,1000
1179.675,1180.094,1180.732,1181.918,1183.165,1183.955,1185.019,1186.448,1187.543,1189.307,1190.888,1192.043,1193.867,1194.84,1198.124,1199.948,1204.57,1209.678,1212.597,1214.786,1218.192,1223.3,1224.03,1227.679,1232.3,1238.868,1242.273,1247.138,1253.463,1257.355,1264.652,1270.003,1281.679,1289.463,1298.707,1303.571,1192.803,1192.993,1193.198,1193.525,1193.936,1194.962,1195.783,1196.786,1197.09,1198.094,1198.276,1200.253,1201.651,1203.962,1205.969,1207.854,1210.286,1212.476,1214.786,1217.341,1220.016,1223.3,1225.246,1228.895,1232.787,1238.381,1242.76,1246.652,1248.841,1254.436,1258.328,1264.652,1268.544,1276.328,1282.652,1288.49,1296.274,1309.409,1316.22,1208.371,1208.637,1208.812,1209.215,1209.838,1210.423,1211.229,1212.202,1213.145,1215.395,1216.489,1218.496,1220.381,1223.422,1224.76,1228.043,1229.989,1232.908,1233.273,1236.435,1239.354,1241.3,1245.679,1250.301,1253.219,1257.598,1264.409,1269.517,1272.922,1281.193,1287.517,1290.923,1296.274,1303.085,1307.95,1311.842,1322.058,1330.815,1223.787,1224.015,1224.334,1224.722,1225.155,1226.098,1226.797,1228.074,1228.53,1229.594,1231.206,1232.3,1234.307,1235.949,1237.713,1240.327,1242.152,1245.192,1247.138,1249.328,1250.179,1255.409,1257.355,1261.733,1267.084,1274.625,1283.625,1290.436,1295.788,1301.625,1306.004,1310.869,1315.734,1324.491,1330.328,1339.572,1345.41,1239.468,1239.544,1239.856,1240.054,1240.563,1241.148,1242,1243.186,1244.28,1245.344,1247.442,1249.632,1252.368,1255.895,1258.449,1259.909,1262.706,1264.409,1268.057,1270.49,1275.112,1276.328,1000,1000,1000,1000,1000,1000,1000,1000,1265.99,1258.601,1255.857,1342.977,1315.247,1302.599,1302.112,1306.49,1309.896,1317.193,1323.031,1329.356,1336.167,1343.95,1352.221,1358.059,1255.074,1255.568,1255.735,1256.541,1256.716,1257.446,1257.811,1259.361,1259.848,1261.733,1262.341,1261.733,1000,1000,1000,1000,1144.002,1138.65,1135.245,1133.786,1133.786,1133.786,1134.272,1134.272,1136.218,1138.65,1139.623,1140.596,1141.083,1140.596,1139.623,1139.623,1139.623,1139.623,1138.65,1137.677,1135.245,1131.839,1126.975,1124.056,1120.164,1118.218,1115.299,1112.38,1111.164,1109.218,1107.758,1106.542,1105.812,1105.326,1104.596,1104.596,1104.596,1104.596,1104.109,1104.109,1104.109,1103.38,1104.596,1104.596,1105.326,1105.812,1107.028,1107.758,1109.218,1110.434,1111.164,1111.65,1112.38,1113.109,1114.569,1116.029,1117.245,1118.218,1119.677,1120.164,1119.677,1119.677,1118.704,1118.218,1118.704,1119.677,1120.164,1121.137,1121.623,1121.623,1122.596,1122.596,1122.596,1122.596,1122.596,1122.596,1122.596,1122.596,1122.596,1123.083,1123.083,1123.083,1123.083,1123.083,1123.083,1123.083,1125.029,1125.515,1128.921,1128.921,1131.353,1129.407,1131.353,1130.38,1129.407,1130.38,1130.38,1129.407,1131.353,1135.245,1135.245,1137.677,1141.083,1144.975,1149.353,1160.056,1169.786,1068.147,1068.862,1070.313,1072.244,1073.734,1075.102,1075.285,1075.954,1076.197,1076.623,1077.109,1078.082,1079.177,1080.575,1085.38,1000,1000,1140.809,1140.703,1140.612,1140.657,1140.657,1140.612,1140.657,1141.106,1141.638,1142.208,1141.638,1000,1000,1000,1000,1000,1000,1000,1000,1000,1000,1000,1000,1000,1000,1183.408,1180.975,1179.273,1179.273,1179.273,1178.543,1178.543,1180.975,1182.192,1183.894,1000,1000,1000,1000,1000,1000,1000,1000,1000,1000,1000,1000,1000,1000,1000,1000,1000,1000,1000,1000,1000,1000,1000,1521.034,1000,1556.061,1569.683,1581.845,1487.04,1486.835,1486.949,1487.937,1489.26,1491.418,1495.493,1500.723,1507.412,1520.79,1000,1548.277,1556.061,1576.494,1585.251,1509.844,1510.84,1512.854,1513.828,1517.446,1000,1000,1000,1000,1536.723,1539.52,1540.007,1544.629,1542.439,1539.52,1534.534,1529.669,1521.155,1517.263,1514.77,1513.387,1000,1510.346,1603.251,1000,1000,1547.791,1000,1518.115,1509.844,1503.033,1497.256,1494.581,1490.78,1488.021,1487.04,1581.845,1562.872,1545.845,1531.25,1522.493,1516.898,1518.115,1527.358,1545.845,1559.953,1580.872,1486.569,1487.04,1486.835,1000,1000,1000,1000,1681.576,1674.279,1660.171,1000,1000,1000,1000,1000,1000,1000,1000,1000,1000,1000,1000,1000,1000,1000,1000,1000,1000,1000,1000,1000,1000,1000,1000,1000,1000,1000,1000,1000,1000,1000,1000,1000,1000,1000,1000,1000,1635.359,1623.197,1614.197,1607.386,1000,1000,1000,1000,1000,1675.738,1638.765,1620.521,1611.765,1595.467,1590.359,1586.102,1578.926,1572.845,1571.507,1566.855,1565.145,1564.446,1650.927,1630.981,1612.981,1597.413,1584.035,1572.845,1560.926,1555.453,1550.406,1544.264,1540.098,1538.228,1633.413,1619.305,1601.792,1588.17,1576.98,1563.845,1545.602,1537.696,1528.939,1000,1000,1513.387,1511.942,1510.909,1608.116,1599.359,1576.494,1561.899,1547.791,1537.818,1525.655,1521.277,1511.547,1505.952,1497.56,1493.06,1490.324,1487.937,1487.139,1486.683,1576.007,1559.953,1552.169,1532.223,1522.007,1507.898,1496.709,1486.128,1479.803,1473.175,1469.526,1466.242,1463.992,1461.56,1460.123,1558.494,1544.385,1522.98,1508.871,1000,1000,1000,1000,1000,1000,1000,1000,1000,1000,1000,1000,1000,1000,1000,1000,1000,1000,1000,1000,1000,1000,1000,1000,1000,1000,1000,1000,1000,1000,1000,1000,1000,1000,1000,1000,1000,1000,1000,1000,1000,1000,1000,1000,1000,1000,1000,1000,1000
1179.622,1180.17,1180.823,1181.675,1182.708,1183.621,1185.019,1186.023,1187.3,1189.002,1190.34,1191.496,1193.259,1195.205,1197.759,1200.8,1204.084,1207.732,1211.624,1214.786,1216.976,1220.381,1223.3,1225.976,1229.868,1233.76,1237.895,1243.733,1251.03,1256.868,1263.679,1270.003,1279.733,1284.598,1295.788,1303.571,1192.803,1192.993,1193.198,1193.525,1194.095,1194.552,1195.175,1195.92,1196.786,1197.242,1197.911,1199.036,1200.496,1203.719,1205.117,1207.489,1209.922,1212.111,1213.57,1216.003,1218.678,1220.868,1223.3,1228.895,1231.814,1238.381,1240.814,1245.922,1248.111,1252.976,1255.409,1263.679,1268.544,1275.355,1279.733,1286.544,1296.274,1305.517,1315.247,1208.295,1208.599,1208.865,1209.215,1209.587,1210.743,1211.351,1212.202,1213.327,1215.395,1216.489,1218.192,1220.077,1223.422,1223.787,1226.949,1228.408,1231.206,1232.422,1236.435,1239.841,1242.517,1246.652,1251.517,1254.436,1259.057,1263.679,1268.544,1272.922,1279.247,1284.112,1287.517,1292.869,1300.166,1305.031,1312.815,1319.626,1327.896,1223.863,1224.053,1224.167,1224.486,1225.155,1226.31,1227.055,1228.378,1228.895,1230.172,1231.388,1232.543,1233.516,1235.402,1237.104,1239.598,1241.422,1244.706,1246.409,1248.841,1250.665,1254.922,1255.895,1261.247,1266.355,1273.895,1282.166,1288.49,1295.788,1299.68,1303.085,1308.436,1314.761,1322.545,1328.383,1338.599,1345.41,1239.506,1239.544,1239.947,1240.054,1240.563,1241.148,1241.772,1242.76,1243.946,1245.557,1246.773,1249.632,1252.368,1255.895,1258.449,1259.909,1262.706,1263.557,1267.206,1270.003,1272.922,1276.328,1000,1000,1000,1000,1000,1000,1000,1000,1262.767,1258.191,1255.796,1342.977,1317.68,1303.571,1301.139,1307.95,1311.355,1313.788,1323.031,1330.328,1334.22,1343.95,1352.221,1358.059,1255.15,1255.469,1255.568,1256.45,1256.45,1257.568,1257.932,1259.513,1260.03,1261.125,1261.49,1260.912,1000,1000,1000,1000,1146.434,1140.596,1136.704,1136.218,1135.245,1135.245,1134.272,1135.245,1136.218,1137.677,1138.65,1139.623,1139.623,1139.623,1138.65,1139.623,1139.623,1139.623,1138.65,1137.677,1135.245,1131.839,1127.948,1123.083,1120.164,1117.245,1115.299,1113.109,1111.65,1110.434,1109.218,1107.758,1106.542,1105.812,1104.596,1104.596,1104.596,1104.596,1104.109,1104.596,1104.596,1105.326,1105.812,1106.542,1107.028,1107.758,1108.488,1108.488,1110.434,1111.164,1112.38,1113.109,1114.569,1114.569,1115.299,1116.029,1116.758,1118.218,1119.677,1120.164,1120.164,1121.137,1120.164,1120.164,1120.164,1121.137,1121.623,1122.596,1123.083,1123.083,1124.056,1125.029,1125.029,1125.029,1124.056,1123.083,1123.083,1123.083,1123.083,1123.083,1124.056,1125.029,1125.029,1125.029,1125.029,1126.488,1126.488,1128.921,1131.353,1131.353,1131.353,1128.921,1128.921,1129.407,1127.948,1128.921,1130.38,1128.921,1129.407,1134.272,1134.272,1137.677,1140.596,1145.461,1150.326,1165.894,1174.164,1068.185,1068.808,1070.101,1072.396,1073.734,1075.102,1075.528,1076.197,1076.379,1077.109,1077.352,1078.082,1079.177,1080.575,1085.38,1000,1000,1140.657,1140.657,1140.566,1140.612,1140.612,1140.612,1140.657,1141.174,1141.638,1142.101,1141.904,1000,1000,1000,1000,1000,1000,1000,1000,1000,1000,1000,1000,1000,1000,1182.678,1180.246,1179.273,1179.273,1178.543,1178.543,1178.056,1179.273,1179.273,1182.678,1000,1000,1000,1000,1000,1000,1000,1000,1000,1000,1000,1000,1000,1000,1000,1000,1000,1000,1000,1000,1000,1527.358,1533.682,1539.52,1555.088,1561.899,1573.088,1486.721,1487.633,1487.428,1488.021,1489.503,1490.035,1492.483,1495.25,1502.06,1000,1521.277,1000,1000,1549.25,1564.332,1575.521,1595.954,1510.224,1511.638,1512.976,1515.469,1000,1000,1000,1000,1539.52,1542.439,1542.926,1545.602,1541.953,1539.52,1534.047,1529.669,1521.155,1517.02,1514.588,1513.113,1511.053,1510.658,1000,1585.251,1565.791,1546.818,1000,1519.574,1511.547,1502.304,1495.979,1492.483,1489.381,1487.086,1486.645,1570.656,1556.061,1542.926,1533.682,1522.493,1517.628,1517.628,1523.466,1535.142,1554.115,1570.656,1486.569,1486.873,1486.797,1000,1000,1000,1713.198,1675.252,1665.036,1654.819,1000,1000,1000,1000,1000,1000,1000,1000,1000,1000,1000,1000,1000,1000,1000,1000,1000,1000,1000,1000,1000,1000,1000,1000,1000,1000,1000,1000,1000,1000,1000,1000,1000,1000,1000,1000,1000,1625.143,1619.792,1611.4,1606.778,1601.852,1599.177,1000,1000,1000,1000,1640.224,1621.981,1608.602,1600.089,1593.521,1588.535,1581.602,1575.642,1572.602,1567.099,1565.266,1564.37,1643.63,1619.305,1600.332,1588.413,1576.737,1570.169,1559.71,1555.088,1549.554,1544.081,1539.976,1538.084,1537.278,1616.386,1601.792,1588.17,1579.413,1561.899,1547.304,1537.696,1528.574,1521.703,1000,1513.828,1512.368,1511.053,1509.958,1599.359,1578.44,1562.386,1550.71,1539.277,1529.061,1522.25,1512.885,1507.047,1498.655,1494.581,1491.418,1488.393,1487.367,1486.911,1573.088,1557.034,1551.196,1531.25,1520.547,1507.898,1496.223,1485.641,1478.709,1472.263,1468.736,1465.634,1463.232,1461.56,1460.002,1560.44,1544.385,1524.926,1509.358,1506.439,1000,1000,1000,1000,1000,1000,1000,1000,1000,1000,1000,1000,1000,1000,1000,1000,1000,1000,1000,1000,1000,1000,1000,1000,1000,1000,1000,1000,1000,1000,1000,1000,1000,1000,1000,1000,1000,1000,1000,1000,1000,1000,1000,1000,1000,1000,1000,1000
1179.675,1179.843,1180.732,1181.675,1182.572,1183.621,1184.472,1185.597,1186.023,1187.543,1188.759,1190.097,1192.651,1194.84,1198.489,1200.8,1204.57,1206.881,1211.624,1213.327,1216.489,1219.895,1222.814,1226.462,1231.814,1235.949,1240.814,1245.679,1253.463,1255.895,1264.652,1270.976,1281.679,1289.463,1297.734,1303.571,1192.841,1192.917,1193.107,1193.244,1193.791,1194.445,1195.068,1195.661,1196.938,1197.577,1198.094,1199.644,1201.165,1202.928,1205.361,1207.246,1209.192,1211.016,1213.57,1215.638,1218.678,1221.841,1224.273,1227.922,1231.814,1236.922,1240.814,1245.436,1248.111,1252.49,1255.895,1263.193,1266.111,1273.895,1278.274,1286.544,1294.328,1303.085,1311.355,1208.257,1208.523,1208.865,1209.359,1209.747,1210.53,1211.229,1211.898,1213.145,1214.786,1216.064,1217.949,1219.287,1222.449,1222.814,1225.125,1227.314,1230.354,1231.571,1236.922,1240.327,1243.49,1247.868,1252.003,1255.165,1257.598,1262.949,1266.598,1269.517,1275.355,1281.679,1285.085,1292.869,1297.247,1304.058,1309.896,1317.68,1324.977,1332.761,1223.977,1224.205,1224.661,1225.071,1226.204,1227.618,1228.895,1229.412,1230.598,1231.206,1232.543,1233.273,1235.098,1237.104,1238.625,1240.692,1243.246,1245.922,1248.841,1251.152,1254.922,1257.355,1260.76,1265.868,1271.22,1282.166,1288.004,1295.788,1298.22,1304.058,1306.49,1311.842,1319.626,1325.464,1336.653,1340.545,1239.544,1239.658,1240.054,1240.107,1240.563,1241.057,1241.878,1242.486,1243.338,1245.162,1246.53,1248.598,1251.213,1253.584,1256.26,1258.084,1261.976,1264.409,1268.057,1270.49,1273.652,1277.787,1000,1000,1000,1000,1000,1000,1000,1000,1000,1257.568,1255.378,1341.031,1317.193,1306.004,1301.139,1304.058,1307.95,1314.761,1319.626,1325.95,1334.22,1345.896,1353.194,1362.924,1255.188,1255.469,1255.675,1256.131,1256.625,1257.339,1257.811,1259.361,1260.182,1262.098,1261.49,1261.49,1000,1000,1000,1000,1148.38,1142.056,1138.65,1136.704,1135.245,1135.245,1135.245,1136.218,1136.218,1137.677,1138.65,1138.65,1138.65,1139.623,1138.65,1138.65,1138.65,1138.65,1137.677,1136.704,1133.786,1131.353,1126.975,1123.083,1120.164,1118.218,1116.029,1113.839,1113.109,1111.65,1110.434,1108.488,1107.758,1107.028,1106.542,1106.542,1105.812,1105.812,1105.812,1106.542,1105.812,1106.542,1107.758,1108.488,1109.218,1109.218,1109.704,1109.704,1111.65,1113.109,1114.569,1115.299,1116.029,1116.758,1117.245,1118.218,1118.218,1118.704,1119.677,1120.164,1121.137,1121.623,1121.137,1121.137,1121.623,1121.623,1121.623,1123.083,1124.056,1125.029,1125.515,1126.488,1125.515,1125.515,1125.029,1125.029,1124.056,1124.056,1124.056,1124.056,1125.029,1126.488,1126.488,1126.488,1126.975,1127.948,1129.407,1130.38,1133.786,1132.813,1131.353,1130.38,1127.948,1127.948,1126.488,1130.38,1131.839,1131.353,1132.813,1137.677,1137.677,1141.083,1144.002,1150.326,1160.056,1167.84,1176.11,1068.261,1068.808,1069.903,1072.548,1074.099,1075.285,1075.71,1076.197,1076.379,1077.109,1077.109,1078.082,1078.873,1080.819,1087.204,1000,1000,1140.49,1140.528,1140.49,1140.49,1140.528,1140.528,1140.612,1140.984,1141.554,1142.634,1143.12,1000,1000,1000,1000,1000,1000,1000,1000,1000,1000,1000,1000,1000,1000,1182.678,1180.975,1178.543,1178.543,1178.543,1178.543,1178.056,1178.543,1177.083,1179.273,1000,1000,1000,1000,1000,1000,1000,1000,1000,1000,1000,1000,1000,1000,1000,1000,1000,1000,1000,1000,1000,1528.818,1538.547,1540.493,1555.088,1558.98,1569.683,1000,1000,1486.759,1000,1489.503,1489.761,1492.3,1495.493,1500.419,1000,1000,1000,1000,1000,1000,1000,1604.224,1510.779,1512.368,1513.979,1515.834,1000,1000,1000,1537.21,1539.52,1540.493,1540.493,1542.926,1536.723,1534.899,1530.034,1527.845,1520.912,1517.689,1514.588,1512.854,1510.658,1509.958,1593.035,1568.71,1553.629,1537.331,1528.574,1515.682,1508.628,1501.331,1495.25,1491.935,1489.761,1487.192,1581.845,1565.791,1551.196,1535.142,1528.818,1523.466,1518.115,1517.628,1523.466,1537.088,1546.331,1559.953,1577.953,1486.493,1575.034,1000,1000,1000,1709.306,1677.198,1666.009,1658.711,1000,1000,1000,1000,1000,1000,1000,1000,1000,1000,1000,1000,1000,1000,1000,1000,1000,1000,1000,1000,1000,1000,1000,1000,1000,1000,1000,1000,1000,1000,1000,1000,1000,1000,1000,1000,1000,1624.657,1620.765,1614.927,1608.846,1602.096,1597.565,1594.844,1593.567,1000,1000,1646.549,1621.251,1607.629,1600.575,1591.697,1587.683,1580.507,1575.399,1570.717,1566.125,1564.598,1650.927,1634.873,1613.954,1597.413,1587.926,1578.44,1568.71,1560.075,1555.088,1548.703,1542.896,1539.733,1537.962,1537.164,1614.44,1601.792,1586.71,1575.521,1559.953,1547.304,1535.872,1527.48,1522.007,1518.844,1514.132,1512.368,1510.719,1509.882,1596.927,1581.359,1564.332,1553.142,1538.547,1529.061,1522.736,1513.858,1508.263,1500.723,1495.736,1491.236,1488.393,1487.192,1486.759,1572.115,1558.007,1549.25,1531.25,1516.169,1503.033,1492.331,1483.452,1477.249,1470.864,1467.763,1464.692,1462.381,1460.617,1459.667,1554.602,1539.52,1522.98,1513.736,1000,1000,1000,1000,1000,1000,1000,1000,1000,1000,1000,1000,1000,1000,1000,1000,1000,1000,1000,1000,1000,1000,1000,1000,1000,1000,1000,1000,1000,1000,1000,1000,1000,1000,1000,1000,1000,1000,1000,1000,1000,1000,1000,1000,1000,1000,1000,1000,1000
1179.577,1179.843,1180.398,1181.553,1182.86,1183.469,1184.837,1185.597,1186.023,1187.3,1188.516,1190.644,1192.955,1194.597,1197.394,1199.584,1203.232,1205.908,1209.192,1212.111,1215.273,1219.165,1222.327,1226.462,1230.354,1233.76,1237.895,1240.814,1247.625,1254.922,1261.733,1268.057,1277.787,1286.544,1296.76,1298.707,1192.765,1192.917,1193.107,1193.198,1193.791,1194.179,1195.54,1195.418,1196.786,1197.394,1198.276,1199.644,1200.922,1202.928,1204.813,1207.246,1209.557,1211.746,1214.057,1215.638,1219.043,1220.868,1223.3,1227.922,1232.787,1238.381,1242.03,1245.922,1248.841,1252.49,1256.868,1261.247,1266.111,1273.895,1277.301,1284.598,1292.382,1301.139,1310.382,1317.193,1208.447,1208.675,1209.154,1209.587,1210.119,1211.107,1211.898,1212.81,1214.209,1215.638,1217.462,1219.53,1221.537,1222.814,1225.854,1226.584,1229.138,1230.354,1235.098,1238.381,1241.787,1247.382,1252.003,1255.165,1258.328,1264.409,1267.084,1270.003,1274.868,1279.247,1281.679,1288.49,1296.274,1301.139,1308.923,1319.626,1327.896,1332.761,1223.901,1224.129,1224.38,1225.071,1225.991,1227.77,1228.53,1229.412,1230.172,1231.206,1232.3,1233.76,1234.854,1237.408,1238.381,1239.963,1242.881,1245.192,1247.138,1249.328,1254.922,1256.868,1260.03,1266.355,1273.166,1282.652,1288.004,1296.76,1299.193,1302.112,1306.004,1311.842,1316.707,1321.572,1333.248,1339.572,1239.468,1239.544,1239.947,1240.107,1240.563,1241.255,1242.243,1243.642,1244.098,1246.165,1246.956,1248.841,1250.969,1253.949,1256.99,1258.814,1262.341,1264.895,1266.233,1268.544,1271.463,1273.652,1273.652,1000,1000,1000,1000,1000,1000,1000,1000,1257.446,1255.568,1341.031,1319.626,1307.463,1300.652,1302.112,1307.95,1313.788,1319.626,1326.437,1336.167,1342.977,1353.194,1254.922,1255.15,1255.424,1255.621,1256.062,1256.366,1257.568,1258.464,1259.848,1260.547,1262.341,1262.524,1000,1000,1000,1000,1000,1150.326,1143.029,1139.623,1136.704,1136.704,1136.704,1136.704,1136.704,1136.704,1137.677,1138.65,1139.623,1139.623,1139.623,1139.623,1138.65,1138.65,1137.677,1136.704,1136.218,1133.786,1130.38,1126.488,1121.623,1119.677,1118.218,1115.299,1113.839,1113.109,1111.65,1111.164,1109.704,1109.218,1109.218,1107.758,1107.758,1107.028,1107.028,1106.542,1107.028,1107.028,1107.758,1109.218,1109.704,1109.704,1111.164,1111.65,1111.65,1113.109,1114.569,1116.029,1117.245,1118.218,1118.218,1118.704,1119.677,1118.704,1119.677,1120.164,1121.137,1121.623,1122.596,1122.596,1122.596,1122.596,1123.083,1122.596,1124.056,1125.029,1125.515,1126.975,1127.948,1126.975,1127.948,1126.975,1125.515,1125.515,1125.515,1125.515,1126.488,1127.948,1128.921,1127.948,1127.948,1127.948,1128.921,1130.38,1131.839,1133.786,1136.218,1131.839,1128.921,1126.488,1127.948,1126.488,1127.948,1129.407,1130.38,1134.272,1139.623,1140.596,1144.975,1148.38,1157.137,1160.056,1171.245,1180.002,1068.185,1068.755,1070.207,1072.548,1074.312,1075.528,1075.954,1076.379,1076.623,1076.866,1077.109,1077.839,1078.629,1080.575,1086.109,1000,1000,1140.49,1140.49,1140.414,1140.452,1140.414,1140.414,1140.49,1140.862,1141.729,1000,1000,1000,1000,1000,1000,1000,1000,1000,1000,1000,1000,1000,1000,1000,1182.678,1182.192,1179.759,1178.056,1178.543,1178.056,1178.056,1177.57,1179.273,1174.894,1000,1000,1000,1000,1000,1000,1000,1000,1000,1000,1000,1000,1000,1000,1000,1000,1000,1000,1000,1000,1000,1000,1523.466,1533.682,1534.656,1551.196,1554.115,1569.683,1000,1000,1580.872,1000,1000,1488.804,1000,1494.581,1501.331,1509.479,1519.574,1000,1000,1000,1000,1000,1609.089,1510.779,1512.049,1514.132,1515.652,1000,1000,1000,1537.21,1541.466,1541.466,1541.953,1542.439,1536.237,1534.899,1531.615,1528.574,1522.858,1518.844,1514.436,1512.049,1510.224,1596.927,1579.413,1559.953,1546.331,1535.872,1525.655,1513.371,1508.263,1502.304,1495.736,1492.483,1489.625,1487.04,1573.088,1559.953,1541.466,1526.385,1522.493,1520.547,1515.439,1520.547,1524.926,1537.088,1547.304,1562.872,1578.926,1486.797,1486.493,1000,1000,1000,1618.895,1683.522,1668.441,1661.144,1000,1000,1000,1000,1000,1000,1000,1000,1000,1000,1000,1000,1000,1000,1000,1000,1000,1000,1000,1000,1000,1000,1000,1000,1000,1000,1000,1000,1000,1000,1000,1000,1000,1000,1000,1000,1000,1624.17,1619.792,1614.927,1608.481,1601.548,1596.835,1594.342,1592.639,1591.689,1674.765,1642.17,1621.251,1610.062,1605.197,1596.927,1590.724,1583.062,1576.494,1571.325,1566.232,1564.598,1649.954,1634.873,1615.413,1601.792,1594.737,1584.035,1571.872,1564.453,1558.007,1549.798,1544.507,1540.098,1538.084,1537.164,1613.467,1597.9,1585.251,1574.548,1559.223,1549.494,1540.98,1530.034,1522.554,1519.088,1514.284,1512.155,1510.658,1509.92,1600.332,1578.44,1562.386,1553.142,1537.818,1527.358,1521.277,1512.034,1506.317,1499.202,1495.25,1490.932,1488.195,1486.949,1486.531,1565.791,1552.169,1544.872,1531.25,1515.439,1503.033,1492.817,1482.601,1475.79,1470.013,1466.425,1463.232,1461.347,1460.002,1557.521,1545.358,1535.628,1520.547,1514.223,1000,1000,1000,1000,1000,1000,1000,1000,1000,1000,1000,1000,1000,1000,1000,1000,1000,1000,1000,1000,1000,1000,1000,1000,1000,1000,1000,1000,1000,1000,1000,1000,1000,1000,1000,1000,1000,1000,1000,1000,1000,1000,1000,1000,1000,1000,1000,1000,1000
1179.531,1179.843,1180.474,1181.447,1183.012,1183.955,1184.654,1185.232,1185.597,1186.631,1188.029,1190.097,1192.651,1194.84,1197.759,1199.584,1203.232,1204.57,1207.732,1210.165,1213.327,1216.489,1222.814,1226.462,1229.868,1235.219,1241.787,1243.733,1247.625,1253.463,1261.733,1267.084,1276.814,1284.598,1293.842,1296.76,1192.651,1192.689,1193.031,1193.069,1193.791,1194.27,1194.962,1195.92,1196.786,1197.577,1198.459,1199.827,1201.408,1202.928,1204.509,1205.969,1209.192,1212.111,1214.422,1216.489,1219.043,1220.503,1223.3,1227.435,1232.3,1235.949,1242.03,1245.922,1251.517,1254.436,1258.328,1263.193,1265.625,1269.517,1274.868,1287.517,1294.328,1303.085,1311.355,1317.193,1208.447,1208.721,1208.865,1209.427,1209.838,1210.864,1211.488,1212.202,1213.479,1214.604,1216.489,1218.739,1220.685,1222.145,1224.03,1225.854,1227.314,1229.138,1232.908,1237.408,1241.787,1247.868,1251.517,1255.652,1256.868,1263.679,1264.409,1268.057,1271.463,1278.76,1280.22,1289.463,1295.301,1305.031,1308.923,1319.626,1324.977,1331.788,1223.863,1224.129,1224.38,1225.071,1225.991,1227.329,1228.53,1229.229,1229.777,1231.206,1232.543,1233.516,1235.098,1236.496,1237.713,1238.625,1241.787,1243.611,1246.409,1250.179,1254.436,1257.355,1260.03,1268.057,1273.895,1284.112,1290.436,1298.22,1299.68,1305.031,1305.031,1310.382,1314.761,1317.68,1327.41,1336.653,1348.329,1239.506,1239.902,1240.107,1240.639,1241.559,1242.365,1243.49,1244.615,1245.74,1246.956,1248.598,1250.665,1252.368,1254.557,1256.625,1260.76,1263.557,1266.233,1269.517,1271.463,1272.922,1000,1000,1000,1000,1000,1000,1000,1000,1257.568,1256.207,1254.96,1327.41,1318.653,1307.95,1302.599,1303.571,1310.382,1314.761,1321.572,1329.356,1337.139,1342.004,1353.194,1360.978,1255.112,1255.264,1255.568,1255.918,1256.366,1257.02,1258.054,1259.361,1260.182,1262.524,1262.767,1000,1000,1000,1000,1000,1153.245,1144.975,1140.596,1137.677,1136.704,1136.704,1136.704,1137.677,1138.65,1138.65,1138.65,1138.65,1138.65,1138.65,1138.65,1138.65,1138.65,1136.704,1136.218,1134.272,1131.839,1128.921,1126.488,1121.623,1119.677,1118.218,1116.029,1113.839,1113.109,1112.38,1111.65,1110.434,1109.704,1109.704,1108.488,1108.488,1108.488,1108.488,1108.488,1109.218,1109.218,1109.704,1111.164,1111.65,1112.38,1113.109,1113.109,1113.839,1115.299,1116.029,1117.245,1118.704,1119.677,1120.164,1120.164,1121.137,1120.164,1120.164,1121.623,1121.623,1122.596,1124.056,1124.056,1124.056,1124.056,1124.056,1125.029,1125.515,1126.488,1126.975,1126.975,1129.407,1127.948,1128.921,1128.921,1127.948,1126.975,1126.975,1127.948,1128.921,1129.407,1130.38,1130.38,1129.407,1129.407,1130.38,1130.38,1134.272,1134.272,1131.839,1129.407,1128.921,1126.488,1125.515,1125.515,1126.975,1130.38,1133.786,1136.218,1139.623,1142.056,1146.434,1153.245,1157.137,1162.002,1171.245,1177.083,1182.921,1068.565,1070.207,1072.396,1074.099,1075.528,1075.954,1076.197,1076.623,1076.623,1076.866,1077.352,1078.386,1079.967,1000,1000,1000,1140.49,1140.452,1140.414,1140.414,1140.376,1140.414,1140.452,1140.923,1000,1000,1000,1000,1000,1000,1000,1000,1000,1000,1000,1000,1000,1000,1000,1000,1000,1180.975,1180.975,1178.056,1178.056,1177.57,1177.57,1176.354,1176.354,1170.759,1000,1000,1000,1000,1000,1000,1000,1000,1000,1000,1000,1000,1000,1000,1000,1000,1000,1000,1000,1000,1000,1000,1000,1000,1536.115,1541.953,1545.845,1553.142,1565.791,1000,1486.645,1487.861,1490.932,1490.172,1000,1000,1503.763,1510.696,1519.574,1523.953,1539.764,1000,1000,1000,1509.996,1510.84,1511.372,1000,1000,1000,1000,1527.48,1531.615,1539.034,1539.034,1542.439,1541.466,1536.723,1534.047,1531.25,1527.845,1522.858,1518.844,1514.284,1511.836,1510.11,1590.116,1576.494,1560.926,1544.872,1535.142,1526.628,1514.709,1510.331,1503.763,1496.223,1491.935,1488.697,1486.607,1565.791,1554.115,1537.088,1524.926,1518.115,1517.628,1512.034,1516.898,1520.547,1533.682,1543.899,1558.98,1576.98,1486.721,1486.721,1000,1000,1000,1000,1692.279,1662.117,1656.279,1000,1000,1000,1000,1000,1000,1000,1000,1000,1000,1000,1000,1000,1000,1000,1000,1000,1000,1000,1000,1000,1000,1000,1000,1000,1000,1000,1000,1000,1000,1000,1000,1000,1000,1000,1000,1000,1618.94,1618.454,1613.711,1609.575,1603.433,1597.018,1593.475,1591.917,1670.873,1653.36,1632.441,1617.603,1610.548,1605.197,1596.927,1591.21,1583.426,1577.345,1571.751,1566.536,1564.712,1652.873,1636.819,1617.359,1603.737,1595.467,1585.251,1571.872,1564.94,1559.223,1550.71,1544.689,1540.22,1538.084,1537.202,1615.413,1604.71,1585.251,1576.494,1558.494,1552.412,1540.007,1531.615,1522.554,1518.601,1513.387,1511.745,1510.437,1509.958,1600.332,1580.386,1559.467,1549.25,1532.709,1522.736,1516.655,1509.479,1504.128,1498.351,1494.763,1490.476,1488.287,1486.949,1486.683,1567.737,1557.034,1544.872,1532.223,1514.709,1503.033,1491.358,1481.02,1474.817,1468.736,1464.874,1463.08,1460.868,1459.705,1544.385,1540.493,1522.98,1513.736,1505.466,1000,1000,1000,1000,1000,1000,1000,1000,1000,1000,1000,1000,1000,1000,1000,1000,1000,1000,1000,1000,1000,1000,1000,1000,1000,1000,1000,1000,1000,1000,1000,1000,1000,1000,1000,1000,1000,1000,1000,1000,1000,1000,1000,1000,1000,1000,1000,1000,1000
1179.371,1179.782,1180.314,1181.34,1182.298,1183.317,1184.654,1185.232,1186.023,1187.3,1189.55,1190.888,1192.651,1195.205,1197.03,1198.854,1202.016,1203.719,1205.908,1208.705,1212.111,1216.489,1221.111,1224.76,1230.354,1234.49,1239.354,1242.273,1247.625,1252.003,1258.328,1262.706,1273.895,1278.76,1287.517,1291.896,1301.625,1303.571,1192.993,1193.107,1193.647,1194.27,1194.856,1195.418,1196.33,1197.09,1198.094,1199.462,1200.922,1202.381,1203.962,1205.665,1208.462,1211.746,1214.422,1216.854,1219.043,1220.503,1223.787,1226.219,1232.3,1236.435,1240.814,1243.976,1250.301,1252.976,1259.301,1261.247,1268.057,1270.976,1274.868,1282.652,1294.328,1305.517,1311.355,1208.295,1208.371,1208.561,1208.721,1209.215,1209.922,1210.423,1211.229,1212.658,1213.661,1214.786,1216.976,1218.192,1220.685,1222.145,1224.03,1225.489,1227.314,1228.408,1231.571,1235.098,1237.408,1243.49,1249.084,1255.165,1257.598,1262.949,1264.409,1267.084,1270.003,1276.328,1278.76,1287.517,1291.896,1300.166,1309.896,1319.626,1324.004,1331.788,1223.939,1224.091,1224.38,1224.995,1225.581,1226.554,1227.618,1228.226,1229.047,1230.78,1231.388,1234.064,1234.55,1236.496,1237.104,1238.625,1241.422,1243.246,1245.922,1248.841,1252.49,1256.868,1260.76,1267.084,1272.436,1284.112,1289.463,1298.22,1296.76,1303.085,1304.058,1308.436,1311.842,1320.599,1327.41,1335.193,1345.41,1239.392,1239.734,1239.856,1240.289,1241.255,1242.486,1243.794,1244.797,1245.922,1246.956,1247.625,1249.328,1252.368,1254.557,1258.449,1260.274,1263.193,1265.747,1269.031,1271.463,1272.922,1000,1000,1000,1000,1000,1000,1000,1000,1000,1000,1000,1323.031,1310.382,1305.031,1299.68,1301.139,1310.382,1317.193,1321.572,1330.328,1340.058,1341.031,1349.788,1359.032,1254.998,1255.226,1255.515,1255.796,1256.207,1257.568,1258.328,1259.361,1260.73,1262.098,1262.524,1262.098,1000,1000,1000,1000,1154.218,1146.434,1141.083,1138.65,1137.677,1137.677,1137.677,1137.677,1138.65,1138.65,1138.65,1137.677,1139.623,1139.623,1139.623,1138.65,1138.65,1136.704,1136.218,1134.272,1131.839,1128.921,1126.488,1121.623,1119.677,1118.218,1116.758,1114.569,1113.839,1113.839,1113.109,1112.38,1111.65,1111.164,1110.434,1109.704,1109.704,1110.434,1110.434,1111.164,1111.164,1112.38,1113.109,1113.839,1114.569,1115.299,1115.299,1115.299,1116.758,1116.758,1118.218,1119.677,1121.137,1121.623,1122.596,1122.596,1121.623,1122.596,1122.596,1123.083,1124.056,1125.029,1125.029,1125.515,1125.515,1125.515,1125.515,1126.488,1126.975,1128.921,1129.407,1130.38,1129.407,1129.407,1128.921,1128.921,1127.948,1128.921,1130.38,1130.38,1131.839,1132.813,1132.813,1131.839,1131.839,1131.839,1133.786,1134.272,1135.245,1131.353,1128.921,1126.488,1126.488,1126.488,1126.975,1129.407,1131.353,1133.786,1135.245,1140.596,1143.029,1149.353,1154.218,1157.137,1162.002,1162.002,1168.813,1176.11,1068.565,1069.812,1071.94,1073.917,1075.102,1075.71,1075.954,1076.379,1076.379,1076.866,1077.109,1077.839,1079.177,1000,1000,1000,1140.566,1140.49,1140.376,1140.376,1140.376,1140.376,1140.49,1141.904,1000,1000,1000,1000,1000,1000,1000,1000,1000,1440.519,1449.276,1444.654,1000,1000,1000,1000,1183.408,1179.273,1180.246,1177.083,1177.57,1176.354,1177.083,1175.381,1177.083,1172.705,1000,1000,1000,1000,1000,1000,1000,1000,1000,1000,1000,1000,1000,1000,1000,1000,1000,1000,1000,1000,1000,1000,1000,1000,1527.845,1532.709,1532.223,1535.142,1546.331,1555.088,1574.061,1000,1491.935,1000,1000,1000,1501.088,1509.479,1516.655,1522.25,1537.818,1000,1000,1000,1509.996,1510.779,1511.213,1000,1000,1517.02,1520.365,1526.385,1529.669,1540.007,1541.466,1543.412,1540.493,1535.872,1531.615,1528.574,1524.682,1521.703,1517.689,1513.979,1511.745,1510.3,1594.981,1580.386,1558.494,1541.953,1532.709,1523.466,1511.547,1508.263,1502.304,1494.337,1490.78,1488.393,1486.569,1558.007,1550.223,1532.223,1518.115,1512.034,1512.52,1506.196,1510.088,1513.25,1526.385,1538.547,1555.088,1574.061,1486.493,1486.493,1000,1000,1000,1619.518,1694.225,1662.603,1654.819,1000,1000,1000,1000,1000,1000,1000,1000,1000,1000,1000,1000,1000,1000,1000,1000,1000,1000,1000,1000,1000,1000,1000,1000,1000,1000,1000,1000,1000,1000,1000,1000,1000,1000,1000,1000,1000,1622.224,1619.792,1614.562,1609.21,1602.643,1596.318,1593.369,1592.077,1679.144,1663.09,1642.657,1625.63,1615.17,1610.062,1598.629,1591.21,1583.062,1577.041,1570.139,1000,1564.598,1654.819,1634.873,1621.738,1610.062,1598.873,1585.251,1573.332,1566.277,1558.859,1550.71,1544.689,1539.976,1537.901,1537.24,1616.386,1604.71,1585.737,1574.061,1558.494,1553.142,1541.466,1534.899,1524.439,1518.844,1513.828,1511.638,1510.3,1509.844,1594.981,1575.521,1558.494,1546.818,1531.493,1520.79,1515.682,1507.412,1502.06,1497.013,1493.06,1489.016,1487.367,1486.607,1580.872,1566.764,1553.142,1541.953,1527.845,1510.574,1499.385,1489.412,1479.803,1474.452,1469.222,1464.509,1462.928,1460.777,1459.553,1543.412,1542.439,1522.98,1511.304,1505.466,1508.871,1000,1000,1000,1000,1000,1000,1000,1000,1000,1000,1000,1000,1000,1000,1000,1000,1000,1000,1000,1000,1000,1000,1000,1000,1000,1000,1000,1000,1000,1000,1000,1000,1000,1000,1000,1000,1000,1000,1000,1000,1000,1000,1000,1000,1000,1000,1000,1000
1179.371,1179.675,1180.238,1181.34,1182.161,1183.165,1183.955,1185.019,1185.597,1187.117,1189.002,1190.644,1192.651,1194.597,1196.665,1198.489,1200.435,1202.867,1205.422,1208.219,1211.624,1214.3,1219.165,1224.03,1228.408,1233.76,1237.895,1242.273,1247.625,1252.49,1257.355,1262.706,1270.976,1277.787,1284.598,1285.571,1294.815,1302.599,1192.917,1193.153,1193.525,1194.179,1194.749,1195.783,1196.482,1197.759,1198.641,1200.07,1201.408,1202.928,1204.266,1206.577,1207.489,1211.016,1213.205,1214.786,1217.705,1219.53,1222.327,1224.76,1230.111,1233.516,1238.868,1242.76,1248.841,1252.976,1258.328,1260.76,1263.679,1268.544,1275.355,1284.598,1294.328,1307.463,1315.247,1208.371,1208.409,1208.637,1208.766,1209.215,1209.922,1210.636,1211.488,1212.354,1213.145,1214.422,1215.638,1218.192,1220.381,1222.145,1224.03,1225.854,1226.584,1229.138,1230.354,1233.273,1236.922,1241.787,1248.354,1251.517,1255.652,1260.274,1261.49,1267.084,1269.517,1276.814,1277.787,1288.49,1292.869,1301.139,1308.923,1318.653,1323.031,1327.896,1223.825,1224.129,1224.539,1224.927,1225.581,1226.098,1227.055,1227.77,1229.412,1230.598,1231.875,1232.787,1234.307,1235.645,1236.8,1238.381,1241.422,1244.706,1247.625,1249.328,1254.436,1258.571,1260.76,1265.139,1272.436,1280.706,1288.49,1297.247,1300.652,1304.058,1303.085,1306.49,1310.382,1315.734,1322.545,1332.275,1340.545,1239.354,1239.62,1239.947,1240.35,1241.346,1242.365,1243.642,1244.615,1245.74,1246.348,1247.442,1249.875,1250.665,1252.672,1255.165,1258.814,1263.193,1265.382,1268.057,1270.49,1271.463,1000,1000,1000,1000,1000,1000,1000,1000,1258.753,1000,1000,1321.572,1306.004,1302.599,1297.734,1297.734,1306.004,1313.788,1316.22,1324.004,1332.275,1338.112,1350.761,1358.059,1254.998,1255.188,1255.621,1255.796,1256.29,1257.339,1257.811,1258.753,1259.848,1261.307,1262.341,1261.49,1000,1000,1000,1000,1155.191,1147.407,1142.056,1138.65,1136.704,1136.704,1136.704,1136.704,1138.65,1138.65,1138.65,1138.65,1138.65,1138.65,1138.65,1137.677,1137.677,1136.218,1135.245,1132.813,1130.38,1126.975,1125.515,1121.623,1120.164,1118.704,1117.245,1115.299,1115.299,1114.569,1114.569,1113.839,1113.839,1113.109,1112.38,1111.65,1111.65,1112.38,1113.109,1113.839,1113.109,1114.569,1115.299,1116.029,1116.029,1117.245,1117.245,1117.245,1118.218,1118.704,1119.677,1121.137,1121.623,1122.596,1123.083,1124.056,1124.056,1124.056,1124.056,1125.029,1125.515,1126.488,1126.975,1126.975,1126.975,1126.975,1126.975,1127.948,1128.921,1129.407,1130.38,1130.38,1129.407,1130.38,1129.407,1129.407,1129.407,1130.38,1131.839,1132.813,1134.272,1135.245,1135.245,1134.272,1134.272,1134.272,1133.786,1132.813,1130.38,1127.948,1126.975,1125.515,1125.029,1125.029,1126.488,1128.921,1132.813,1133.786,1138.65,1140.596,1142.056,1148.38,1152.272,1156.164,1159.083,1162.002,1166.867,1175.137,1068.656,1069.903,1071.788,1074.312,1074.92,1075.71,1075.954,1076.379,1076.379,1076.866,1077.109,1078.386,1000,1000,1000,1000,1140.984,1140.49,1140.376,1140.376,1140.338,1140.3,1140.452,1000,1000,1000,1155.054,1155.921,1000,1000,1000,1000,1434.316,1442.344,1449.276,1451.952,1456.573,1000,1000,1000,1182.678,1179.759,1180.246,1176.354,1177.083,1176.354,1177.083,1175.381,1177.57,1000,1000,1000,1000,1000,1000,1000,1000,1000,1000,1000,1000,1000,1000,1000,1000,1000,1000,1000,1000,1000,1000,1000,1000,1000,1512.52,1517.628,1516.169,1523.466,1526.385,1534.656,1558.007,1486.873,1489.26,1490.78,1492.878,1493.668,1498.655,1507.047,1513.371,1522.736,1537.331,1000,1000,1000,1000,1511.053,1511.464,1512.733,1513.25,1515.652,1519.331,1524.682,1528.939,1536.723,1537.696,1538.547,1537.21,1534.534,1531.25,1528.209,1525.047,1521.703,1517.932,1513.676,1511.547,1510.11,1592.062,1578.44,1557.521,1540.493,1535.142,1523.953,1513.371,1507.047,1502.669,1495.493,1491.236,1488.804,1486.911,1562.872,1552.169,1532.223,1517.628,1510.574,1511.304,1503.52,1507.412,1508.628,1523.466,1536.115,1556.061,1566.764,1582.818,1486.493,1000,1000,1000,1000,1678.657,1654.333,1644.36,1000,1000,1000,1000,1000,1000,1000,1000,1000,1000,1000,1000,1000,1000,1000,1000,1000,1000,1000,1000,1000,1000,1000,1000,1000,1000,1000,1000,1000,1000,1000,1000,1000,1000,1000,1000,1624.17,1626.359,1620.765,1614.927,1608.116,1602.339,1595.254,1593.103,1591.879,1680.117,1658.225,1643.63,1627.576,1617.116,1608.602,1601.305,1593.521,1584.156,1576.494,1570.717,1565.859,1564.674,1660.657,1643.63,1627.089,1616.386,1601.792,1587.197,1572.359,1565.791,1558.494,1551.014,1544.933,1540.63,1538.297,1537.354,1619.305,1602.764,1581.845,1567.494,1553.629,1548.277,1539.034,1533.682,1526.02,1519.088,1513.828,1511.289,1510.11,1603.251,1590.116,1572.115,1557.521,1546.818,1530.764,1518.601,1514.709,1505.952,1500.115,1496.223,1492.118,1488.195,1487.306,1486.569,1576.007,1563.845,1547.304,1532.709,1519.088,1503.033,1494.52,1485.276,1476.52,1473.844,1468.736,1464.509,1463.384,1461.56,1459.667,1551.683,1541.466,1521.52,1505.466,1500.601,1497.682,1000,1000,1000,1000,1000,1000,1000,1000,1000,1000,1000,1000,1000,1000,1000,1000,1000,1000,1000,1000,1000,1000,1000,1000,1000,1000,1000,1000,1000,1000,1000,1000,1000,1000,1000,1000,1000,1000,1000,1000,1000,1000,1000,1000,1000,1000,1000,1000
1179.333,1179.675,1180.17,1181.127,1181.796,1182.572,1183.165,1184.29,1185.415,1186.874,1188.759,1190.888,1192.043,1193.867,1194.84,1198.489,1199.219,1202.381,1205.057,1208.219,1211.138,1214.786,1219.895,1222.814,1227.192,1232.3,1237.895,1240.814,1245.679,1250.057,1258.328,1261.247,1270.976,1274.868,1280.706,1283.625,1291.896,1300.652,1192.727,1193.031,1193.464,1194.019,1194.354,1195.418,1196.33,1197.242,1198.459,1199.644,1200.496,1202.624,1203.415,1205.117,1208.219,1210.286,1212.476,1214.057,1217.341,1219.53,1222.327,1224.76,1228.895,1231.084,1237.652,1240.814,1247.382,1249.571,1257.355,1262.22,1266.111,1268.057,1274.868,1284.598,1294.328,1306.49,1315.247,1208.333,1208.447,1208.523,1208.721,1209.215,1209.587,1210.53,1211.624,1213.327,1214.209,1214.422,1215.395,1217.219,1219.834,1222.145,1224.395,1226.949,1228.043,1229.138,1229.989,1233.273,1235.098,1240.327,1245.192,1251.517,1254.436,1260.274,1261.49,1266.598,1269.517,1276.814,1278.76,1286.544,1291.896,1301.139,1308.923,1317.68,1324.977,1330.815,1223.977,1224.167,1224.539,1224.722,1225.231,1225.991,1226.675,1227.618,1228.895,1230.78,1231.631,1232.543,1233.76,1235.645,1236.8,1239.354,1241.787,1244.341,1246.773,1249.814,1252.976,1253.949,1259.057,1263.922,1267.571,1279.247,1288.49,1296.76,1298.22,1301.625,1302.112,1306.49,1311.842,1316.707,1324.491,1331.302,1339.572,1348.329,1239.544,1239.856,1240.229,1241.057,1241.772,1242.897,1244.463,1245.557,1246.53,1247.868,1249.084,1252.064,1252.976,1255.165,1258.084,1261.49,1263.193,1266.72,1269.031,1269.031,1000,1000,1000,1000,1000,1000,1000,1264.166,1259.666,1257.568,1255.424,1328.383,1312.815,1306.49,1300.652,1297.004,1304.058,1309.896,1312.815,1320.599,1330.328,1338.112,1353.194,1359.032,1363.896,1255.15,1255.515,1255.735,1256.366,1257.339,1258.464,1259.057,1260.547,1261.307,1261.307,1261.733,1000,1000,1000,1000,1157.137,1148.38,1144.002,1139.623,1138.65,1137.677,1137.677,1137.677,1138.65,1138.65,1139.623,1138.65,1139.623,1138.65,1138.65,1136.704,1136.704,1135.245,1134.272,1132.813,1131.353,1127.948,1125.515,1121.623,1120.164,1118.704,1117.245,1116.029,1116.029,1116.029,1116.029,1115.299,1114.569,1114.569,1113.109,1113.109,1113.109,1114.569,1114.569,1115.299,1115.299,1116.029,1116.758,1116.758,1117.245,1118.704,1119.677,1119.677,1120.164,1120.164,1120.164,1121.623,1122.596,1124.056,1125.029,1125.515,1126.488,1126.488,1126.488,1126.975,1126.975,1127.948,1129.407,1128.921,1128.921,1128.921,1128.921,1129.407,1130.38,1131.353,1131.839,1131.839,1131.353,1131.839,1131.839,1131.839,1131.839,1132.813,1133.786,1135.245,1136.218,1136.704,1136.704,1136.218,1135.245,1134.272,1133.786,1130.38,1128.921,1126.488,1125.515,1125.029,1125.515,1125.029,1125.515,1127.948,1129.407,1132.813,1134.272,1139.623,1143.029,1147.407,1151.299,1152.272,1152.272,1157.137,1165.894,1176.11,1068.755,1070.754,1072.396,1073.917,1074.677,1075.528,1075.71,1076.623,1076.623,1077.352,1077.352,1078.629,1000,1000,1000,1000,1141.106,1140.528,1140.3,1140.262,1140.224,1140.224,1140.376,1000,1000,1155.191,1156.529,1157.046,1000,1000,1000,1000,1439.181,1446.114,1451.465,1457.06,1463.141,1000,1000,1000,1188.759,1180.246,1180.975,1177.083,1177.57,1175.867,1176.354,1174.408,1176.354,1000,1000,1000,1000,1000,1000,1423.735,1419.235,1000,1000,1000,1000,1000,1000,1000,1000,1000,1000,1000,1000,1000,1000,1000,1000,1000,1000,1513.979,1510.574,1518.115,1530.277,1544.872,1568.71,1487.192,1489.625,1491.601,1493.486,1493.912,1501.696,1510.696,1516.655,1526.628,1537.818,1550.71,1566.764,1589.143,1604.224,1510.072,1510.346,1511.638,1513.25,1516.23,1520.912,1526.75,1528.574,1536.237,1536.723,1536.723,1535.385,1534.047,1530.034,1527.48,1523.466,1519.818,1515.834,1512.854,1511.372,1510.262,1601.305,1588.17,1565.791,1544.872,1537.818,1524.926,1513.371,1506.682,1502.06,1495.25,1490.932,1488.287,1486.797,1563.845,1547.304,1528.818,1515.439,1506.682,1506.196,1499.385,1504.979,1505.466,1519.574,1537.574,1552.169,1562.872,1580.872,1486.569,1000,1000,1000,1000,1673.792,1649.224,1639.008,1000,1000,1000,1000,1000,1000,1000,1000,1000,1000,1000,1000,1000,1000,1000,1000,1000,1000,1000,1000,1000,1000,1000,1000,1000,1000,1000,1000,1000,1000,1000,1000,1000,1000,1000,1000,1619.427,1621.251,1618.94,1611.765,1607.386,1601.305,1595.558,1592.51,1591.689,1666.981,1650.927,1639.738,1627.089,1615.656,1609.332,1601.305,1590.359,1583.062,1574.852,1569.44,1565.396,1564.833,1564.408,1644.603,1629.035,1620.765,1603.737,1584.521,1572.359,1565.791,1556.912,1551.318,1546.088,1541.831,1538.791,1537.681,1624.657,1602.764,1584.278,1569.683,1553.629,1547.791,1540.007,1533.682,1525.655,1518.358,1513.387,1510.909,1509.958,1602.278,1591.089,1571.142,1557.521,1546.818,1529.061,1517.142,1512.034,1504.128,1498.959,1495.979,1492.3,1488.195,1000,1486.569,1567.737,1556.061,1543.899,1527.845,1512.034,1501.817,1492.817,1483.452,1476.885,1474.452,1469.222,1464.509,1463.232,1461.149,1459.477,1546.331,1540.493,1520.547,1503.033,1495.736,1492.087,1000,1000,1000,1000,1000,1000,1000,1000,1000,1000,1000,1000,1000,1000,1000,1000,1000,1000,1000,1000,1000,1000,1000,1000,1000,1000,1000,1000,1000,1000,1000,1000,1000,1000,1000,1000,1000,1000,1000,1000,1000,1000,1000,1000,1000,1000,1000,1000
1179.409,1179.729,1180.314,1180.93,1181.675,1182.298,1183.012,1183.955,1184.837,1186.023,1187.543,1190.097,1190.644,1193.624,1195.57,1197.394,1199.219,1202.016,1205.057,1207.732,1209.678,1213.814,1218.192,1221.111,1225.976,1232.3,1236.679,1241.787,1246.165,1250.057,1256.868,1261.733,1270.003,1273.895,1278.76,1284.598,1290.436,1300.652,1192.651,1193.069,1193.153,1193.715,1194.27,1195.175,1196.193,1197.242,1198.276,1199.219,1200.253,1201.651,1203.719,1205.117,1207.489,1209.922,1211.016,1214.057,1216.489,1218.192,1220.868,1224.273,1228.408,1230.111,1234.733,1239.598,1243.49,1248.111,1253.949,1257.355,1263.193,1269.517,1274.868,1284.598,1294.328,1307.463,1315.247,1208.485,1208.409,1208.637,1208.721,1209.093,1209.587,1210.119,1211.624,1212.202,1212.354,1213.479,1215.03,1215.82,1218.192,1221.233,1224.395,1227.679,1228.408,1230.354,1231.206,1233.273,1235.098,1240.814,1244.463,1249.084,1252.49,1257.598,1260.274,1266.598,1269.517,1279.247,1281.193,1288.49,1292.869,1300.166,1306.004,1315.734,1322.058,1327.896,1223.901,1223.977,1224.486,1224.782,1225.231,1225.687,1226.675,1227.192,1228.895,1229.989,1231.206,1231.875,1233.03,1234.55,1236.8,1239.598,1242.517,1245.192,1247.99,1252.976,1254.922,1255.409,1258.084,1262.22,1269.517,1278.517,1290.436,1298.22,1300.652,1302.112,1304.058,1306.49,1309.409,1315.734,1322.545,1330.328,1337.626,1347.356,1239.582,1239.947,1240.289,1240.882,1241.346,1242.486,1243.794,1244.797,1246.53,1248.598,1249.084,1250.665,1252.672,1255.165,1258.814,1262.341,1265.747,1267.571,1270.003,1269.517,1000,1000,1000,1000,1000,1000,1000,1000,1000,1257.811,1255.264,1334.22,1314.761,1309.896,1302.599,1299.193,1305.031,1308.923,1312.328,1319.626,1330.328,1335.193,1348.815,1356.113,1254.922,1255.112,1255.515,1255.675,1256.366,1257.339,1258.328,1259.057,1259.848,1261.49,1261.125,1260.73,1000,1000,1000,1000,1158.11,1149.353,1144.002,1139.623,1137.677,1136.218,1136.704,1136.704,1137.677,1137.677,1138.65,1137.677,1138.65,1137.677,1137.677,1136.704,1136.218,1134.272,1133.786,1131.839,1130.38,1127.948,1125.515,1122.596,1121.137,1119.677,1118.218,1117.245,1118.218,1118.218,1118.218,1117.245,1116.029,1115.299,1113.839,1114.569,1114.569,1116.029,1116.758,1118.218,1117.245,1118.218,1118.218,1118.704,1118.704,1120.164,1120.164,1121.137,1121.623,1121.623,1121.623,1123.083,1123.083,1125.029,1125.515,1127.948,1127.948,1128.921,1128.921,1129.407,1128.921,1130.38,1131.353,1130.38,1130.38,1131.353,1131.353,1131.839,1132.813,1132.813,1133.786,1132.813,1132.813,1132.813,1133.786,1133.786,1134.272,1135.245,1136.218,1136.704,1137.677,1138.65,1138.65,1137.677,1136.704,1136.218,1133.786,1131.353,1127.948,1126.488,1125.515,1125.515,1123.083,1125.029,1126.488,1128.921,1131.353,1133.786,1136.218,1137.677,1142.056,1144.002,1147.407,1150.326,1152.272,1158.11,1169.786,1068.337,1069.318,1071.514,1072.852,1074.312,1074.92,1075.528,1075.954,1076.866,1076.866,1077.596,1077.839,1079.42,1000,1000,1000,1000,1141.318,1140.528,1140.338,1140.224,1140.224,1140.186,1140.338,1000,1000,1156.377,1157.228,1158.171,1159.874,1000,1000,1442.708,1442.344,1447.087,1452.438,1461.438,1469.952,1482.601,1000,1000,1191.435,1180.246,1180.246,1176.354,1177.083,1175.867,1175.867,1173.678,1176.354,1000,1000,1000,1000,1000,1000,1000,1000,1000,1000,1000,1000,1000,1000,1000,1000,1000,1000,1000,1000,1000,1000,1000,1000,1000,1000,1516.898,1515.439,1519.574,1533.682,1552.169,1577.953,1487.428,1489.503,1490.324,1491.418,1491.753,1000,1000,1000,1000,1533.439,1551.196,1569.196,1589.143,1602.278,1509.92,1510.148,1511.372,1512.976,1515.834,1522.007,1528.574,1529.669,1535.385,1534.899,1534.047,1532.831,1531.98,1528.574,1525.047,1521.459,1517.932,1514.77,1512.155,1510.779,1510.148,1601.305,1586.224,1564.332,1546.331,1534.656,1524.439,1513.371,1505.588,1501.088,1495.493,1490.932,1488.484,1486.797,1565.791,1548.277,1530.277,1518.115,1510.088,1506.196,1500.115,1501.331,1502.547,1512.034,1529.791,1545.845,1558.98,1573.088,1578.926,1000,1000,1000,1701.036,1667.468,1643.63,1634.873,1000,1000,1000,1000,1000,1000,1000,1000,1000,1000,1000,1000,1000,1000,1000,1000,1000,1000,1000,1000,1000,1000,1000,1000,1000,1000,1000,1000,1000,1000,1000,1000,1000,1000,1000,1618.94,1618.454,1621.738,1617.603,1609.94,1606.413,1601.548,1595.71,1592.639,1591.917,1674.765,1654.333,1640.224,1624.657,1611.765,1602.764,1594.981,1587.683,1580.872,1574.852,1569.44,1565.616,1564.674,1660.657,1639.738,1628.062,1611.521,1595.954,1579.656,1569.196,1562.629,1555.088,1550.406,1545.358,1542.014,1538.882,1537.734,1624.657,1599.845,1580.386,1563.845,1549.494,1542.439,1533.682,1529.304,1523.466,1517.932,1513.676,1511.372,1510.11,1604.224,1589.143,1571.142,1552.169,1540.493,1525.655,1513.371,1510.331,1502.669,1498.351,1494.763,1491.935,1488.021,1487.245,1582.818,1568.71,1556.061,1542.926,1524.926,1511.304,1499.385,1490.871,1482.601,1476.885,1473.479,1468.979,1464.692,1463.232,1461.149,1459.591,1553.629,1543.412,1521.52,1505.466,1492.087,1485.276,1000,1000,1000,1000,1000,1000,1000,1000,1000,1000,1000,1000,1000,1000,1000,1000,1000,1000,1000,1000,1000,1000,1000,1000,1000,1000,1000,1000,1000,1000,1000,1000,1000,1000,1000,1000,1000,1000,1000,1000,1000,1000,1000,1000,1000,1000,1000,1000
1179.409,1179.675,1180.094,1180.648,1181.234,1181.796,1182.572,1183.621,1184.472,1185.232,1186.631,1188.759,1189.55,1192.043,1193.624,1195.57,1197.759,1201.651,1205.057,1207.732,1210.165,1213.814,1216.976,1220.381,1226.462,1233.03,1236.679,1239.354,1243.733,1250.057,1254.922,1261.733,1268.057,1273.895,1278.76,1284.598,1290.436,1298.707,1303.571,1192.955,1193.069,1193.525,1193.936,1194.856,1195.661,1196.938,1197.911,1199.036,1200.07,1201.165,1202.928,1205.117,1206.577,1209.192,1211.381,1212.841,1215.638,1217.341,1220.503,1222.814,1226.219,1228.895,1234.733,1236.922,1242.76,1246.652,1253.949,1258.328,1263.193,1268.544,1274.868,1284.598,1294.328,1310.382,1315.247,1208.409,1208.371,1208.485,1208.637,1208.971,1209.427,1210.013,1211.229,1212.05,1212.962,1213.479,1215.03,1215.395,1217.949,1221.537,1225.489,1227.679,1230.354,1230.841,1231.206,1234.611,1236.071,1240.327,1243.976,1247.868,1249.571,1255.652,1260.274,1266.598,1270.976,1278.76,1281.679,1289.463,1291.896,1298.22,1306.977,1313.788,1321.085,1326.923,1223.863,1224.015,1224.334,1224.6,1225.071,1225.406,1226.204,1226.918,1228.226,1229.412,1230.354,1231.631,1232.787,1234.064,1236.253,1238.381,1241.057,1244.341,1247.138,1249.328,1252.976,1254.922,1256.382,1260.76,1268.057,1279.247,1286.544,1297.247,1299.68,1302.112,1305.031,1308.436,1314.761,1320.599,1326.437,1332.275,1337.626,1347.356,1239.658,1240,1240.289,1240.799,1241.057,1242,1243.186,1244.797,1246.348,1248.111,1249.084,1250.422,1252.976,1255.165,1259.179,1261.976,1264.895,1267.206,1268.544,1268.544,1000,1000,1000,1000,1000,1000,1000,1000,1261.307,1258.464,1255.986,1350.761,1323.031,1312.815,1300.652,1298.22,1303.571,1307.95,1308.923,1319.626,1328.383,1334.22,1346.869,1353.194,1362.924,1255.036,1255.424,1255.675,1256.29,1257.02,1258.191,1258.753,1260.03,1260.912,1261.125,1261.125,1000,1000,1000,1000,1160.056,1151.299,1145.461,1141.083,1138.65,1136.704,1137.677,1137.677,1137.677,1137.677,1138.65,1137.677,1137.677,1137.677,1136.704,1136.218,1136.218,1135.245,1134.272,1131.839,1130.38,1127.948,1125.515,1123.083,1121.623,1120.164,1119.677,1119.677,1119.677,1119.677,1120.164,1119.677,1118.704,1117.245,1116.029,1116.758,1116.758,1117.245,1118.218,1118.704,1118.704,1118.704,1119.677,1120.164,1121.137,1121.623,1121.623,1122.596,1123.083,1123.083,1124.056,1125.515,1125.029,1126.488,1126.975,1128.921,1128.921,1129.407,1129.407,1130.38,1130.38,1131.839,1132.813,1132.813,1131.839,1132.813,1132.813,1133.786,1134.272,1134.272,1136.218,1135.245,1134.272,1135.245,1135.245,1135.245,1136.218,1136.704,1137.677,1137.677,1139.623,1140.596,1140.596,1140.596,1139.623,1136.704,1133.786,1130.38,1127.948,1126.488,1125.029,1125.515,1125.515,1125.515,1125.515,1126.975,1130.38,1130.38,1135.245,1139.623,1142.056,1145.461,1147.407,1151.299,1154.218,1162.002,1177.083,1068.862,1070.754,1072.548,1073.552,1074.677,1075.102,1075.71,1076.197,1077.109,1077.352,1078.629,1079.42,1000,1000,1000,1000,1000,1000,1140.566,1140.3,1140.262,1140.224,1140.224,1140.452,1000,1000,1156.894,1157.989,1158.353,1162.063,1000,1000,1445.141,1446.6,1451.952,1458.276,1468.492,1477.736,1491.358,1491.358,1000,1000,1182.678,1180.246,1175.867,1175.867,1174.894,1174.894,1172.705,1175.867,1000,1000,1000,1000,1000,1000,1000,1000,1000,1000,1000,1000,1000,1000,1000,1000,1000,1000,1000,1000,1000,1000,1000,1000,1000,1510.088,1514.709,1000,1519.088,1528.818,1550.223,1564.818,1486.835,1487.777,1489.381,1491.084,1493.912,1000,1000,1000,1000,1000,1541.223,1561.899,1580.386,1594.008,1608.116,1510.034,1000,1512.262,1516.047,1522.311,1527.48,1528.939,1534.534,1533.682,1530.764,1530.764,1530.034,1526.02,1523.162,1520.608,1516.655,1513.828,1511.638,1510.3,1609.089,1594.008,1575.521,1557.521,1542.683,1532.223,1522.25,1509.479,1501.088,1497.256,1493.304,1489.761,1488.195,1486.873,1568.71,1547.304,1531.25,1517.628,1510.088,1504.25,1500.115,1503.033,1506.682,1513.979,1535.142,1547.304,1552.169,1566.764,1570.656,1000,1000,1000,1682.549,1663.576,1647.765,1639.738,1000,1000,1000,1000,1000,1000,1000,1000,1000,1000,1000,1000,1000,1000,1000,1000,1000,1000,1000,1000,1000,1000,1000,1000,1000,1000,1000,1000,1000,1000,1000,1000,1000,1000,1000,1618.454,1000,1618.94,1612.981,1607.751,1604.042,1600.089,1595.254,1592.86,1591.917,1675.738,1656.279,1642.657,1626.116,1613.711,1605.197,1595.467,1587.318,1581.602,1575.399,1570.322,1566.125,1564.879,1656.765,1635.846,1619.305,1609.089,1594.008,1579.17,1569.683,1562.629,1553.994,1549.554,1544.689,1541.679,1539.186,1537.901,1623.684,1592.062,1574.548,1558.007,1547.304,1536.723,1529.669,1525.412,1520.912,1516.838,1513.979,1511.745,1510.224,1603.251,1582.332,1559.467,1546.331,1537.818,1524.439,1513.858,1509.844,1502.06,1497.013,1493.912,1490.932,1487.777,1486.949,1575.034,1558.007,1548.277,1538.547,1523.466,1512.034,1501.817,1492.817,1483.452,1477.614,1472.871,1467.337,1463.536,1462.138,1460.458,1459.591,1459.249,1548.764,1526.872,1510.331,1493.547,1480.898,1000,1000,1000,1000,1000,1000,1000,1000,1000,1000,1000,1000,1000,1000,1000,1000,1000,1000,1000,1000,1000,1000,1000,1000,1000,1000,1000,1000,1000,1000,1000,1000,1000,1000,1000,1000,1000,1000,1000,1000,1000,1000,1000,1000,1000,1000,1000,1000
1179.371,1179.622,1180.094,1180.648,1181.234,1181.796,1182.298,1183.165,1183.621,1184.654,1185.84,1188.029,1189.307,1190.888,1193.259,1195.57,1198.124,1201.165,1205.422,1208.219,1210.651,1214.786,1216.976,1221.597,1225.246,1232.3,1235.219,1240.327,1243.246,1249.571,1256.868,1262.706,1270.003,1275.841,1280.706,1286.544,1293.842,1301.625,1192.765,1192.879,1193.031,1193.525,1194.019,1195.068,1195.661,1196.786,1197.759,1198.459,1199.462,1200.922,1202.138,1203.962,1205.361,1208.827,1210.286,1212.476,1214.057,1215.638,1219.53,1221.841,1226.949,1231.814,1232.787,1236.922,1240.814,1245.922,1248.841,1255.409,1261.247,1265.625,1273.895,1282.652,1292.382,1306.49,1316.22,1208.447,1208.447,1208.523,1208.637,1208.865,1209.283,1209.663,1210.636,1211.351,1212.354,1213.327,1214.604,1215.395,1217.949,1220.685,1223.422,1227.679,1229.625,1230.841,1231.571,1235.584,1236.071,1239.354,1243.003,1246.652,1249.571,1255.165,1259.544,1267.084,1272.922,1278.76,1281.193,1288.49,1291.896,1296.274,1304.058,1311.842,1319.626,1323.031,1330.815,1223.977,1224.243,1224.661,1225.155,1225.581,1226.31,1226.918,1228.378,1229.229,1230.78,1231.206,1233.03,1233.516,1235.645,1238.381,1241.057,1243.976,1246.773,1247.99,1252.003,1256.382,1255.895,1261.733,1269.517,1279.247,1286.544,1295.788,1296.76,1299.193,1299.68,1308.436,1310.382,1319.626,1327.41,1332.275,1339.572,1239.354,1239.658,1239.902,1240.289,1240.882,1241.148,1241.878,1242.897,1244.979,1246.165,1247.442,1249.328,1250.969,1253.28,1255.53,1259.544,1261.976,1264.409,1265.382,1267.571,1266.233,1000,1000,1000,1000,1000,1000,1000,1267.936,1261.49,1258.753,1256.062,1356.113,1333.248,1318.653,1305.031,1300.652,1305.031,1307.463,1310.382,1318.653,1327.41,1333.248,1347.842,1354.167,1360.978,1255.112,1255.424,1255.568,1256.062,1256.625,1257.568,1258.328,1259.666,1260.547,1261.125,1261.49,1000,1000,1000,1000,1160.056,1151.299,1145.461,1141.083,1138.65,1136.704,1138.65,1138.65,1138.65,1138.65,1138.65,1137.677,1137.677,1136.704,1136.704,1136.704,1136.218,1134.272,1134.272,1131.839,1130.38,1127.948,1126.488,1124.056,1122.596,1121.137,1121.137,1121.137,1121.137,1121.137,1121.623,1121.137,1120.164,1118.704,1118.218,1118.218,1118.218,1119.677,1119.677,1120.164,1120.164,1121.137,1121.137,1121.623,1122.596,1123.083,1123.083,1124.056,1124.056,1125.029,1125.515,1126.975,1126.975,1128.921,1129.407,1130.38,1130.38,1130.38,1131.353,1131.839,1131.353,1132.813,1133.786,1133.786,1132.813,1134.272,1133.786,1135.245,1135.245,1136.218,1136.704,1136.704,1136.704,1136.704,1137.677,1136.704,1137.677,1137.677,1138.65,1139.623,1141.083,1142.056,1142.056,1143.029,1141.083,1138.65,1131.839,1131.353,1126.975,1127.948,1123.083,1124.056,1124.056,1125.029,1125.029,1125.515,1129.407,1132.813,1136.218,1138.65,1142.056,1144.975,1147.407,1153.245,1160.056,1175.137,1068.337,1069.812,1071.788,1073.035,1074.312,1074.92,1075.528,1076.197,1076.623,1077.352,1077.839,1078.873,1079.724,1000,1000,1000,1000,1000,1000,1140.566,1140.3,1140.224,1140.186,1140.148,1140.338,1000,1000,1157.228,1157.989,1158.779,1163.097,1000,1000,1449.762,1453.654,1457.79,1463.871,1472.141,1483.087,1494.763,1499.141,1000,1000,1183.894,1178.543,1174.408,1174.894,1173.678,1173.678,1173.191,1175.867,1000,1000,1000,1000,1000,1000,1000,1000,1000,1000,1000,1000,1000,1000,1000,1000,1000,1000,1000,1000,1000,1000,1000,1000,1000,1000,1519.088,1510.574,1519.088,1525.899,1541.466,1556.061,1582.818,1486.911,1488.393,1490.035,1000,1000,1000,1000,1527.358,1532.709,1549.737,1564.818,1584.278,1597.9,1000,1000,1000,1000,1000,1000,1529.304,1530.399,1531.25,1529.669,1526.02,1000,1527.115,1000,1000,1521.459,1515.652,1000,1510.544,1604.224,1590.116,1577.467,1564.818,1552.169,1537.818,1528.574,1520.061,1509.844,1501.331,1497.013,1493.668,1489.898,1487.777,1486.683,1569.683,1547.304,1534.656,1524.926,1515.439,1506.196,1501.817,1506.682,1504.979,1511.304,1534.656,1546.331,1549.25,1569.683,1575.034,1000,1000,1000,1681.576,1661.144,1647.765,1639.738,1000,1000,1000,1000,1000,1000,1000,1000,1000,1000,1000,1000,1000,1000,1000,1000,1000,1000,1000,1000,1000,1000,1000,1000,1000,1000,1000,1000,1000,1000,1000,1000,1000,1000,1000,1000,1000,1612.494,1609.575,1605.501,1603.19,1599.845,1595.406,1592.86,1591.841,1672.819,1653.36,1637.792,1623.197,1609.332,1600.575,1592.548,1585.737,1580.872,1574.852,1570.717,1566.43,1564.879,1652.873,1632.927,1617.359,1607.629,1594.737,1582.089,1569.683,1561.291,1552.899,1548.156,1544.507,1541.831,1539.505,1538.023,1623.684,1589.143,1574.061,1556.791,1545.115,1534.534,1528.939,1524.074,1519.818,1517.689,1515.287,1512.49,1510.719,1509.996,1592.062,1567.737,1548.277,1537.818,1523.466,1512.52,1508.263,1499.506,1495.736,1493.912,1491.236,1488.112,1487.489,1486.607,1565.791,1549.25,1538.547,1520.547,1509.358,1500.115,1491.844,1481.871,1475.79,1470.56,1465.817,1462.791,1461.56,1460.184,1459.515,1558.494,1544.385,1524.926,1510.331,1492.817,1000,1000,1000,1000,1000,1000,1000,1000,1000,1000,1000,1000,1000,1000,1000,1000,1000,1000,1000,1000,1000,1000,1000,1000,1000,1000,1000,1000,1000,1000,1000,1000,1000,1000,1000,1000,1000,1000,1000,1000,1000,1000,1000,1000,1000,1000,1000,1000,1000
1179.181,1179.447,1179.843,1180.314,1180.93,1181.796,1182.298,1183.165,1183.621,1184.654,1185.597,1187.543,1188.273,1190.888,1192.955,1195.205,1197.759,1201.165,1205.422,1209.192,1210.651,1215.273,1217.462,1222.814,1227.679,1233.03,1235.949,1240.814,1242.273,1248.598,1254.436,1262.706,1268.057,1274.868,1280.706,1285.571,1291.896,1296.76,1192.689,1192.955,1193.198,1193.586,1194.095,1194.856,1195.54,1196.193,1196.938,1197.759,1198.094,1200.07,1201.165,1202.928,1205.665,1208.827,1209.922,1212.111,1214.057,1215.638,1218.678,1221.841,1225.733,1228.408,1232.787,1236.922,1240.084,1245.436,1250.301,1255.895,1259.301,1266.111,1272.922,1282.652,1293.355,1305.517,1316.22,1208.295,1208.409,1208.447,1208.561,1208.675,1208.971,1209.359,1210.21,1211.229,1212.05,1213.145,1214.604,1215.82,1217.705,1220.381,1223.787,1225.854,1228.043,1228.773,1232.422,1233.76,1237.408,1239.354,1243.003,1245.679,1249.084,1254.436,1260.274,1267.084,1272.436,1277.787,1282.652,1286.058,1292.869,1297.247,1304.058,1312.815,1319.626,1323.031,1332.761,1223.939,1224.243,1224.539,1225.071,1225.581,1225.991,1226.797,1227.922,1228.895,1230.598,1231.388,1232.543,1233.516,1235.645,1238.017,1240.692,1242.881,1245.192,1249.328,1251.152,1253.949,1256.868,1262.949,1268.787,1277.787,1283.625,1294.328,1294.328,1299.68,1302.112,1310.869,1315.734,1321.572,1327.41,1332.275,1338.599,1346.383,1239.582,1239.856,1240.35,1240.799,1241.148,1241.665,1242.897,1244.28,1246.165,1247.625,1249.328,1250.665,1253.584,1255.895,1258.814,1260.76,1262.706,1263.193,1265.747,1264.409,1000,1000,1000,1000,1000,1000,1000,1000,1260.73,1258.328,1255.796,1352.221,1330.328,1316.22,1306.49,1302.112,1308.923,1312.815,1316.22,1324.977,1333.248,1334.22,1343.95,1350.761,1361.951,1254.922,1255.378,1255.469,1255.986,1256.541,1257.127,1258.464,1259.666,1260.182,1261.307,1260.912,1000,1000,1000,1000,1162.002,1154.218,1147.407,1144.002,1140.596,1138.65,1139.623,1139.623,1138.65,1139.623,1138.65,1137.677,1137.677,1137.677,1137.677,1137.677,1136.704,1135.245,1134.272,1131.839,1130.38,1128.921,1126.488,1125.029,1123.083,1122.596,1122.596,1122.596,1122.596,1123.083,1124.056,1122.596,1121.623,1120.164,1119.677,1118.704,1119.677,1120.164,1120.164,1121.137,1121.137,1121.623,1122.596,1122.596,1123.083,1124.056,1124.056,1125.029,1125.515,1126.488,1126.975,1128.921,1128.921,1130.38,1131.353,1132.813,1132.813,1132.813,1132.813,1133.786,1132.813,1134.272,1136.218,1136.218,1135.245,1136.218,1135.245,1136.218,1136.218,1137.677,1138.65,1138.65,1139.623,1139.623,1138.65,1139.623,1139.623,1140.596,1139.623,1141.083,1142.056,1143.029,1143.029,1144.002,1142.056,1137.677,1134.272,1131.353,1127.948,1126.975,1125.029,1125.029,1125.029,1127.948,1127.948,1128.921,1130.38,1131.353,1134.272,1138.65,1141.083,1146.434,1149.353,1161.029,1169.786,1068.489,1069.394,1070.876,1072.244,1073.369,1074.312,1074.92,1075.528,1076.197,1076.623,1077.109,1078.082,1079.42,1080.575,1000,1000,1000,1000,1000,1000,1140.528,1140.224,1140.148,1140.148,1140.11,1140.3,1000,1000,1156.529,1157.593,1158.962,1161.759,1000,1000,1450.735,1454.141,1458.763,1467.276,1473.357,1480.168,1491.358,1494.763,1000,1000,1183.894,1178.056,1174.408,1174.408,1172.705,1172.218,1171.732,1174.894,1000,1000,1000,1000,1000,1000,1000,1000,1000,1000,1000,1000,1000,1000,1000,1000,1000,1000,1000,1000,1000,1000,1000,1000,1000,1000,1000,1000,1000,1000,1000,1000,1000,1000,1000,1000,1000,1000,1000,1000,1000,1549.737,1000,1000,1000,1000,1000,1000,1000,1000,1000,1000,1000,1000,1531.98,1000,1000,1000,1000,1000,1000,1000,1000,1000,1000,1577.467,1568.71,1564.332,1553.629,1539.277,1530.764,1521.763,1515.682,1507.412,1500.723,1496.223,1493.06,1490.172,1487.701,1486.531,1566.764,1550.223,1537.088,1527.358,1516.169,1504.979,1498.898,1503.033,1503.52,1513.25,1537.574,1546.331,1554.115,1572.115,1576.007,1000,1000,1000,1687.414,1667.468,1651.414,1642.9,1635.359,1000,1000,1000,1000,1000,1000,1000,1000,1000,1000,1000,1000,1000,1000,1000,1000,1000,1000,1000,1000,1000,1000,1000,1000,1000,1000,1000,1000,1000,1000,1000,1000,1000,1603.737,1000,1606.17,1608.481,1606.413,1604.589,1602.643,1598.386,1594.844,1592.715,1591.765,1666.981,1654.333,1638.765,1620.521,1604.467,1596.44,1585.251,1580.143,1576.19,1572.602,1569.774,1566.642,1564.712,1648.495,1628.062,1613.954,1602.764,1594.008,1583.305,1571.386,1560.075,1551.926,1547.608,1544.081,1540.767,1538.882,1537.635,1621.251,1589.143,1576.98,1561.899,1549.494,1534.899,1527.48,1524.439,1518.358,1516.655,1514.77,1512.262,1510.392,1610.062,1586.224,1558.494,1539.764,1529.061,1520.061,1510.331,1507.047,1497.804,1495.006,1493.06,1490.628,1487.777,1487.428,1582.818,1560.926,1549.25,1539.52,1522.007,1512.52,1502.547,1492.331,1482.601,1476.885,1469.526,1465.239,1462.138,1460.952,1459.705,1459.325,1552.656,1542.439,1522.493,1512.763,1493.547,1000,1000,1000,1000,1000,1000,1000,1000,1000,1000,1000,1000,1000,1000,1000,1000,1000,1000,1000,1000,1000,1000,1000,1000,1000,1000,1000,1000,1000,1000,1000,1000,1000,1000,1000,1000,1000,1000,1000,1000,1000,1000,1000,1000,1000,1000,1000,1000,1000
1179.181,1179.485,1179.782,1180.314,1180.823,1181.918,1182.435,1183.773,1183.773,1185.019,1185.84,1187.3,1188.516,1190.644,1192.651,1195.205,1197.394,1200.435,1203.232,1205.908,1207.732,1212.111,1215.273,1220.381,1225.246,1233.76,1233.03,1239.354,1243.246,1248.598,1253.463,1261.733,1268.057,1276.814,1281.679,1285.571,1291.896,1300.652,1192.727,1192.879,1193.244,1193.715,1194.179,1195.068,1195.54,1196.33,1196.938,1197.759,1198.641,1199.644,1200.739,1202.381,1203.719,1207.489,1210.286,1211.746,1214.057,1216.489,1219.043,1222.327,1226.949,1229.625,1233.516,1236.435,1238.381,1243.976,1248.111,1253.949,1255.895,1264.652,1271.949,1279.247,1290.436,1301.139,1311.355,1315.247,1208.333,1208.333,1208.485,1208.637,1208.971,1209.359,1210.013,1211.229,1212.05,1213.479,1214.786,1216.307,1217.949,1220.077,1222.145,1224.03,1226.584,1229.138,1230.841,1233.273,1235.584,1237.895,1240.814,1245.679,1250.787,1253.949,1258.328,1266.598,1271.463,1276.814,1281.679,1286.544,1289.463,1295.301,1306.004,1309.896,1317.68,1324.004,1331.788,1223.901,1224.334,1224.539,1224.782,1225.231,1225.581,1226.31,1227.618,1228.378,1230.172,1231.206,1232.057,1233.03,1235.402,1236.8,1239.963,1243.246,1245.922,1248.476,1250.665,1254.922,1259.057,1265.139,1271.949,1279.247,1285.571,1292.382,1294.328,1299.193,1299.193,1310.382,1311.842,1321.572,1324.491,1330.328,1336.653,1342.491,1239.43,1239.697,1240.168,1240.639,1241.148,1242,1242.897,1243.642,1244.979,1246.773,1248.598,1250.422,1252.976,1255.165,1258.084,1259.544,1261.49,1262.706,1264.409,1265.382,1000,1000,1000,1000,1000,1000,1000,1000,1260.912,1258.601,1000,1348.815,1317.68,1304.058,1299.193,1297.734,1304.058,1313.788,1317.68,1325.95,1333.248,1335.193,1342.004,1349.788,1356.113,1254.96,1255.264,1255.469,1255.735,1256.45,1257.127,1257.932,1258.905,1259.848,1260.365,1260.912,1000,1000,1000,1000,1162.975,1155.191,1148.38,1144.002,1141.083,1139.623,1140.596,1140.596,1140.596,1139.623,1139.623,1138.65,1137.677,1138.65,1138.65,1138.65,1136.704,1135.245,1134.272,1131.839,1129.407,1127.948,1126.975,1125.515,1124.056,1124.056,1124.056,1124.056,1124.056,1125.029,1125.029,1124.056,1123.083,1122.596,1122.596,1121.623,1121.623,1121.623,1121.623,1122.596,1123.083,1124.056,1124.056,1125.029,1126.488,1125.515,1125.515,1126.488,1126.975,1126.975,1127.948,1130.38,1130.38,1131.839,1133.786,1134.272,1134.272,1134.272,1134.272,1135.245,1134.272,1135.245,1136.704,1137.677,1136.704,1136.704,1136.704,1136.704,1137.677,1138.65,1139.623,1139.623,1140.596,1140.596,1140.596,1141.083,1141.083,1142.056,1142.056,1143.029,1144.975,1145.461,1145.461,1146.434,1144.002,1139.623,1135.245,1133.786,1130.38,1128.921,1125.029,1125.515,1126.488,1128.921,1130.38,1132.813,1135.245,1135.245,1137.677,1141.083,1142.056,1148.38,1159.083,1173.191,1068.375,1069.044,1070.42,1071.788,1072.852,1073.734,1074.677,1075.102,1075.71,1076.379,1076.866,1077.596,1078.629,1079.967,1081.731,1000,1000,1000,1000,1000,1000,1140.528,1140.224,1140.11,1140.11,1140.11,1140.224,1000,1000,1156.073,1157.046,1157.989,1159.874,1000,1000,1454.141,1457.06,1463.871,1472.871,1479.195,1483.087,1501.574,1000,1000,1000,1182.678,1176.354,1172.218,1171.732,1171.245,1170.759,1169.299,1173.191,1000,1000,1000,1000,1000,1000,1000,1000,1000,1000,1000,1000,1000,1000,1000,1000,1000,1000,1000,1000,1000,1000,1000,1000,1000,1000,1000,1000,1000,1000,1000,1000,1000,1000,1000,1000,1000,1000,1000,1000,1000,1000,1000,1000,1000,1000,1000,1000,1000,1000,1000,1000,1000,1000,1000,1000,1000,1000,1000,1000,1000,1000,1000,1000,1000,1000,1545.358,1549.25,1542.683,1535.142,1529.061,1520.061,1513.858,1506.682,1499.506,1495.006,1492.483,1490.035,1487.428,1583.791,1562.872,1549.25,1536.115,1526.385,1516.169,1503.033,1496.223,1501.331,1503.52,1000,1000,1552.169,1555.088,1573.088,1573.088,1000,1000,1000,1687.414,1673.792,1658.225,1645.576,1640.954,1000,1000,1000,1000,1000,1000,1000,1000,1000,1000,1000,1000,1000,1000,1000,1000,1000,1000,1000,1000,1000,1000,1000,1000,1000,1000,1000,1000,1000,1000,1000,1000,1000,1000,1000,1609.21,1611.4,1607.143,1605.197,1601.062,1597.96,1594.342,1593.019,1591.841,1677.198,1657.252,1000,1619.062,1602.278,1592.548,1583.791,1579.534,1574.609,1570.899,1569.957,1566.977,1564.408,1646.549,1628.062,1610.062,1595.954,1589.872,1581.359,1568.71,1556.183,1551.014,1546.331,1542.713,1539.612,1538.373,1537.164,1611.521,1580.872,1568.71,1551.926,1541.953,1530.764,1525.047,1523.466,1518.844,1516.838,1515.105,1512.368,1510.262,1599.359,1573.575,1549.737,1533.926,1523.466,1517.628,1508.263,1504.493,1497.256,1495.006,1492.118,1489.761,1487.489,1487.139,1576.98,1559.953,1545.845,1534.656,1519.574,1512.52,1503.033,1494.033,1485.276,1477.614,1469.526,1465.239,1462.655,1460.777,1459.842,1459.439,1555.575,1538.547,1518.115,1505.466,1487.222,1000,1000,1000,1000,1000,1000,1000,1000,1000,1000,1000,1000,1000,1000,1000,1000,1000,1000,1000,1000,1000,1000,1000,1000,1000,1000,1000,1000,1000,1000,1000,1000,1000,1000,1000,1000,1000,1000,1000,1000,1000,1000,1000,1000,1000,1000,1000,1000,1000
1289.95,1179.333,1179.622,1180.094,1180.823,1181.675,1182.298,1183.469,1183.773,1184.837,1185.84,1187.543,1188.516,1190.888,1192.347,1195.57,1197.394,1201.165,1204.084,1206.395,1209.192,1212.111,1216.489,1220.381,1224.76,1231.084,1235.219,1239.354,1240.814,1247.138,1253.463,1260.274,1267.084,1275.841,1280.706,1282.652,1288.49,1293.842,1303.571,1192.955,1193.297,1193.86,1194.354,1194.856,1195.296,1195.92,1196.786,1197.577,1198.641,1199.644,1200.739,1202.138,1205.361,1206.577,1208.827,1210.651,1213.205,1214.786,1218.192,1221.354,1225.733,1229.625,1232.787,1236.435,1239.598,1243.976,1247.382,1252.976,1255.895,1262.22,1268.057,1277.301,1289.463,1300.166,1309.409,1314.274,1208.257,1208.333,1208.371,1208.485,1208.865,1209.215,1209.922,1210.743,1211.898,1213.479,1214.786,1216.489,1218.192,1220.381,1221.233,1222.814,1225.489,1227.314,1229.138,1232.908,1235.098,1237.408,1242.517,1245.192,1248.354,1254.436,1259.057,1265.139,1270.976,1274.868,1280.22,1284.112,1289.463,1294.815,1304.058,1311.842,1317.68,1324.977,1331.788,1223.901,1224.205,1224.334,1224.661,1224.851,1225.315,1226.098,1227.329,1228.53,1229.777,1230.78,1232.3,1233.03,1235.645,1237.408,1239.598,1242.881,1245.922,1247.99,1252.003,1254.922,1257.355,1261.733,1269.517,1274.625,1280.706,1290.436,1294.328,1299.193,1302.112,1309.409,1310.869,1319.626,1324.491,1332.275,1335.193,1345.41,1239.468,1239.734,1240.289,1240.974,1241.559,1242.121,1242.76,1243.642,1244.615,1246.53,1248.354,1250.665,1252.672,1255.53,1257.719,1259.179,1260.76,1263.557,1264.409,1267.206,1000,1000,1000,1000,1000,1000,1000,1000,1260.182,1258.601,1255.796,1347.842,1317.193,1299.68,1295.544,1297.004,1303.571,1314.761,1321.572,1329.356,1335.193,1338.112,1341.031,1348.815,1357.086,1254.922,1255.34,1255.515,1255.857,1256.45,1257.233,1258.054,1258.328,1260.03,1260.365,1261.307,1259.209,1000,1000,1000,1000,1157.137,1151.299,1145.461,1142.056,1141.083,1140.596,1141.083,1140.596,1140.596,1139.623,1138.65,1138.65,1138.65,1138.65,1138.65,1137.677,1136.218,1134.272,1131.839,1129.407,1127.948,1126.975,1126.488,1125.029,1125.515,1126.488,1126.488,1126.488,1126.488,1126.488,1125.029,1125.029,1125.029,1125.029,1124.056,1124.056,1124.056,1123.083,1123.083,1124.056,1125.029,1125.515,1126.488,1127.948,1127.948,1127.948,1128.921,1128.921,1128.921,1129.407,1131.353,1131.839,1133.786,1134.272,1134.272,1134.272,1134.272,1134.272,1136.218,1136.218,1136.704,1138.65,1139.623,1139.623,1139.623,1138.65,1138.65,1138.65,1139.623,1140.596,1140.596,1140.596,1141.083,1141.083,1143.029,1143.029,1144.002,1144.002,1144.002,1144.975,1146.434,1145.461,1144.002,1143.029,1137.677,1133.786,1131.839,1129.407,1127.948,1125.515,1125.515,1130.38,1131.353,1133.786,1136.704,1136.218,1136.704,1137.677,1144.002,1146.434,1159.083,1163.948,1068.261,1069.044,1070.42,1071.651,1072.548,1073.369,1074.099,1074.92,1075.528,1076.197,1076.623,1077.109,1077.596,1079.177,1080.819,1083.312,1000,1000,1000,1000,1000,1141.106,1140.414,1140.262,1140.148,1140.148,1140.186,1140.338,1000,1000,1155.328,1155.769,1156.529,1157.411,1000,1000,1000,1000,1468.492,1000,1000,1000,1000,1000,1000,1000,1185.11,1177.57,1172.705,1172.705,1170.759,1170.759,1169.786,1172.218,1000,1000,1000,1000,1000,1000,1000,1000,1000,1000,1000,1000,1000,1000,1000,1000,1000,1000,1000,1000,1000,1000,1000,1000,1000,1000,1000,1000,1000,1000,1000,1000,1000,1000,1000,1000,1000,1000,1000,1000,1000,1000,1000,1000,1000,1000,1000,1000,1000,1000,1000,1000,1000,1000,1000,1000,1000,1000,1000,1000,1000,1000,1000,1000,1000,1000,1524.439,1532.709,1531.493,1526.142,1524.439,1515.682,1509.844,1504.858,1499.202,1494.337,1491.418,1489.761,1487.192,1578.926,1562.872,1555.088,1537.574,1525.899,1513.979,1500.115,1491.358,1498.898,1506.682,1520.547,1546.331,1558.007,1559.953,1576.98,1000,1000,1000,1000,1685.468,1666.009,1656.279,1645.576,1644.846,1628.549,1000,1000,1000,1000,1000,1000,1000,1000,1000,1000,1000,1635.724,1000,1000,1000,1000,1000,1000,1000,1000,1000,1000,1000,1000,1000,1000,1000,1000,1000,1000,1000,1000,1000,1000,1608.846,1609.94,1606.413,1604.589,1600.089,1596.501,1593.886,1592.86,1591.765,1000,1000,1000,1619.792,1603.981,1596.927,1586.467,1580.507,1574.305,1570.322,1568.315,1565.951,1661.63,1645.576,1624.17,1603.737,1595.467,1587.197,1578.44,1568.71,1558.494,1550.71,1545.358,1541.375,1538.373,1537.635,1628.549,1606.656,1580.386,1566.034,1549.007,1538.547,1530.399,1523.77,1522.858,1517.689,1516.412,1514.132,1511.547,1509.996,1591.089,1562.386,1544.142,1532.223,1523.466,1518.601,1510.696,1505.952,1498.959,1495.736,1492.483,1489.761,1487.777,1487.245,1486.493,1565.791,1553.142,1538.547,1519.088,1510.088,1500.115,1488.439,1481.385,1475.79,1469.222,1465.057,1462.518,1460.693,1459.667,1459.325,1552.656,1535.628,1518.115,1504.006,1489.168,1475.06,1000,1000,1000,1000,1000,1000,1000,1000,1000,1000,1000,1000,1000,1000,1000,1000,1000,1000,1000,1000,1000,1000,1000,1000,1000,1000,1000,1000,1000,1000,1000,1000,1000,1000,1000,1000,1000,1000,1000,1000,1000,1000,1000,1000,1000,1000,1000,1000
1288.977,1179.333,1179.622,1180.238,1181.021,1181.918,1182.298,1183.317,1183.773,1184.654,1185.597,1187.786,1188.759,1191.192,1192.651,1195.205,1196.665,1199.584,1202.016,1205.057,1208.219,1212.111,1216.489,1221.597,1226.462,1230.354,1233.03,1239.354,1240.327,1248.598,1254.436,1261.733,1268.057,1276.814,1280.706,1283.625,1288.49,1296.76,1300.652,1192.841,1193.198,1193.647,1194.095,1194.749,1194.962,1195.54,1196.33,1197.394,1198.276,1199.219,1200.739,1201.651,1203.962,1205.969,1208.827,1211.381,1213.57,1215.273,1218.192,1221.354,1224.76,1228.408,1231.814,1235.219,1238.868,1242.03,1245.922,1251.03,1254.436,1259.301,1265.625,1275.355,1284.598,1296.274,1306.49,1309.409,1314.274,1317.193,1208.409,1208.561,1208.918,1209.283,1209.922,1210.864,1212.05,1213.844,1214.786,1215.82,1216.976,1218.496,1219.53,1221.841,1224.03,1226.219,1228.773,1231.571,1233.76,1236.922,1241.3,1245.679,1249.084,1253.949,1258.328,1263.679,1268.544,1273.895,1276.814,1282.652,1286.058,1294.815,1299.193,1309.896,1314.761,1322.058,1329.842,1223.901,1224.091,1224.243,1224.661,1224.782,1225.406,1226.098,1227.466,1228.53,1229.777,1230.78,1231.875,1233.516,1235.402,1236.496,1240.692,1242.152,1244.341,1247.138,1251.638,1253.949,1257.355,1262.22,1267.571,1273.895,1282.166,1288.004,1290.923,1298.22,1301.625,1307.463,1308.436,1317.68,1322.545,1327.41,1333.248,1341.518,1346.383,1239.62,1240.054,1240.639,1241.255,1241.878,1242.897,1243.794,1244.28,1246.165,1247.625,1250.969,1252.064,1254.557,1255.895,1258.814,1260.274,1263.193,1265.382,1268.057,1000,1000,1000,1000,1000,1000,1000,1000,1000,1258.905,1255.735,1343.95,1318.653,1302.599,1298.22,1296.274,1302.599,1312.815,1319.626,1325.95,1331.302,1333.248,1338.112,1345.896,1352.221,1359.032,1255.15,1255.568,1255.986,1256.541,1257.02,1257.811,1258.464,1259.361,1260.365,1260.912,1259.666,1000,1000,1000,1000,1159.083,1151.299,1146.434,1143.029,1141.083,1140.596,1141.083,1141.083,1141.083,1140.596,1140.596,1140.596,1140.596,1139.623,1139.623,1137.677,1136.218,1133.786,1131.353,1129.407,1128.921,1127.948,1127.948,1126.488,1126.975,1127.948,1128.921,1127.948,1127.948,1127.948,1126.488,1126.488,1126.488,1126.488,1125.515,1125.515,1125.515,1125.029,1125.515,1126.488,1126.975,1126.975,1128.921,1128.921,1129.407,1129.407,1130.38,1129.407,1130.38,1130.38,1131.839,1132.813,1134.272,1135.245,1136.218,1136.704,1136.704,1136.704,1137.677,1137.677,1138.65,1139.623,1140.596,1140.596,1141.083,1141.083,1140.596,1140.596,1141.083,1142.056,1142.056,1143.029,1143.029,1143.029,1144.002,1144.975,1145.461,1146.434,1146.434,1147.407,1148.38,1146.434,1144.002,1137.677,1136.218,1132.813,1132.813,1130.38,1129.407,1126.975,1127.948,1131.839,1132.813,1134.272,1140.596,1139.623,1140.596,1145.461,1151.299,1153.245,1166.867,1068.109,1068.983,1070.101,1070.998,1072.244,1073.035,1073.552,1074.312,1075.102,1075.528,1076.197,1076.866,1077.352,1077.839,1079.42,1081.427,1085.38,1000,1000,1000,1000,1000,1140.703,1140.338,1140.224,1140.148,1140.148,1140.148,1140.338,1000,1000,1155.769,1156.073,1156.377,1156.529,1158.779,1000,1000,1000,1000,1000,1000,1000,1000,1000,1000,1000,1179.273,1174.894,1172.218,1171.245,1170.759,1170.272,1169.786,1172.705,1000,1000,1000,1000,1000,1000,1000,1000,1000,1000,1000,1000,1000,1000,1000,1000,1000,1000,1000,1000,1000,1000,1000,1000,1000,1000,1000,1000,1000,1000,1000,1000,1000,1000,1000,1000,1000,1000,1000,1000,1000,1000,1000,1000,1000,1000,1000,1000,1000,1000,1000,1000,1000,1000,1000,1000,1000,1000,1000,1000,1000,1000,1000,1000,1000,1000,1000,1532.709,1530.764,1524.926,1522.25,1513.858,1507.412,1504.493,1499.81,1494.337,1491.418,1000,1000,1574.061,1556.061,1553.142,1539.52,1523.953,1512.52,1502.547,1490.871,1496.223,1501.817,1514.709,1537.088,1553.142,1561.899,1576.007,1576.98,1000,1000,1000,1000,1675.252,1658.711,1647.765,1642.9,1631.711,1000,1000,1000,1000,1000,1000,1000,1000,1000,1000,1000,1000,1000,1000,1000,1000,1000,1000,1000,1000,1000,1000,1000,1000,1000,1000,1000,1000,1000,1000,1000,1000,1000,1000,1610.305,1000,1608.116,1605.197,1600.089,1596.318,1593.886,1592.784,1591.917,1677.198,1660.171,1638.765,1625.63,1603.981,1597.413,1588.535,1580.872,1573.332,1568.923,1566.749,1564.924,1653.846,1642.657,1620.765,1603.737,1594.008,1584.035,1575.034,1568.71,1558.859,1550.102,1544.507,1540.767,1538.228,1537.316,1623.684,1597.9,1580.386,1563.845,1549.494,1538.061,1530.034,1522.554,1521.703,1517.446,1516.838,1515.469,1512.049,1510.11,1596.927,1569.196,1550.71,1535.872,1524.439,1519.574,1512.034,1506.317,1500.419,1498.108,1493.912,1490.932,1488.393,1487.777,1486.835,1573.088,1558.007,1540.493,1519.574,1510.088,1497.196,1487.101,1480.168,1475.425,1468.979,1465.817,1463.232,1460.952,1459.629,1559.467,1539.52,1522.98,1507.898,1497.196,1484.06,1476.763,1000,1000,1000,1000,1000,1000,1000,1000,1000,1000,1000,1000,1000,1000,1000,1000,1000,1000,1000,1000,1000,1000,1000,1000,1000,1000,1000,1000,1000,1000,1000,1000,1000,1000,1000,1000,1000,1000,1000,1000,1000,1000,1000,1000,1000,1000,1000,1000
1288.004,1179.219,1179.531,1180.17,1181.021,1181.675,1182.298,1183.317,1183.621,1184.837,1185.84,1187.543,1189.002,1191.192,1192.955,1195.205,1197.03,1198.489,1201.651,1204.084,1207.246,1211.624,1216.003,1220.381,1224.76,1228.408,1233.03,1235.949,1240.327,1246.165,1252.003,1260.274,1265.625,1272.922,1277.787,1280.706,1281.679,1291.896,1293.842,1303.571,1193.031,1193.525,1193.715,1194.179,1194.643,1195.175,1196.057,1196.938,1198.276,1199.462,1201.165,1201.895,1204.266,1205.969,1209.192,1209.922,1213.205,1214.422,1218.192,1220.868,1224.76,1227.922,1230.598,1234.733,1237.652,1242.03,1245.922,1250.301,1252.976,1256.868,1264.652,1271.949,1281.679,1292.382,1302.112,1307.463,1311.355,1317.193,1208.409,1208.599,1208.971,1209.283,1209.922,1210.53,1211.898,1212.81,1213.479,1215.638,1216.307,1217.462,1218.739,1221.233,1222.814,1225.125,1227.314,1230.841,1234.246,1238.381,1243.003,1247.382,1249.571,1253.219,1257.598,1265.139,1267.084,1271.463,1276.814,1281.679,1284.112,1291.896,1302.112,1306.977,1313.788,1322.058,1326.923,1223.825,1224.053,1224.288,1224.288,1224.6,1224.995,1225.778,1227.329,1228.378,1229.777,1230.78,1231.631,1234.064,1236.253,1238.381,1240.692,1242.517,1245.192,1247.99,1251.152,1252.976,1256.868,1260.03,1265.139,1273.166,1278.517,1288.004,1293.355,1296.76,1301.625,1306.004,1308.436,1314.761,1318.653,1329.356,1333.248,1340.545,1346.383,1239.544,1239.902,1240.563,1241.148,1241.878,1242.623,1243.642,1244.797,1246.53,1247.868,1250.118,1252.368,1254.922,1255.165,1259.179,1260.76,1263.193,1265.382,1270.49,1274.139,1000,1000,1000,1000,1000,1279.612,1000,1000,1258.328,1255.469,1340.058,1312.815,1300.652,1294.815,1293.355,1297.004,1310.382,1317.193,1324.004,1331.302,1336.167,1336.167,1343.95,1348.815,1360.978,1255.188,1255.469,1255.796,1256.366,1257.127,1257.811,1258.905,1259.361,1260.182,1260.73,1259.848,1000,1000,1000,1000,1161.029,1153.245,1148.38,1144.002,1142.056,1141.083,1142.056,1142.056,1142.056,1141.083,1141.083,1140.596,1141.083,1140.596,1139.623,1137.677,1136.218,1132.813,1131.353,1129.407,1129.407,1128.921,1128.921,1127.948,1129.407,1130.38,1131.353,1131.353,1130.38,1128.921,1127.948,1127.948,1126.975,1126.975,1126.975,1126.975,1126.975,1126.975,1126.975,1128.921,1128.921,1128.921,1130.38,1130.38,1131.353,1131.353,1131.839,1131.839,1131.839,1131.839,1133.786,1134.272,1135.245,1136.218,1137.677,1137.677,1138.65,1138.65,1139.623,1139.623,1140.596,1141.083,1142.056,1143.029,1143.029,1143.029,1143.029,1142.056,1143.029,1144.002,1144.002,1144.002,1144.975,1145.461,1146.434,1147.407,1148.38,1149.353,1148.38,1147.407,1147.407,1144.002,1141.083,1135.245,1131.839,1129.407,1129.407,1130.38,1131.353,1130.38,1132.813,1134.272,1133.786,1137.677,1143.029,1140.596,1143.029,1149.353,1158.11,1163.948,1068.109,1068.527,1069.637,1070.633,1071.651,1072.548,1073.369,1073.917,1074.494,1075.285,1075.71,1076.197,1076.866,1077.352,1077.839,1079.967,1082.947,1000,1000,1000,1000,1000,1000,1140.376,1140.3,1140.224,1140.186,1140.186,1140.224,1140.452,1000,1000,1155.465,1156.073,1156.529,1155.465,1155.921,1000,1000,1000,1000,1000,1000,1000,1000,1000,1000,1000,1174.408,1173.678,1172.218,1171.245,1171.245,1171.732,1170.759,1174.894,1000,1000,1000,1000,1000,1000,1000,1000,1000,1000,1000,1000,1000,1423.005,1000,1000,1000,1000,1000,1000,1000,1000,1000,1000,1000,1000,1000,1000,1000,1000,1000,1000,1000,1000,1000,1000,1000,1000,1000,1000,1000,1000,1000,1000,1000,1000,1000,1000,1000,1000,1000,1000,1000,1000,1000,1000,1000,1000,1000,1000,1000,1000,1000,1000,1000,1000,1517.628,1530.277,1524.926,1520.061,1517.142,1511.182,1505.588,1502.06,1498.351,1494.337,1000,1000,1000,1576.007,1555.088,1550.223,1533.682,1520.547,1511.304,1502.547,1491.358,1498.412,1506.682,1519.574,1537.574,1550.223,1556.061,1565.791,1000,1000,1000,1000,1697.144,1676.225,1654.819,1644.36,1637.305,1627.332,1000,1000,1000,1000,1000,1000,1000,1000,1000,1000,1000,1000,1000,1000,1000,1000,1000,1000,1000,1000,1000,1000,1000,1000,1000,1000,1000,1000,1000,1000,1000,1000,1000,1000,1612.129,1000,1607.386,1605.501,1598.751,1595.71,1593.475,1592.51,1688.874,1669.901,1648.981,1631.468,1617.603,1603.494,1597.413,1588.17,1580.872,1572.845,1568.011,1566.034,1564.674,1651.9,1641.684,1621.738,1601.305,1591.818,1582.089,1571.386,1565.305,1558.494,1550.102,1543.656,1540.767,1538.373,1537.316,1621.251,1596.44,1578.44,1561.899,1544.629,1535.872,1529.304,1000,1519.818,1517.446,1516.23,1514.77,1511.638,1509.996,1581.359,1556.061,1539.764,1529.791,1519.088,1517.142,1511.547,1505.588,1500.723,1498.108,1493.486,1490.035,1488.021,1487.367,1486.645,1569.683,1558.98,1537.088,1516.898,1507.412,1497.196,1485.641,1479.074,1474.452,1468.736,1464.692,1462.259,1460.458,1459.363,1551.683,1536.601,1519.574,1504.493,1496.223,1484.547,1477.249,1000,1000,1000,1000,1000,1000,1000,1000,1000,1000,1000,1000,1000,1000,1000,1000,1000,1000,1000,1000,1000,1000,1000,1000,1000,1000,1000,1000,1000,1000,1000,1000,1000,1000,1000,1000,1000,1000,1000,1000,1000,1000,1000,1000,1000,1000,1000,1000
1179.029,1179.295,1179.622,1180.314,1181.127,1181.675,1182.572,1183.165,1183.621,1184.472,1185.84,1187.3,1189.002,1191.496,1192.955,1194.84,1196.3,1198.854,1201.165,1203.719,1207.246,1210.651,1214.3,1218.678,1221.597,1226.462,1229.868,1233.76,1237.895,1246.165,1252.49,1261.247,1265.625,1274.868,1277.787,1281.679,1283.625,1289.463,1291.896,1301.625,1192.841,1193.297,1193.647,1194.179,1194.643,1195.175,1195.92,1196.786,1198.276,1199.219,1200.739,1201.651,1204.813,1206.273,1208.827,1209.922,1212.841,1214.786,1218.192,1221.354,1224.76,1226.949,1231.084,1234.733,1237.652,1240.814,1245.436,1248.841,1252.976,1255.409,1259.787,1268.544,1281.679,1292.382,1301.139,1305.517,1314.274,1317.193,1208.485,1208.675,1209.032,1209.427,1209.747,1210.423,1211.351,1213.145,1213.844,1215.638,1216.064,1218.192,1218.983,1221.537,1223.787,1225.489,1227.314,1232.057,1234.246,1238.381,1243.49,1247.382,1250.301,1255.652,1258.328,1265.139,1266.598,1271.463,1274.868,1281.193,1284.112,1291.896,1297.247,1305.031,1309.896,1317.68,1324.977,1330.815,1223.901,1224.167,1224.167,1224.433,1224.927,1225.489,1226.797,1227.77,1229.229,1230.598,1232.057,1234.55,1235.402,1238.381,1238.99,1240.692,1243.611,1246.409,1248.476,1252.49,1254.436,1259.057,1267.084,1273.166,1278.517,1286.544,1291.896,1294.815,1299.193,1304.058,1306.49,1311.842,1320.599,1325.464,1330.328,1339.572,1346.383,1239.544,1239.734,1240.289,1240.799,1241.878,1242.486,1243.642,1244.797,1246.53,1247.868,1249.328,1251.821,1254.192,1254.922,1256.99,1260.274,1263.193,1264.895,1271.949,1000,1000,1000,1000,1000,1294.571,1288.004,1000,1000,1260.03,1255.918,1346.869,1318.653,1301.139,1295.544,1294.085,1296.274,1311.355,1319.626,1324.004,1329.356,1333.248,1336.167,1342.004,1347.842,1356.113,1255.15,1255.302,1255.986,1256.207,1257.02,1257.02,1258.054,1258.601,1259.848,1260.547,1260.547,1000,1000,1000,1000,1162.002,1154.218,1148.38,1144.975,1143.029,1141.083,1142.056,1142.056,1142.056,1142.056,1142.056,1141.083,1141.083,1139.623,1138.65,1136.704,1135.245,1132.813,1131.353,1130.38,1129.407,1130.38,1131.353,1131.353,1131.839,1132.813,1132.813,1131.839,1131.839,1130.38,1129.407,1129.407,1128.921,1128.921,1128.921,1128.921,1127.948,1128.921,1128.921,1130.38,1130.38,1131.353,1132.813,1132.813,1133.786,1132.813,1133.786,1133.786,1133.786,1133.786,1136.218,1136.218,1136.704,1137.677,1138.65,1138.65,1140.596,1140.596,1141.083,1141.083,1141.083,1141.083,1142.056,1143.029,1144.002,1144.002,1144.975,1144.002,1144.002,1144.975,1145.461,1145.461,1146.434,1148.38,1148.38,1149.353,1150.326,1151.299,1149.353,1149.353,1148.38,1144.002,1140.596,1135.245,1132.813,1128.921,1129.407,1130.38,1131.353,1131.839,1135.245,1135.245,1135.245,1136.704,1143.029,1144.002,1150.326,1158.11,1167.84,1178.056,1068.451,1069.394,1070.313,1071.241,1071.94,1072.852,1073.734,1074.312,1074.92,1075.528,1075.954,1076.379,1076.866,1077.596,1078.629,1081.731,1087.569,1000,1000,1000,1223.057,1000,1000,1252.976,1140.224,1140.224,1140.186,1140.186,1140.3,1140.376,1000,1000,1155.465,1156.225,1156.377,1155.465,1155.465,1000,1000,1000,1000,1000,1000,1000,1000,1000,1000,1000,1171.732,1171.245,1170.759,1170.272,1170.759,1171.732,1172.218,1177.083,1000,1000,1000,1000,1000,1000,1000,1000,1000,1415.936,1418.779,1421.668,1000,1425.803,1000,1000,1000,1000,1000,1000,1000,1000,1000,1000,1000,1000,1000,1000,1000,1000,1000,1000,1000,1000,1000,1000,1000,1000,1000,1000,1000,1000,1000,1000,1000,1000,1000,1000,1000,1000,1000,1000,1000,1000,1000,1000,1000,1000,1000,1000,1000,1000,1000,1000,1000,1000,1511.547,1516.169,1515.682,1516.169,1513.371,1507.898,1504.493,1501.331,1498.108,1494.094,1000,1000,1000,1570.656,1555.088,1546.331,1533.682,1519.574,1513.979,1504.25,1497.682,1501.817,1509.358,1519.088,1536.115,1547.304,1550.223,1561.899,1000,1000,1000,1000,1687.414,1667.468,1648.495,1639.738,1632.441,1000,1000,1000,1000,1000,1000,1000,1000,1000,1000,1000,1000,1000,1000,1000,1000,1000,1000,1000,1000,1000,1000,1000,1000,1000,1000,1000,1000,1000,1000,1000,1000,1000,1000,1000,1609.575,1610.305,1605.805,1605.501,1598.994,1596.683,1593.673,1592.715,1686.928,1671.846,1643.63,1628.549,1617.603,1606.9,1599.116,1591.697,1582.697,1573.818,1567.342,1565.327,1564.408,1649.954,1630.981,1612.494,1594.737,1587.197,1578.44,1569.196,1565.791,1560.075,1550.102,1542.896,1540.098,1537.84,1628.549,1607.629,1584.278,1570.169,1557.277,1543.412,1535.385,1530.399,1522.554,1520.121,1517.689,1515.834,1514.588,1511.745,1510.148,1589.143,1562.386,1546.818,1535.872,1524.926,1520.061,1514.344,1504.858,1501.331,1497.56,1492.695,1489.381,1487.937,1487.086,1486.531,1570.656,1557.034,1539.52,1518.115,1507.412,1496.223,1485.641,1479.074,1474.452,1470.013,1466.242,1463.384,1460.868,1459.553,1548.764,1532.709,1511.79,1500.115,1492.817,1486.006,1477.979,1000,1000,1000,1000,1000,1000,1000,1000,1000,1000,1000,1000,1000,1000,1000,1000,1000,1000,1000,1000,1000,1000,1000,1000,1000,1000,1000,1000,1000,1000,1000,1000,1000,1000,1000,1000,1000,1000,1000,1000,1000,1000,1000,1000,1000,1000,1000,1000
1179.029,1179.295,1179.675,1180.314,1181.234,1181.675,1182.298,1182.708,1183.317,1184.137,1185.597,1187.117,1188.516,1191.192,1192.955,1193.624,1196.3,1199.219,1201.165,1204.57,1208.705,1211.138,1214.786,1218.678,1221.111,1224.76,1227.679,1233.76,1235.219,1243.246,1251.03,1258.328,1262.706,1272.922,1276.814,1278.76,1281.679,1287.517,1290.436,1298.707,1192.803,1193.244,1193.586,1194.095,1194.552,1194.856,1195.783,1196.634,1197.911,1199.219,1200.496,1202.381,1204.509,1205.665,1207.246,1208.462,1211.746,1212.476,1216.854,1219.53,1223.787,1225.246,1228.895,1231.814,1236.922,1240.814,1245.922,1249.571,1253.949,1255.409,1262.22,1269.517,1278.274,1290.436,1300.166,1307.463,1311.355,1208.295,1208.447,1208.675,1208.971,1209.359,1209.504,1209.922,1210.743,1212.354,1213.327,1214.604,1215.82,1217.949,1218.192,1220.928,1223.057,1225.854,1226.949,1230.841,1233.76,1238.868,1243.003,1247.868,1248.354,1255.165,1258.328,1262.949,1266.598,1270.976,1273.895,1279.247,1285.085,1289.463,1296.274,1303.085,1307.95,1312.815,1321.085,1332.761,1223.901,1224.129,1224.334,1224.539,1224.927,1225.687,1226.675,1228.074,1229.047,1230.78,1232.057,1233.76,1235.402,1237.408,1238.625,1241.787,1243.246,1246.409,1247.99,1251.152,1253.463,1259.544,1264.652,1276.571,1279.977,1285.085,1289.463,1294.328,1299.68,1301.625,1305.031,1309.409,1318.653,1322.545,1332.275,1341.518,1343.464,1239.43,1239.734,1240.107,1240.723,1241.559,1242.486,1243.642,1244.979,1246.348,1247.625,1249.632,1252.064,1254.922,1255.895,1258.084,1260.274,1262.706,1264.895,1270.49,1000,1000,1000,1000,1000,1000,1000,1000,1000,1000,1255.568,1341.031,1322.058,1302.112,1295.544,1290.679,1299.193,1312.328,1319.626,1324.977,1330.328,1332.275,1336.167,1340.058,1350.761,1354.167,1363.896,1255.226,1255.515,1256.062,1256.914,1256.914,1258.191,1258.905,1259.848,1260.365,1260.912,1259.361,1000,1000,1000,1000,1155.191,1151.299,1146.434,1144.002,1143.029,1143.029,1143.029,1143.029,1143.029,1142.056,1141.083,1141.083,1139.623,1138.65,1137.677,1135.245,1132.813,1131.839,1131.839,1131.353,1131.839,1133.786,1133.786,1134.272,1135.245,1135.245,1134.272,1133.786,1131.839,1131.839,1131.353,1131.353,1131.353,1130.38,1130.38,1130.38,1130.38,1130.38,1131.353,1131.839,1132.813,1133.786,1133.786,1134.272,1134.272,1134.272,1134.272,1136.218,1136.218,1136.704,1137.677,1138.65,1138.65,1138.65,1138.65,1140.596,1140.596,1140.596,1141.083,1141.083,1141.083,1142.056,1144.002,1144.975,1144.975,1145.461,1144.975,1145.461,1145.461,1146.434,1146.434,1148.38,1151.299,1151.299,1152.272,1153.245,1153.245,1150.326,1148.38,1146.434,1141.083,1138.65,1135.245,1133.786,1129.407,1128.921,1129.407,1130.38,1131.353,1134.272,1134.272,1134.272,1136.218,1143.029,1144.002,1149.353,1159.083,1172.218,1068.147,1068.656,1069.903,1070.754,1071.514,1072.244,1073.369,1073.917,1074.494,1075.285,1075.71,1076.197,1076.623,1076.866,1077.352,1078.386,1000,1000,1000,1216.246,1000,1220.868,1000,1000,1250.057,1140.186,1140.186,1140.186,1140.186,1140.224,1140.376,1000,1000,1155.617,1156.711,1156.529,1156.225,1156.073,1000,1000,1000,1000,1000,1000,1000,1000,1000,1000,1000,1171.732,1171.732,1171.245,1171.245,1171.732,1172.218,1173.191,1178.543,1000,1000,1000,1000,1000,1000,1000,1000,1000,1416.194,1418.627,1422.762,1000,1000,1000,1000,1000,1000,1000,1000,1000,1000,1000,1000,1000,1000,1000,1000,1000,1000,1000,1000,1000,1000,1000,1000,1000,1000,1000,1000,1000,1000,1000,1000,1000,1000,1000,1000,1000,1000,1000,1000,1000,1000,1000,1000,1000,1000,1000,1000,1000,1000,1000,1000,1000,1000,1000,1514.709,1515.196,1513.371,1512.885,1507.898,1504.858,1501.696,1499.506,1494.581,1491.601,1488.591,1487.245,1575.034,1559.953,1546.331,1537.574,1519.088,1510.574,1504.979,1497.682,1499.385,1507.898,1516.169,1532.223,1541.466,1547.304,1556.061,1000,1000,1000,1000,1692.279,1661.144,1641.684,1637.792,1628.549,1000,1000,1000,1000,1000,1000,1000,1000,1000,1000,1000,1000,1000,1000,1000,1000,1000,1000,1000,1000,1000,1000,1000,1000,1000,1000,1000,1000,1000,1000,1000,1000,1000,1000,1000,1000,1605.501,1602.886,1601.548,1597.778,1595.254,1593.103,1592.077,1677.198,1650.927,1633.9,1619.062,1610.062,1599.116,1596.44,1589.021,1581.967,1573.332,1568.163,1564.924,1658.711,1649.954,1624.17,1609.089,1596.927,1591.089,1576.737,1566.764,1562.142,1558.007,1547.852,1541.527,1539.186,1537.681,1624.657,1609.575,1586.71,1577.953,1563.115,1000,1000,1000,1000,1521.703,1517.689,1515.469,1513.979,1511.745,1510.186,1594.981,1572.115,1552.169,1539.764,1529.061,1523.466,1516.655,1507.047,1502.669,1497.804,1493.06,1489.898,1488.287,1487.245,1486.607,1570.656,1552.169,1536.115,1517.628,1505.466,1494.033,1485.641,1476.885,1471.411,1467.763,1464.357,1461.666,1460.534,1459.439,1548.764,1530.764,1512.763,1499.141,1494.763,1486.736,1479.682,1000,1000,1000,1000,1000,1000,1000,1000,1000,1000,1000,1000,1000,1000,1000,1000,1000,1000,1000,1000,1000,1000,1000,1000,1000,1000,1000,1000,1000,1000,1000,1000,1000,1000,1000,1000,1000,1000,1000,1000,1000,1000,1000,1000,1000,1000,1000,1000
1289.95,1179.257,1179.531,1180.17,1180.823,1181.34,1181.918,1182.298,1182.86,1183.621,1184.654,1186.023,1188.029,1189.793,1191.739,1192.955,1195.205,1197.394,1199.948,1203.232,1207.246,1210.165,1214.786,1218.678,1220.381,1224.03,1226.462,1231.084,1234.49,1241.787,1249.571,1258.328,1263.679,1271.949,1276.814,1278.76,1280.706,1287.517,1290.436,1295.788,1192.765,1193.198,1193.404,1193.936,1194.27,1194.856,1195.661,1196.482,1197.577,1198.854,1199.827,1201.408,1203.415,1205.117,1207.246,1208.827,1212.111,1214.057,1216.489,1218.678,1221.841,1224.273,1227.922,1231.084,1236.435,1240.084,1245.436,1249.571,1252.976,1255.895,1261.247,1268.544,1276.328,1289.463,1300.166,1306.49,1311.355,1208.295,1208.561,1208.865,1209.093,1209.427,1209.587,1210.013,1210.53,1212.202,1213.479,1214.604,1216.064,1217.705,1219.287,1221.233,1223.787,1226.584,1227.679,1231.206,1232.422,1236.071,1239.354,1245.192,1247.868,1254.436,1259.544,1262.949,1266.598,1270.976,1274.868,1279.247,1285.085,1290.923,1295.301,1298.22,1306.977,1309.896,1318.653,1329.842,1223.863,1224.091,1224.38,1224.6,1224.851,1225.581,1226.31,1227.466,1229.047,1230.962,1232.543,1234.064,1234.854,1235.949,1237.408,1239.963,1241.787,1244.706,1246.409,1249.814,1252.976,1260.76,1265.868,1273.895,1279.977,1284.112,1291.896,1290.923,1298.22,1301.625,1303.085,1307.463,1315.734,1319.626,1329.356,1338.599,1345.41,1239.392,1239.544,1239.811,1240.35,1241.057,1242.365,1243.49,1244.615,1246.53,1247.625,1249.328,1252.368,1253.949,1254.192,1256.26,1258.449,1260.274,1263.557,1268.057,1000,1000,1000,1000,1000,1000,1000,1000,1000,1257.932,1255.621,1341.031,1317.68,1303.571,1295.544,1290.193,1299.68,1312.815,1318.653,1322.058,1326.437,1328.383,1333.248,1338.112,1345.896,1349.788,1363.896,1254.998,1255.302,1255.796,1256.366,1257.02,1257.689,1258.753,1259.666,1260.547,1261.125,1260.182,1000,1000,1000,1000,1157.137,1152.272,1147.407,1144.002,1143.029,1143.029,1143.029,1143.029,1143.029,1143.029,1142.056,1142.056,1140.596,1139.623,1137.677,1136.218,1133.786,1132.813,1132.813,1133.786,1134.272,1136.218,1136.704,1136.704,1136.704,1136.704,1136.218,1136.218,1134.272,1134.272,1134.272,1132.813,1132.813,1131.839,1131.353,1131.353,1131.839,1131.839,1133.786,1133.786,1134.272,1134.272,1135.245,1135.245,1135.245,1136.218,1136.704,1137.677,1137.677,1138.65,1139.623,1139.623,1139.623,1140.596,1141.083,1142.056,1143.029,1142.056,1143.029,1142.056,1142.056,1143.029,1144.002,1144.975,1145.461,1145.461,1145.461,1146.434,1147.407,1147.407,1148.38,1150.326,1152.272,1152.272,1153.245,1154.218,1154.218,1151.299,1149.353,1147.407,1144.002,1143.029,1138.65,1136.704,1132.813,1131.353,1131.839,1134.272,1134.272,1137.677,1141.083,1142.056,1143.029,1150.326,1153.245,1160.056,1167.84,1182.921,1068.527,1069.105,1070.101,1071.119,1071.651,1072.396,1073.217,1073.917,1074.677,1075.528,1075.954,1076.379,1076.623,1076.866,1077.352,1078.629,1000,1000,1212.354,1000,1000,1000,1000,1000,1250.057,1140.11,1140.11,1140.148,1140.148,1140.262,1140.414,1000,1000,1155.921,1157.593,1157.776,1157.046,1156.711,1000,1000,1000,1000,1000,1000,1000,1000,1000,1000,1000,1171.245,1171.245,1170.759,1170.759,1171.245,1172.218,1173.191,1179.759,1000,1000,1000,1000,1000,1000,1000,1000,1415.244,1417.259,1419.235,1000,1000,1000,1000,1000,1000,1000,1000,1000,1000,1000,1000,1000,1000,1000,1000,1000,1000,1000,1000,1000,1000,1000,1000,1000,1000,1000,1000,1000,1000,1000,1000,1000,1000,1000,1000,1000,1000,1000,1000,1000,1000,1000,1000,1000,1000,1000,1000,1000,1000,1000,1000,1000,1000,1000,1000,1516.655,1514.709,1512.885,1511.547,1507.047,1503.763,1499.81,1497.013,1493.06,1490.476,1487.777,1486.949,1570.656,1550.223,1534.656,1529.791,1513.979,1506.682,1502.547,1498.898,1500.115,1507.412,1516.169,1529.791,1537.574,1543.899,1549.25,1000,1000,1000,1000,1689.36,1663.576,1642.9,1635.359,1624.657,1000,1000,1000,1000,1000,1000,1000,1000,1000,1000,1000,1000,1000,1000,1000,1000,1000,1000,1000,1000,1000,1000,1000,1000,1000,1000,1000,1000,1000,1000,1000,1000,1000,1000,1000,1000,1605.805,1603.19,1602.096,1597.778,1595.862,1592.86,1591.651,1666.981,1642.17,1625.63,1613.711,1603.494,1592.183,1589.872,1583.062,1000,1572.176,1567.099,1564.75,1653.846,1647.522,1619.792,1605.683,1595.467,1588.413,1576.251,1564.453,1560.44,1553.629,1545.845,1540.357,1539.186,1537.681,1628.549,1611.521,1587.683,1574.061,1561.169,1000,1541.466,1534.047,1527.115,1523.466,1518.601,1514.588,1513.523,1511.213,1510.034,1594.981,1576.494,1557.034,1542.683,1531.493,1525.655,1517.142,1506.317,1502.304,1496.77,1491.935,1489.761,1488.021,1486.949,1577.953,1561.899,1543.899,1530.277,1514.709,1503.52,1494.033,1486.614,1476.155,1469.77,1466.668,1462.928,1461.043,1460.184,1459.477,1548.764,1531.737,1511.79,1498.655,1492.087,1484.547,1475.547,1000,1000,1000,1000,1000,1000,1000,1000,1000,1000,1000,1000,1000,1000,1000,1000,1000,1000,1000,1000,1000,1000,1000,1000,1000,1000,1000,1000,1000,1000,1000,1000,1000,1000,1000,1000,1000,1000,1000,1000,1000,1000,1000,1000,1000,1000,1000,1000
1288.004,1179.143,1179.447,1179.964,1180.398,1180.93,1181.553,1182.039,1182.435,1183.621,1184.654,1185.84,1187.786,1189.793,1191.192,1192.651,1195.57,1197.759,1199.948,1202.867,1206.881,1209.192,1212.111,1216.003,1217.462,1221.111,1224.03,1229.868,1233.03,1240.327,1246.165,1255.895,1260.274,1269.031,1275.841,1279.733,1281.679,1287.517,1291.896,1298.707,1192.765,1193.107,1193.464,1193.791,1194.27,1194.856,1195.661,1196.634,1197.759,1199.219,1200.07,1201.651,1202.928,1204.813,1206.881,1208.827,1210.651,1213.205,1216.003,1216.854,1220.503,1222.327,1227.435,1230.111,1235.949,1239.598,1245.436,1248.111,1253.949,1256.868,1260.76,1269.517,1277.301,1288.49,1296.274,1305.517,1312.328,1208.295,1208.523,1208.865,1208.971,1209.283,1209.504,1210.119,1210.636,1212.05,1213.327,1214.422,1215.82,1217.705,1218.983,1221.841,1224.03,1225.854,1227.314,1229.989,1232.057,1235.584,1239.354,1243.976,1246.652,1253.219,1256.868,1262.949,1268.057,1270.976,1276.328,1279.247,1286.058,1289.463,1294.815,1298.22,1306.004,1309.896,1319.626,1329.842,1223.825,1224.167,1224.288,1224.539,1224.722,1225.315,1226.204,1227.618,1229.594,1230.962,1232.057,1233.516,1233.516,1235.098,1237.104,1239.354,1241.057,1243.976,1245.192,1248.841,1251.638,1256.868,1265.139,1273.166,1278.517,1285.571,1290.436,1290.923,1295.788,1299.193,1303.085,1302.112,1310.382,1321.572,1332.275,1340.545,1239.354,1239.43,1239.544,1239.772,1240.289,1240.974,1242.121,1242.76,1244.098,1245.74,1247.199,1248.598,1251.517,1253.949,1253.584,1255.53,1256.99,1259.544,1260.76,1264.044,1000,1000,1000,1000,1000,1000,1000,1000,1000,1000,1361.951,1324.004,1302.112,1290.193,1286.301,1285.085,1294.815,1310.382,1316.22,1321.572,1324.977,1327.41,1332.275,1342.004,1344.923,1352.221,1360.978,1255.036,1255.378,1255.675,1256.207,1256.823,1258.054,1259.057,1259.848,1260.912,1261.49,1260.73,1000,1000,1000,1000,1159.083,1153.245,1148.38,1145.461,1144.002,1144.002,1143.029,1144.002,1143.029,1142.056,1141.083,1141.083,1140.596,1140.596,1137.677,1137.677,1135.245,1135.245,1135.245,1136.218,1136.218,1137.677,1138.65,1138.65,1138.65,1137.677,1137.677,1136.704,1136.218,1135.245,1134.272,1133.786,1132.813,1132.813,1131.839,1131.839,1132.813,1132.813,1134.272,1134.272,1136.218,1136.704,1136.704,1136.704,1137.677,1137.677,1138.65,1139.623,1139.623,1139.623,1140.596,1140.596,1141.083,1141.083,1141.083,1143.029,1144.002,1144.002,1144.002,1144.002,1144.002,1144.002,1144.975,1144.975,1145.461,1146.434,1145.461,1146.434,1147.407,1148.38,1150.326,1153.245,1155.191,1155.191,1155.191,1155.191,1155.191,1151.299,1151.299,1147.407,1144.975,1144.002,1141.083,1139.623,1133.786,1129.407,1128.921,1131.839,1133.786,1139.623,1149.353,1149.353,1150.326,1159.083,1161.029,1167.84,1175.137,1068.413,1068.922,1069.394,1070.754,1071.119,1071.788,1072.548,1073.369,1074.099,1074.677,1075.528,1075.954,1076.379,1076.379,1077.109,1076.866,1000,1000,1000,1211.138,1000,1000,1000,1000,1000,1252.003,1252.003,1252.003,1252.976,1252.976,1140.148,1140.338,1142.01,1000,1155.191,1157.228,1157.593,1157.046,1156.377,1000,1000,1000,1000,1000,1000,1000,1000,1000,1000,1176.354,1170.759,1170.272,1170.759,1170.272,1170.272,1172.218,1172.705,1180.246,1000,1000,1000,1000,1000,1000,1497.682,1000,1415.039,1418.171,1419.934,1000,1000,1000,1000,1000,1000,1000,1000,1000,1000,1000,1000,1000,1000,1000,1000,1000,1000,1000,1000,1000,1000,1000,1000,1000,1000,1000,1000,1000,1000,1000,1000,1000,1000,1000,1000,1000,1000,1000,1000,1000,1000,1000,1000,1000,1000,1000,1000,1000,1000,1000,1000,1000,1000,1000,1000,1509.115,1511.182,1510.696,1510.331,1506.317,1503.763,1499.202,1496.77,1493.304,1490.932,1488.112,1487.139,1575.034,1552.169,1534.656,1528.818,1519.088,1509.358,1504.25,1502.547,1504.979,1509.358,1518.115,1527.358,1534.656,1536.115,1546.331,1000,1000,1000,1000,1000,1000,1632.927,1625.873,1621.251,1000,1000,1000,1000,1000,1000,1000,1000,1000,1000,1000,1000,1000,1000,1000,1000,1000,1000,1000,1000,1000,1000,1000,1000,1000,1000,1000,1000,1000,1000,1000,1000,1000,1000,1000,1000,1605.501,1601.852,1600.575,1596.501,1595.117,1592.221,1684.009,1662.117,1644.603,1624.657,1611.278,1598.629,1590.359,1585.251,1579.899,1000,1571.507,1000,1564.56,1649.954,1635.846,1612.494,1601.792,1593.278,1584.521,1573.332,1563.48,1556.183,1551.014,1545.845,1540.22,1539.079,1537.635,1628.549,1607.629,1590.116,1570.169,1559.223,1000,1538.547,1532.466,1527.115,1522.554,1517.689,1514.132,1512.49,1510.719,1610.062,1586.224,1571.142,1555.088,1540.493,1531.493,1524.926,1515.196,1503.398,1499.81,1493.912,1490.172,1488.393,1487.306,1486.493,1568.71,1556.061,1541.953,1528.818,1512.52,1501.331,1492.817,1484.79,1475.425,1469.222,1466.06,1462.381,1460.693,1459.796,1459.287,1544.385,1531.737,1510.331,1498.655,1491.358,1484.06,1471.168,1000,1000,1000,1000,1000,1000,1000,1000,1000,1000,1000,1000,1000,1000,1000,1000,1000,1000,1000,1000,1000,1000,1000,1000,1000,1000,1000,1000,1000,1000,1000,1000,1000,1000,1000,1000,1000,1000,1000,1000,1000,1000,1000,1000,1000,1000,1000,1000
1285.085,1179.105,1179.409,1179.843,1180.398,1181.021,1181.675,1182.161,1182.572,1183.317,1184.29,1185.597,1186.874,1189.002,1191.192,1191.739,1194.597,1196.665,1199.219,1202.381,1207.246,1210.165,1213.327,1216.976,1219.165,1221.111,1224.76,1229.138,1231.814,1238.868,1245.679,1252.003,1257.355,1269.031,1275.841,1281.679,1286.544,1290.436,1293.842,1302.599,1192.841,1193.198,1193.586,1193.791,1194.354,1194.962,1195.661,1196.482,1197.759,1199.036,1199.644,1200.922,1202.381,1203.962,1205.665,1209.192,1212.111,1214.057,1214.786,1216.003,1219.53,1221.841,1226.219,1230.598,1235.949,1239.598,1243.976,1248.111,1252.49,1255.409,1262.22,1268.544,1279.733,1289.463,1297.247,1307.463,1314.274,1208.219,1208.447,1208.675,1208.865,1209.032,1209.359,1210.119,1210.864,1211.761,1213.145,1214.422,1216.064,1217.705,1219.834,1220.928,1223.787,1225.489,1227.314,1229.138,1231.571,1234.611,1237.408,1242.517,1246.165,1252.49,1256.868,1262.22,1268.544,1271.463,1275.355,1279.247,1283.625,1286.058,1293.842,1296.274,1306.004,1309.896,1319.626,1327.896,1223.825,1224.091,1224.334,1224.539,1224.722,1225.231,1225.885,1227.329,1228.53,1230.598,1231.631,1232.3,1233.03,1234.307,1235.645,1238.017,1239.598,1242.152,1243.976,1247.99,1250.665,1255.409,1263.436,1271.22,1277.058,1282.652,1290.436,1290.923,1296.76,1300.652,1304.058,1306.49,1313.788,1322.545,1331.302,1340.545,1348.329,1239.506,1239.62,1239.902,1240.35,1241.057,1242,1243.034,1244.28,1245.557,1247.199,1248.111,1250.422,1251.821,1252.368,1253.949,1255.895,1258.084,1259.909,1262.341,1000,1000,1000,1000,1000,1000,1000,1000,1000,1000,1000,1000,1299.68,1286.301,1285.571,1282.652,1296.274,1307.463,1312.328,1317.193,1321.572,1322.058,1328.383,1337.139,1344.923,1356.113,1361.951,1255.112,1255.34,1255.675,1256.29,1256.541,1257.339,1258.905,1260.03,1260.73,1261.733,1262.098,1261.49,1000,1000,1000,1000,1153.245,1148.38,1145.461,1144.975,1144.975,1144.002,1144.002,1142.056,1142.056,1141.083,1141.083,1140.596,1140.596,1138.65,1138.65,1136.704,1136.704,1137.677,1137.677,1138.65,1139.623,1141.083,1140.596,1140.596,1139.623,1139.623,1137.677,1137.677,1137.677,1136.704,1136.218,1135.245,1135.245,1135.245,1134.272,1134.272,1135.245,1136.218,1136.218,1137.677,1137.677,1138.65,1139.623,1139.623,1139.623,1140.596,1141.083,1141.083,1141.083,1141.083,1141.083,1142.056,1142.056,1143.029,1144.002,1144.975,1144.002,1144.002,1144.002,1144.975,1144.975,1144.975,1146.434,1147.407,1146.434,1146.434,1147.407,1148.38,1149.353,1151.299,1153.245,1155.191,1156.164,1156.164,1157.137,1156.164,1152.272,1153.245,1150.326,1149.353,1146.434,1145.461,1141.083,1138.65,1132.813,1133.786,1137.677,1139.623,1144.975,1154.218,1153.245,1154.218,1162.975,1167.84,1176.11,1068.185,1068.755,1069.318,1069.903,1070.633,1071.514,1071.788,1072.7,1073.369,1073.917,1074.494,1075.528,1075.954,1076.379,1076.623,1077.109,1076.866,1000,1000,1000,1209.678,1000,1000,1000,1000,1248.111,1140.11,1248.111,1248.111,1250.057,1251.03,1252.003,1140.262,1142.314,1000,1154.553,1156.377,1156.377,1157.411,1157.776,1000,1000,1000,1000,1000,1000,1000,1000,1000,1000,1000,1171.732,1169.786,1169.299,1169.299,1169.299,1170.272,1170.759,1178.543,1000,1000,1000,1000,1000,1000,1498.655,1000,1415.632,1419.752,1420.695,1000,1000,1000,1000,1000,1000,1000,1000,1000,1000,1000,1000,1000,1000,1000,1000,1000,1000,1000,1000,1000,1000,1000,1000,1000,1000,1000,1000,1000,1000,1000,1000,1000,1000,1000,1000,1000,1000,1000,1000,1000,1000,1000,1000,1000,1000,1000,1000,1000,1000,1000,1000,1000,1000,1000,1000,1505.223,1507.898,1507.412,1509.844,1505.588,1503.398,1499.202,1497.013,1492.118,1490.172,1487.861,1486.994,1575.034,1554.115,1533.682,1527.358,1514.709,1504.25,1500.601,1498.412,1501.817,1506.682,1517.628,1524.926,1536.115,1533.682,1540.493,1000,1000,1000,1000,1650.441,1634.873,1631.224,1626.359,1622.711,1000,1000,1000,1000,1000,1000,1000,1000,1000,1000,1000,1000,1000,1000,1000,1000,1000,1000,1000,1000,1000,1000,1000,1000,1000,1000,1000,1000,1000,1000,1000,1000,1000,1000,1000,1000,1603.737,1601.548,1599.42,1596.683,1595.254,1592.449,1684.009,1667.954,1642.17,1623.197,1610.548,1599.602,1590.359,1589.386,1583.062,1577.649,1572.602,1000,1564.56,1650.927,1635.846,1610.548,1598.873,1595.467,1587.197,1574.548,1564.94,1559.223,1552.899,1546.818,1540.767,1538.882,1537.506,1622.711,1601.792,1585.251,1568.224,1556.061,1547.304,1539.034,1531.98,1527.115,1523.162,1517.263,1513.828,1511.745,1510.224,1597.9,1583.305,1566.764,1555.088,1540.493,1535.872,1525.655,1516.655,1504.128,1500.419,1493.304,1490.035,1488.393,1487.306,1581.845,1566.764,1553.142,1535.142,1525.899,1510.088,1499.385,1488.925,1484.303,1475.79,1469.77,1466.242,1463.08,1461.149,1460.063,1459.401,1545.358,1526.872,1506.439,1494.277,1486.736,1478.466,1000,1000,1000,1000,1000,1000,1000,1000,1000,1000,1000,1000,1000,1000,1000,1000,1000,1000,1000,1000,1000,1000,1000,1000,1000,1000,1000,1000,1000,1000,1000,1000,1000,1000,1000,1000,1000,1000,1000,1000,1000,1000,1000,1000,1000,1000,1000,1000,1000
1289.95,1179.219,1179.485,1179.843,1180.314,1180.93,1181.34,1181.796,1182.572,1183.012,1183.955,1185.415,1186.874,1188.273,1190.888,1191.739,1193.867,1195.57,1198.124,1200.435,1205.057,1209.192,1212.597,1217.462,1219.895,1222.814,1224.76,1231.084,1231.814,1237.895,1243.246,1249.571,1254.436,1265.625,1271.949,1278.76,1286.544,1293.842,1298.707,1192.727,1192.917,1193.244,1193.525,1193.715,1194.095,1194.962,1195.54,1196.33,1197.911,1198.854,1199.827,1200.922,1202.624,1204.266,1205.969,1208.462,1211.381,1212.476,1214.057,1215.273,1219.043,1221.841,1225.733,1230.111,1235.949,1238.868,1243.49,1248.111,1252.976,1257.355,1262.22,1270.976,1279.247,1290.436,1296.274,1304.058,1309.409,1315.247,1208.333,1208.561,1208.675,1209.154,1209.587,1210.21,1210.864,1211.898,1212.658,1213.479,1214.786,1216.976,1218.739,1220.381,1222.814,1224.76,1226.219,1228.408,1231.206,1233.273,1236.435,1239.841,1242.517,1247.382,1252.49,1260.274,1265.139,1271.463,1276.328,1279.247,1284.112,1286.544,1290.923,1298.22,1305.031,1310.869,1316.707,1329.842,1223.825,1224.091,1224.288,1224.782,1224.722,1225.231,1226.098,1226.918,1228.53,1229.777,1230.962,1231.388,1232.057,1234.064,1234.854,1237.104,1239.354,1240.692,1243.611,1247.138,1250.665,1255.409,1262.22,1270.733,1277.058,1279.977,1288.004,1291.896,1294.815,1299.68,1302.112,1306.49,1315.734,1322.545,1333.248,1340.545,1345.41,1239.392,1239.544,1239.811,1240.168,1240.882,1241.665,1242.486,1243.946,1245.344,1246.53,1247.868,1250.118,1250.665,1251.213,1252.976,1254.922,1256.625,1259.544,1261.49,1000,1000,1000,1000,1000,1000,1000,1263.193,1257.689,1255.264,1352.221,1317.68,1298.22,1284.355,1280.22,1280.22,1292.139,1299.68,1306.49,1312.328,1316.22,1320.599,1325.95,1336.167,1342.977,1354.167,1363.896,1255.112,1255.378,1255.675,1256.207,1256.625,1257.811,1258.905,1260.547,1261.307,1262.341,1263.193,1263.922,1000,1000,1000,1000,1155.191,1149.353,1147.407,1146.434,1145.461,1144.975,1144.002,1142.056,1141.083,1141.083,1141.083,1141.083,1142.056,1141.083,1141.083,1140.596,1140.596,1140.596,1141.083,1141.083,1141.083,1142.056,1142.056,1141.083,1141.083,1140.596,1139.623,1139.623,1139.623,1138.65,1137.677,1136.704,1136.704,1136.218,1135.245,1136.218,1136.704,1136.704,1137.677,1138.65,1139.623,1139.623,1140.596,1141.083,1142.056,1143.029,1143.029,1143.029,1143.029,1142.056,1142.056,1143.029,1144.002,1144.002,1144.975,1144.975,1144.975,1145.461,1145.461,1146.434,1146.434,1146.434,1147.407,1148.38,1147.407,1147.407,1148.38,1148.38,1150.326,1151.299,1154.218,1156.164,1156.164,1156.164,1156.164,1155.191,1151.299,1152.272,1150.326,1149.353,1146.434,1144.975,1140.596,1136.704,1133.786,1135.245,1140.596,1142.056,1149.353,1155.191,1155.191,1156.164,1167.84,1169.786,1180.002,1068.261,1068.702,1069.318,1070.009,1070.754,1071.514,1071.94,1072.548,1073.369,1074.099,1074.494,1075.71,1075.954,1076.623,1076.866,1077.352,1000,1000,1000,1000,1000,1000,1000,1000,1252.003,1140.3,1140.376,1250.057,1250.057,1250.057,1251.03,1252.003,1140.262,1141.904,1000,1154.203,1155.921,1156.529,1158.353,1000,1000,1000,1000,1000,1000,1000,1000,1000,1000,1000,1000,1175.867,1171.732,1169.786,1169.786,1169.786,1169.299,1170.272,1179.273,1000,1000,1000,1000,1000,1506.925,1414.568,1000,1416.59,1419.417,1418.779,1000,1000,1000,1000,1000,1000,1000,1000,1000,1000,1000,1000,1000,1000,1000,1000,1000,1000,1000,1000,1000,1000,1000,1000,1000,1000,1000,1000,1000,1000,1000,1000,1000,1000,1000,1000,1000,1000,1000,1000,1000,1000,1000,1000,1000,1000,1000,1000,1000,1000,1000,1000,1000,1000,1000,1000,1511.182,1512.034,1509.115,1512.034,1507.412,1503.033,1498.959,1495.736,1491.236,1488.804,1487.139,1486.607,1572.115,1544.872,1532.709,1524.926,1512.034,1501.331,1501.331,1494.52,1497.682,1502.547,1512.034,1516.169,1529.791,1529.791,1538.547,1000,1000,1000,1000,1648.495,1632.927,1630.008,1626.846,1622.224,1000,1000,1000,1000,1000,1000,1000,1000,1000,1000,1000,1000,1000,1000,1000,1000,1000,1000,1000,1000,1000,1000,1000,1000,1000,1000,1000,1000,1000,1000,1000,1000,1000,1000,1000,1000,1000,1602.886,1598.568,1595.862,1593.886,1592.274,1678.171,1663.09,1633.9,1618.332,1603.981,1594.008,1585.251,1586.953,1580.143,1576.19,1571.751,1567.463,1564.522,1645.576,1632.927,1613.954,1604.224,1599.845,1590.359,1574.061,1565.305,1558.007,1553.264,1547.852,1541.527,1539.079,1537.635,1623.684,1603.737,1584.278,1567.494,1555.575,1547.304,1538.061,1531.25,1527.115,1522.554,1517.02,1513.979,1511.638,1510.262,1600.332,1581.359,1562.386,1552.169,1537.331,1531.493,1522.25,1512.885,1502.304,1499.506,1493.304,1490.172,1488.697,1487.428,1583.791,1564.818,1550.223,1532.223,1520.547,1506.196,1495.493,1486.128,1482.601,1474.452,1468.979,1464.509,1461.773,1460.245,1459.515,1552.656,1540.493,1522.493,1506.439,1494.763,1486.736,1473.357,1000,1000,1000,1000,1000,1000,1000,1000,1000,1000,1000,1000,1000,1000,1000,1000,1000,1000,1000,1000,1000,1000,1000,1000,1000,1000,1000,1000,1000,1000,1000,1000,1000,1000,1000,1000,1000,1000,1000,1000,1000,1000,1000,1000,1000,1000,1000,1000,1000
1288.977,1179.143,1179.447,1179.843,1180.238,1180.823,1181.553,1182.161,1183.165,1183.955,1184.654,1185.597,1186.874,1187.786,1190.34,1191.739,1193.259,1195.205,1198.124,1199.948,1204.57,1209.678,1213.814,1216.976,1219.165,1222.327,1224.03,1229.868,1232.3,1239.354,1243.733,1248.598,1252.49,1261.733,1269.031,1276.814,1284.598,1294.815,1298.707,1192.651,1192.841,1193.107,1193.297,1193.464,1193.791,1194.445,1195.54,1196.057,1197.577,1198.459,1199.827,1201.408,1202.138,1204.266,1205.665,1208.219,1210.651,1212.111,1214.786,1216.003,1218.678,1221.841,1225.733,1230.111,1234.003,1238.868,1242.76,1247.382,1251.517,1256.868,1260.76,1269.517,1278.274,1288.49,1295.301,1303.085,1306.49,1311.355,1317.193,1208.371,1208.523,1209.032,1209.427,1209.922,1210.423,1211.624,1212.658,1213.479,1215.03,1216.733,1218.496,1220.077,1221.841,1223.787,1225.489,1228.408,1231.206,1234.611,1237.895,1240.814,1243.976,1248.354,1252.003,1259.544,1263.679,1270.976,1271.463,1276.328,1279.247,1287.517,1292.869,1300.166,1306.004,1311.842,1318.653,1326.923,1223.825,1224.129,1224.433,1224.722,1224.995,1225.315,1225.991,1227.192,1228.226,1229.594,1230.172,1230.962,1232.3,1233.516,1234.854,1236.496,1238.381,1240.327,1243.246,1246.773,1250.179,1255.409,1261.733,1268.787,1272.436,1279.977,1283.625,1286.544,1292.382,1299.193,1305.031,1308.436,1315.734,1324.491,1332.275,1338.599,1346.383,1239.392,1239.582,1239.856,1240.229,1240.882,1241.772,1242.365,1243.49,1244.797,1246.348,1247.199,1248.598,1249.084,1249.632,1250.969,1253.584,1255.53,1257.719,1259.544,1000,1000,1000,1000,1000,1000,1000,1263.193,1258.191,1255.515,1360.978,1317.193,1290.679,1281.436,1275.598,1279.004,1290.679,1299.68,1302.599,1307.95,1312.328,1317.193,1324.977,1338.112,1346.869,1355.14,1254.998,1255.226,1255.302,1255.675,1256.062,1256.207,1257.568,1258.328,1260.182,1261.733,1262.524,1263.436,1263.436,1000,1000,1000,1000,1000,1149.353,1146.434,1145.461,1144.975,1144.002,1144.002,1141.083,1141.083,1141.083,1141.083,1142.056,1143.029,1142.056,1142.056,1142.056,1142.056,1142.056,1142.056,1143.029,1142.056,1144.002,1144.002,1144.002,1143.029,1143.029,1141.083,1140.596,1139.623,1139.623,1138.65,1137.677,1137.677,1138.65,1137.677,1138.65,1139.623,1140.596,1140.596,1141.083,1141.083,1142.056,1142.056,1143.029,1144.002,1144.975,1144.975,1144.002,1144.002,1144.002,1143.029,1144.002,1144.975,1144.975,1145.461,1146.434,1146.434,1146.434,1147.407,1147.407,1147.407,1148.38,1148.38,1148.38,1149.353,1149.353,1150.326,1151.299,1152.272,1154.218,1155.191,1156.164,1157.137,1156.164,1153.245,1152.272,1149.353,1150.326,1150.326,1151.299,1149.353,1146.434,1140.596,1136.704,1133.786,1136.218,1142.056,1144.002,1150.326,1157.137,1159.083,1158.11,1167.84,1174.164,1182.921,1068.489,1069.173,1069.812,1070.313,1070.998,1071.651,1072.092,1072.7,1073.217,1073.917,1074.312,1075.285,1075.954,1076.623,1076.866,1077.596,1078.082,1000,1000,1000,1000,1000,1000,1246.165,1140.262,1140.376,1140.376,1247.138,1248.111,1247.138,1248.111,1248.111,1140.224,1141.813,1000,1153.405,1154.431,1155.191,1156.711,1000,1000,1000,1000,1000,1000,1000,1000,1000,1000,1000,1000,1174.894,1170.759,1169.786,1169.299,1169.299,1169.299,1170.759,1179.759,1000,1000,1000,1459.249,1473.357,1504.006,1414.872,1000,1000,1000,1000,1000,1000,1000,1000,1000,1000,1000,1000,1000,1000,1000,1000,1000,1000,1000,1000,1000,1000,1000,1000,1000,1000,1000,1000,1000,1000,1000,1000,1000,1000,1000,1000,1000,1000,1000,1000,1000,1000,1000,1000,1000,1000,1000,1000,1000,1000,1000,1000,1000,1000,1000,1000,1000,1000,1000,1000,1507.898,1509.479,1507.412,1511.547,1507.898,1502.06,1499.506,1495.979,1491.753,1488.804,1487.192,1583.791,1568.71,1542.926,1536.115,1523.953,1513.979,1503.033,1502.547,1493.547,1498.412,1501.817,1513.979,1519.574,1537.574,1531.25,1542.926,1537.088,1000,1000,1000,1000,1630.008,1630.008,1627.332,1625.143,1000,1000,1000,1000,1000,1000,1000,1000,1000,1000,1000,1000,1000,1000,1000,1000,1000,1000,1000,1000,1000,1000,1000,1000,1000,1000,1000,1000,1000,1000,1000,1000,1000,1000,1000,1000,1000,1603.19,1600.575,1595.558,1594.844,1592.639,1688.874,1666.981,1646.549,1621.981,1608.602,1595.467,1588.535,1586.102,1582.697,1577.345,1573.818,1567.874,1564.56,1638.765,1624.17,1607.629,1595.467,1593.278,1585.251,1574.061,1568.224,1563.115,1556.183,1549.25,1542.713,1539.855,1537.681,1620.278,1597.9,1579.413,1561.169,1551.196,1545.115,1536.237,1528.574,1524.439,1520.608,1515.834,1513.113,1511.053,1509.92,1594.981,1576.494,1555.088,1549.737,1537.331,1528.574,1519.088,1511.182,1501.331,1498.351,1493.304,1490.172,1488.484,1486.994,1575.034,1562.872,1549.25,1532.223,1522.493,1507.898,1495.006,1485.641,1480.655,1474.452,1470.013,1465.057,1461.894,1460.458,1459.363,1550.71,1535.628,1520.547,1502.547,1496.223,1484.06,1473.844,1000,1000,1000,1000,1000,1000,1000,1000,1000,1000,1000,1000,1000,1000,1000,1000,1000,1000,1000,1000,1000,1000,1000,1000,1000,1000,1000,1000,1000,1000,1000,1000,1000,1000,1000,1000,1000,1000,1000,1000,1000,1000,1000,1000,1000,1000,1000,1000,1000
1288.004,1179.181,1179.531,1180.025,1180.474,1181.34,1182.039,1182.572,1183.955,1184.837,1185.415,1186.874,1188.273,1189.307,1191.496,1192.651,1194.597,1196.665,1198.854,1201.165,1206.395,1211.138,1214.786,1218.192,1219.165,1222.327,1224.76,1229.868,1233.76,1240.814,1243.733,1248.598,1252.003,1259.301,1265.625,1272.922,1280.706,1290.436,1295.788,1192.651,1192.803,1193.069,1193.244,1193.525,1194.019,1194.552,1195.418,1196.193,1197.759,1198.459,1199.644,1201.408,1203.172,1203.962,1206.273,1207.854,1209.557,1211.746,1214.422,1216.003,1220.016,1222.327,1227.435,1230.111,1232.787,1235.949,1240.084,1245.436,1249.571,1255.409,1259.787,1267.084,1276.328,1283.625,1291.409,1300.166,1304.058,1306.49,1314.274,1208.333,1208.675,1208.812,1209.154,1209.838,1210.423,1211.351,1211.761,1213.145,1214.026,1215.212,1217.219,1219.287,1221.537,1223.787,1225.854,1227.679,1232.422,1235.098,1237.895,1240.814,1242.517,1245.192,1248.354,1256.382,1261.49,1268.544,1270.976,1277.787,1280.22,1288.49,1292.869,1299.193,1304.058,1311.842,1315.734,1325.95,1330.815,1224.053,1224.243,1224.433,1224.851,1225.155,1225.885,1226.432,1227.618,1228.226,1230.172,1230.962,1232.3,1233.516,1235.645,1236.8,1238.381,1240.327,1243.246,1246.773,1250.179,1254.922,1262.22,1268.057,1272.436,1278.517,1282.652,1285.085,1289.463,1297.247,1303.085,1307.463,1314.761,1322.545,1326.437,1333.248,1341.518,1348.329,1239.506,1239.811,1240.289,1240.639,1241.559,1242.486,1243.186,1244.098,1245.344,1246.348,1247.625,1249.084,1250.118,1250.969,1252.976,1255.53,1256.99,1259.544,1000,1000,1000,1000,1000,1000,1268.848,1263.679,1257.689,1255.302,1354.167,1317.193,1297.004,1281.436,1278.517,1281.436,1295.544,1302.599,1303.571,1308.923,1314.761,1318.653,1328.383,1336.167,1346.869,1355.14,1254.922,1255.226,1255.302,1255.621,1255.918,1256.366,1257.339,1259.513,1260.547,1261.49,1262.767,1263.679,1264.166,1000,1000,1000,1000,1000,1150.326,1148.38,1146.434,1145.461,1145.461,1144.975,1143.029,1142.056,1141.083,1141.083,1143.029,1143.029,1144.002,1144.002,1144.975,1144.002,1144.002,1144.975,1144.002,1144.002,1145.461,1145.461,1145.461,1144.975,1144.975,1144.002,1142.056,1142.056,1142.056,1142.056,1140.596,1139.623,1139.623,1138.65,1139.623,1141.083,1141.083,1141.083,1143.029,1143.029,1144.002,1144.002,1144.002,1144.975,1144.975,1144.975,1144.975,1144.975,1144.975,1144.975,1145.461,1145.461,1145.461,1146.434,1146.434,1147.407,1148.38,1149.353,1148.38,1149.353,1149.353,1149.353,1150.326,1151.299,1152.272,1152.272,1154.218,1154.218,1156.164,1156.164,1156.164,1156.164,1157.137,1154.218,1152.272,1149.353,1148.38,1148.38,1151.299,1148.38,1145.461,1138.65,1133.786,1128.921,1133.786,1139.623,1146.434,1151.299,1157.137,1155.191,1155.191,1163.948,1172.218,1180.975,1068.489,1069.173,1069.812,1070.42,1070.998,1071.651,1072.092,1072.7,1073.035,1073.734,1074.312,1075.102,1075.528,1075.954,1075.71,1076.379,1074.677,1000,1000,1000,1000,1000,1000,1241.3,1140.224,1140.414,1140.3,1247.138,1246.165,1246.165,1246.165,1246.165,1140.186,1141.813,1000,1000,1153.777,1154.431,1156.225,1000,1000,1000,1000,1000,1000,1000,1000,1000,1000,1000,1000,1000,1171.245,1169.786,1168.813,1168.813,1167.962,1169.786,1176.354,1000,1000,1000,1468.006,1482.114,1504.979,1414.72,1000,1000,1000,1000,1000,1000,1000,1000,1000,1000,1000,1000,1000,1000,1000,1000,1000,1000,1000,1000,1000,1000,1000,1000,1000,1000,1000,1000,1000,1000,1000,1000,1000,1000,1000,1000,1000,1000,1000,1000,1000,1000,1000,1000,1000,1000,1000,1000,1000,1000,1000,1000,1000,1000,1000,1000,1000,1000,1000,1504.858,1509.115,1510.331,1506.682,1509.479,1505.952,1501.331,1499.202,1495.493,1491.418,1488.484,1487.086,1581.845,1569.683,1546.331,1539.52,1524.926,1512.52,1501.331,1498.412,1489.898,1493.547,1497.196,1508.628,1513.979,1536.115,1529.791,1539.52,1532.709,1000,1000,1000,1000,1631.711,1631.711,1625.873,1000,1000,1000,1000,1000,1000,1000,1000,1000,1000,1000,1000,1000,1000,1000,1000,1000,1000,1000,1000,1000,1000,1000,1000,1000,1000,1000,1000,1000,1000,1000,1000,1000,1000,1000,1000,1000,1000,1603.19,1600.332,1595.862,1595.117,1592.86,1591.689,1670.873,1648.008,1619.792,1611.278,1599.602,1589.872,1587.683,1584.521,1578.561,1573.332,1567.463,1564.408,1634.873,1619.792,1606.656,1595.467,1593.278,1586.467,1575.521,1570.169,1561.777,1554.723,1547.061,1541.679,1538.791,1537.354,1613.467,1592.548,1574.548,1556.061,1547.304,1541.953,1533.682,1527.845,1523.466,1519.331,1516.412,1514.436,1511.129,1509.996,1592.062,1569.196,1546.818,1544.872,1533.439,1526.142,1515.682,1509.844,1499.81,1497.013,1491.935,1489.761,1487.861,1486.759,1569.683,1562.872,1545.845,1528.818,1519.088,1507.412,1493.547,1485.276,1481.02,1475.06,1468.492,1464.357,1461.894,1460.458,1459.325,1547.304,1531.737,1515.196,1497.196,1491.358,1484.06,1471.168,1000,1000,1000,1000,1000,1000,1000,1000,1000,1000,1000,1000,1000,1000,1000,1000,1000,1000,1000,1000,1000,1000,1000,1000,1000,1000,1000,1000,1000,1000,1000,1000,1000,1000,1000,1000,1000,1000,1000,1000,1000,1000,1000,1000,1000,1000,1000,1000,1000
1179.181,1179.333,1179.675,1180.17,1180.648,1181.675,1182.708,1183.469,1185.019,1185.84,1186.874,1188.516,1190.34,1191.192,1193.259,1194.232,1195.57,1197.394,1201.651,1204.084,1209.678,1214.3,1218.192,1221.111,1222.327,1225.246,1228.408,1233.03,1238.868,1246.165,1249.571,1253.463,1256.868,1262.706,1269.031,1275.841,1285.571,1292.869,1297.734,1192.727,1192.917,1193.107,1193.244,1193.525,1194.179,1194.749,1195.54,1196.634,1197.759,1198.641,1199.827,1201.408,1202.928,1203.719,1205.361,1206.881,1209.192,1211.746,1215.273,1217.705,1220.503,1222.327,1225.246,1228.408,1231.814,1235.219,1238.868,1243.49,1248.841,1252.976,1258.328,1263.679,1272.922,1282.652,1290.436,1296.274,1301.139,1303.085,1308.436,1317.193,1208.523,1208.766,1208.971,1209.359,1209.838,1210.743,1211.761,1212.81,1214.026,1215.395,1216.733,1218.983,1220.928,1222.814,1225.854,1227.679,1231.571,1234.611,1237.408,1239.354,1240.814,1243.49,1247.868,1256.382,1259.057,1265.868,1267.084,1271.463,1276.328,1284.112,1290.923,1296.274,1303.085,1308.923,1312.815,1322.058,1223.787,1223.901,1224.205,1224.6,1224.851,1225.315,1225.991,1226.554,1227.329,1228.53,1229.777,1231.388,1232.787,1234.064,1236.253,1236.8,1239.598,1241.422,1244.341,1247.99,1251.638,1256.382,1262.22,1268.787,1271.949,1277.058,1279.977,1285.571,1290.436,1296.76,1302.112,1307.463,1312.815,1319.626,1325.464,1330.328,1338.599,1346.383,1239.544,1239.811,1240.35,1240.799,1241.772,1242,1243.186,1243.946,1244.979,1245.922,1247.442,1248.598,1249.875,1250.665,1252.976,1255.53,1257.355,1000,1000,1000,1000,1000,1000,1000,1271.098,1265.199,1259.848,1256.716,1255.188,1335.193,1313.788,1293.355,1285.571,1288.733,1298.22,1304.058,1306.004,1310.382,1316.22,1321.572,1327.41,1342.004,1345.896,1355.14,1361.951,1255.036,1255.302,1255.469,1255.918,1256.625,1257.233,1259.057,1260.365,1260.73,1261.733,1262.524,1263.436,1262.098,1000,1000,1000,1000,1000,1149.353,1147.407,1145.461,1144.975,1144.002,1143.029,1142.056,1142.056,1142.056,1143.029,1144.002,1144.002,1144.975,1144.975,1144.975,1144.975,1144.975,1145.461,1145.461,1146.434,1146.434,1146.434,1146.434,1146.434,1145.461,1144.975,1144.975,1144.975,1144.975,1144.002,1143.029,1143.029,1142.056,1142.056,1143.029,1143.029,1143.029,1143.029,1143.029,1144.002,1144.002,1144.975,1145.461,1146.434,1146.434,1146.434,1146.434,1146.434,1146.434,1147.407,1147.407,1147.407,1148.38,1148.38,1148.38,1150.326,1150.326,1150.326,1150.326,1151.299,1150.326,1152.272,1153.245,1155.191,1156.164,1158.11,1157.137,1157.137,1158.11,1158.11,1157.137,1157.137,1156.164,1152.272,1149.353,1148.38,1146.434,1148.38,1145.461,1144.975,1141.083,1138.65,1136.218,1141.083,1145.461,1147.407,1149.353,1152.272,1151.299,1152.272,1160.056,1167.84,1176.11,1068.375,1068.922,1069.728,1070.207,1070.998,1071.514,1072.092,1072.548,1073.217,1073.734,1074.312,1075.102,1075.71,1075.954,1076.197,1075.71,1000,1000,1000,1000,1000,1000,1000,1237.895,1140.224,1140.262,1140.186,1250.057,1247.138,1245.192,1247.138,1248.111,1140.186,1141.904,1000,1000,1000,1153.99,1000,1000,1000,1000,1000,1000,1000,1000,1000,1000,1000,1000,1000,1000,1171.732,1169.786,1168.813,1169.299,1168.326,1168.813,1174.408,1000,1000,1000,1000,1000,1000,1000,1000,1418.171,1000,1000,1000,1000,1000,1000,1000,1000,1000,1000,1000,1000,1000,1000,1000,1000,1000,1000,1000,1000,1000,1000,1000,1000,1000,1000,1000,1000,1000,1000,1000,1000,1000,1000,1000,1000,1000,1000,1000,1000,1000,1000,1000,1000,1000,1000,1000,1000,1000,1000,1000,1000,1000,1000,1000,1000,1000,1000,1000,1509.479,1504.493,1506.317,1503.763,1500.115,1497.56,1495.006,1491.418,1488.112,1486.911,1581.845,1568.71,1543.899,1539.52,1000,1509.358,1497.682,1493.547,1485.276,1487.101,1492.817,1504.979,1513.979,1532.223,1526.385,1530.277,1000,1000,1000,1000,1000,1632.927,1000,1000,1000,1000,1000,1000,1000,1000,1000,1000,1000,1000,1000,1000,1000,1000,1000,1000,1000,1000,1000,1000,1000,1000,1000,1000,1000,1000,1000,1000,1000,1000,1000,1000,1000,1000,1000,1000,1000,1000,1604.285,1599.845,1596.166,1594.981,1592.943,1591.841,1677.198,1648.008,1621.251,1612.494,1600.089,1586.467,1584.886,1580.872,1575.642,1570.717,1567.099,1564.484,1636.819,1622.711,1609.089,1595.467,1591.089,1582.818,1572.845,1566.277,1560.075,1553.629,1547.365,1541.831,1538.707,1537.202,1605.683,1586.71,1568.224,1553.142,1543.412,1539.52,1532.831,1529.669,1525.047,1520.912,1517.263,1514.284,1510.49,1000,1000,1000,1536.601,1539.277,1529.061,1521.763,1513.858,1509.844,1500.419,1496.466,1492.118,1489.761,1488.195,1486.797,1575.034,1565.791,1545.845,1525.899,1516.169,1504.25,1490.871,1485.276,1480.168,1475.425,1468.492,1464.509,1461.773,1460.534,1459.401,1548.764,1534.656,1518.115,1499.141,1493.547,1485.276,1000,1000,1000,1000,1000,1000,1000,1000,1000,1000,1000,1000,1000,1000,1000,1000,1000,1000,1000,1000,1000,1000,1000,1000,1000,1000,1000,1000,1000,1000,1000,1000,1000,1000,1000,1000,1000,1000,1000,1000,1000,1000,1000,1000,1000,1000,1000,1000,1000,1000
1180.025,1180.314,1180.474,1180.732,1181.234,1182.039,1182.86,1184.137,1186.205,1188.029,1189.55,1191.496,1192.955,1193.867,1195.57,1197.03,1198.854,1202.381,1206.395,1209.192,1214.3,1218.678,1221.597,1224.03,1225.246,1229.138,1232.3,1238.868,1244.706,1253.463,1258.328,1264.652,1265.625,1268.057,1271.949,1276.814,1285.571,1294.815,1303.571,1192.841,1193.069,1193.297,1193.464,1194.095,1194.643,1195.418,1196.193,1197.577,1198.641,1199.644,1201.408,1203.172,1204.509,1205.361,1207.489,1208.827,1211.016,1214.057,1216.854,1219.53,1221.841,1224.76,1224.273,1227.922,1228.895,1230.598,1236.435,1239.598,1245.922,1251.517,1257.355,1264.652,1270.976,1279.733,1288.49,1292.382,1298.22,1301.139,1310.382,1316.22,1208.561,1208.865,1209.093,1209.427,1209.747,1210.864,1211.229,1212.81,1213.479,1214.786,1216.064,1218.496,1220.928,1222.814,1225.854,1228.043,1230.841,1232.908,1236.071,1236.922,1239.841,1242.517,1245.679,1252.49,1257.598,1263.679,1266.598,1271.463,1274.868,1281.193,1288.49,1295.301,1299.193,1307.95,1317.68,1319.626,1325.95,1223.825,1223.977,1224.334,1224.661,1225.071,1225.581,1226.098,1227.329,1228.074,1229.989,1231.206,1233.76,1235.098,1237.104,1237.713,1239.963,1241.422,1244.341,1247.138,1251.638,1257.355,1262.949,1267.084,1270.003,1275.112,1277.058,1282.652,1288.49,1292.382,1299.68,1303.085,1308.436,1314.761,1321.572,1326.437,1336.653,1341.518,1239.468,1239.772,1240.229,1240.495,1241.346,1241.559,1242.486,1243.186,1244.463,1245.922,1246.773,1248.111,1249.875,1250.118,1252.672,1254.557,1256.26,1257.719,1000,1000,1000,1000,1000,1000,1000,1000,1000,1000,1255.036,1337.139,1309.896,1000,1281.922,1290.193,1295.544,1306.004,1306.49,1312.328,1316.22,1325.95,1328.383,1337.139,1342.004,1350.761,1354.167,1254.96,1255.15,1255.469,1255.857,1256.625,1257.689,1258.905,1259.513,1260.547,1261.125,1262.341,1263.193,1262.767,1261.733,1000,1000,1000,1000,1151.299,1148.38,1145.461,1144.975,1144.975,1144.002,1144.002,1144.002,1144.002,1144.002,1144.002,1144.975,1145.461,1146.434,1146.434,1146.434,1147.407,1147.407,1147.407,1148.38,1149.353,1149.353,1149.353,1148.38,1148.38,1147.407,1146.434,1147.407,1146.434,1145.461,1145.461,1144.975,1144.002,1144.002,1144.975,1144.975,1144.975,1144.975,1144.975,1144.975,1145.461,1145.461,1147.407,1147.407,1147.407,1147.407,1147.407,1147.407,1147.407,1148.38,1148.38,1148.38,1149.353,1149.353,1150.326,1152.272,1152.272,1151.299,1151.299,1152.272,1152.272,1154.218,1155.191,1157.137,1157.137,1158.11,1157.137,1157.137,1156.164,1156.164,1157.137,1155.191,1154.218,1151.299,1151.299,1148.38,1148.38,1148.38,1145.461,1144.002,1142.056,1138.65,1135.245,1142.056,1145.461,1149.353,1152.272,1157.137,1156.164,1157.137,1163.948,1171.245,1178.056,1068.337,1068.983,1069.728,1070.313,1071.119,1071.651,1072.092,1072.396,1073.035,1073.734,1074.099,1075.102,1075.528,1075.102,1074.312,1000,1000,1169.239,1000,1000,1000,1000,1000,1000,1140.376,1140.224,1251.03,1248.111,1246.165,1245.192,1245.192,1247.138,1252.976,1000,1000,1000,1000,1154.309,1000,1000,1000,1000,1000,1000,1000,1000,1000,1000,1000,1000,1000,1181.462,1175.381,1172.705,1171.245,1169.786,1167.962,1168.813,1172.705,1000,1000,1000,1000,1000,1497.682,1000,1000,1000,1416.803,1000,1000,1000,1000,1000,1000,1000,1000,1000,1000,1000,1000,1000,1000,1000,1000,1000,1000,1000,1000,1000,1000,1000,1000,1000,1000,1000,1000,1000,1000,1000,1000,1000,1000,1000,1000,1000,1000,1000,1000,1000,1000,1000,1000,1000,1000,1000,1000,1000,1000,1000,1000,1000,1000,1000,1000,1000,1000,1510.331,1000,1509.115,1505.952,1500.419,1497.804,1494.763,1492.878,1488.697,1487.367,1583.791,1569.683,1540.493,1000,1000,1000,1502.547,1495.493,1486.128,1485.641,1490.385,1497.196,1507.898,1523.953,1522.007,1531.25,1523.953,1000,1000,1000,1000,1634.873,1632.441,1000,1000,1000,1000,1000,1000,1000,1000,1000,1000,1000,1000,1000,1000,1000,1000,1000,1000,1000,1000,1000,1000,1000,1000,1000,1000,1000,1000,1000,1000,1000,1000,1000,1000,1000,1000,1000,1000,1000,1606.17,1601.548,1596.166,1594.464,1592.274,1591.651,1666.981,1645.576,1617.603,1612.494,1596.44,1583.062,1577.953,1576.19,1571.751,1568.771,1566.43,1000,1636.819,1618.332,1604.224,1590.359,1585.737,1574.548,1565.305,1558.494,1552.899,1548.946,1545.176,1540.63,1538.791,1537.088,1607.629,1585.737,1569.683,1549.494,1541.953,1537.696,1531.25,1526.385,1524.074,1518.844,1515.834,1513.25,1000,1000,1000,1000,1544.872,1542.683,1532.223,1523.466,1515.682,1509.844,1501.331,1495.979,1491.935,1489.503,1488.112,1486.645,1570.656,1560.926,1537.574,1519.574,1507.898,1498.412,1486.614,1483.939,1477.249,1473.175,1466.668,1463.688,1460.777,1460.184,1558.494,1543.412,1527.845,1519.574,1499.141,1496.223,1487.952,1000,1000,1000,1000,1000,1000,1000,1000,1000,1000,1000,1000,1000,1000,1000,1000,1000,1000,1000,1000,1000,1000,1000,1000,1000,1000,1000,1000,1000,1000,1000,1000,1000,1000,1000,1000,1000,1000,1000,1000,1000,1000,1000,1000,1000,1000,1000,1000,1000,1000
1179.782,1180.398,1180.732,1181.34,1182.161,1183.165,1184.137,1186.205,1188.516,1191.192,1193.624,1195.57,1196.665,1197.759,1197.759,1198.489,1200.8,1205.057,1209.192,1214.786,1221.597,1224.76,1226.462,1227.679,1228.408,1232.3,1236.679,1243.733,1253.463,1261.247,1266.111,1270.003,1271.949,1272.922,1279.733,1284.598,1289.463,1298.707,1192.651,1192.841,1193.107,1193.464,1193.715,1194.749,1195.783,1196.634,1197.911,1199.644,1200.253,1200.922,1202.928,1205.117,1206.881,1207.854,1210.651,1213.205,1215.273,1217.705,1221.354,1223.3,1224.273,1222.814,1223.3,1223.787,1222.327,1223.787,1230.598,1236.435,1242.03,1248.841,1256.868,1262.22,1270.976,1279.247,1285.571,1290.436,1295.301,1298.22,1304.058,1314.274,1208.523,1208.766,1208.865,1209.283,1209.504,1210.423,1210.743,1212.506,1213.844,1215.395,1216.733,1218.983,1221.537,1223.057,1225.125,1227.314,1229.625,1230.841,1233.76,1235.098,1237.895,1241.3,1243.976,1251.517,1256.382,1261.49,1264.409,1270.003,1273.895,1278.76,1286.058,1290.436,1301.139,1306.977,1310.869,1316.707,1323.031,1330.815,1223.901,1224.167,1224.486,1225.071,1225.581,1226.432,1227.466,1229.047,1230.354,1231.388,1233.516,1234.854,1236.8,1237.713,1239.963,1241.422,1245.192,1248.476,1252.49,1257.355,1261.247,1264.652,1267.084,1271.22,1275.841,1281.436,1287.031,1292.382,1298.22,1301.625,1306.004,1311.842,1317.68,1324.491,1334.22,1342.491,1239.506,1239.772,1240.168,1240.495,1240.974,1241.346,1242.121,1242.486,1243.946,1244.979,1245.74,1247.199,1249.632,1249.632,1252.368,1254.922,1256.625,1000,1000,1000,1000,1000,1000,1000,1000,1000,1257.446,1000,1356.113,1333.248,1304.058,1000,1000,1292.625,1297.004,1306.49,1307.95,1312.815,1314.761,1323.031,1324.977,1331.302,1337.139,1343.95,1354.167,1362.924,1255.112,1255.424,1255.918,1256.29,1257.339,1257.811,1258.753,1259.848,1260.365,1261.49,1263.01,1262.767,1262.767,1000,1000,1000,1000,1151.299,1148.38,1146.434,1145.461,1144.975,1144.975,1144.975,1144.002,1144.975,1144.975,1144.975,1145.461,1146.434,1147.407,1147.407,1148.38,1148.38,1149.353,1150.326,1151.299,1151.299,1151.299,1151.299,1151.299,1151.299,1149.353,1149.353,1148.38,1149.353,1148.38,1147.407,1146.434,1146.434,1146.434,1146.434,1146.434,1146.434,1146.434,1146.434,1146.434,1146.434,1147.407,1148.38,1148.38,1148.38,1148.38,1148.38,1149.353,1149.353,1150.326,1151.299,1150.326,1151.299,1151.299,1152.272,1152.272,1153.245,1152.272,1152.272,1153.245,1154.218,1156.164,1158.11,1159.083,1160.056,1160.056,1159.083,1158.11,1157.137,1155.191,1157.137,1157.137,1156.164,1154.218,1156.164,1154.218,1152.272,1153.245,1147.407,1145.461,1141.083,1139.623,1131.839,1139.623,1144.002,1149.353,1151.299,1159.083,1156.164,1157.137,1162.002,1167.84,1175.137,1068.261,1068.922,1069.812,1070.526,1071.241,1071.651,1072.244,1072.548,1073.035,1073.552,1074.312,1074.677,1074.92,1074.312,1072.852,1000,1000,1000,1000,1000,1000,1000,1000,1000,1140.528,1140.3,1242.273,1243.246,1242.273,1242.273,1242.273,1244.219,1252.003,1000,1000,1000,1152.485,1000,1000,1000,1000,1000,1000,1000,1000,1000,1000,1000,1000,1000,1000,1000,1174.894,1170.759,1169.786,1167.475,1165.651,1166.502,1169.786,1000,1000,1000,1000,1000,1000,1000,1000,1000,1416.803,1000,1000,1000,1000,1000,1000,1000,1000,1000,1000,1000,1000,1000,1000,1000,1000,1000,1000,1000,1000,1000,1000,1000,1000,1000,1000,1000,1000,1000,1000,1000,1000,1000,1000,1000,1000,1000,1000,1000,1000,1000,1000,1000,1000,1000,1000,1000,1000,1000,1000,1000,1000,1000,1000,1497.013,1000,1000,1000,1512.885,1000,1509.844,1506.317,1501.331,1497.804,1494.581,1492.3,1489.138,1487.633,1486.531,1568.71,1541.466,1529.791,1514.709,1505.466,1497.196,1488.925,1483.452,1485.276,1489.898,1496.709,1509.358,1522.007,1519.574,1523.466,1515.439,1000,1000,1000,1654.333,1635.846,1000,1000,1000,1000,1000,1000,1000,1000,1000,1000,1000,1000,1000,1000,1000,1000,1000,1000,1000,1000,1000,1000,1000,1000,1000,1000,1000,1000,1000,1000,1000,1000,1000,1000,1000,1000,1000,1000,1000,1000,1604.285,1601.548,1596.318,1595.117,1592.388,1591.727,1663.09,1646.549,1622.711,1613.711,1598.629,1586.102,1576.798,1575.095,1571.507,1000,1000,1000,1639.738,1617.359,1604.224,1588.413,1580.872,1571.872,1565.305,1556.183,1549.554,1546.575,1542.348,1539.079,1538.023,1632.441,1609.575,1592.548,1576.98,1556.791,1545.602,1535.872,1527.845,1523.77,1519.331,1515.469,1512.733,1511.464,1000,1000,1000,1562.386,1541.223,1537.818,1529.791,1522.736,1516.169,1510.331,1502.304,1496.77,1491.418,1489.016,1487.777,1581.845,1562.872,1554.115,1531.25,1516.898,1506.196,1496.709,1487.466,1486.128,1478.344,1473.844,1467.094,1464.175,1461.043,1460.245,1559.467,1544.385,1528.818,1520.547,1498.655,1494.763,1486.006,1000,1000,1000,1000,1000,1000,1000,1000,1000,1000,1000,1000,1000,1000,1000,1000,1000,1000,1000,1000,1000,1000,1000,1000,1000,1000,1000,1000,1000,1000,1000,1000,1000,1000,1000,1000,1000,1000,1000,1000,1000,1000,1000,1000,1000,1000,1000,1000,1000,1000
1180.648,1181.553,1182.039,1181.796,1183.469,1184.654,1185.84,1188.029,1191.192,1193.259,1196.3,1198.489,1200.435,1202.867,1203.232,1204.084,1207.246,1210.165,1213.327,1219.895,1226.462,1231.084,1234.49,1237.408,1237.895,1243.246,1246.165,1254.436,1263.679,1271.949,1277.787,1281.679,1283.625,1285.571,1290.436,1293.842,1303.571,1192.841,1193.069,1193.297,1193.715,1194.095,1194.749,1196.193,1197.577,1198.641,1200.07,1201.895,1202.624,1203.962,1206.273,1209.192,1210.286,1211.016,1214.057,1215.638,1217.341,1220.016,1224.76,1227.922,1228.408,1224.76,1223.3,1219.043,1000,1215.638,1223.787,1230.111,1237.652,1247.382,1257.355,1263.679,1271.949,1281.679,1289.463,1291.409,1298.22,1302.112,1308.436,1317.193,1208.766,1209.032,1209.504,1209.838,1210.423,1210.743,1210.986,1212.202,1213.479,1215.212,1216.489,1219.287,1221.233,1223.422,1224.76,1226.584,1229.138,1230.354,1232.422,1234.611,1238.381,1240.327,1243.976,1249.084,1253.949,1260.274,1265.868,1270.976,1274.868,1277.787,1283.625,1287.517,1298.22,1304.058,1312.815,1318.653,1322.058,1324.977,1332.761,1223.977,1224.129,1224.486,1224.927,1225.778,1226.554,1228.226,1229.594,1230.78,1233.03,1235.098,1237.104,1237.713,1239.598,1241.422,1243.976,1247.138,1251.152,1255.895,1259.544,1263.436,1265.868,1270.003,1272.436,1279.247,1283.625,1290.436,1294.328,1296.76,1302.112,1307.463,1313.788,1321.572,1326.437,1334.22,1341.518,1239.43,1239.697,1239.947,1240.495,1241.057,1241.665,1242.365,1243.794,1244.797,1245.74,1246.53,1248.841,1249.084,1251.213,1253.28,1255.53,1000,1000,1000,1000,1000,1000,1000,1000,1260.03,1257.339,1255.34,1000,1000,1000,1000,1000,1294.815,1297.734,1303.571,1306.49,1312.815,1316.22,1322.058,1325.95,1331.302,1335.193,1340.058,1349.788,1356.113,1254.998,1255.378,1255.918,1256.29,1257.02,1257.932,1258.328,1259.209,1260.03,1261.125,1261.916,1263.436,1264.652,1264.409,1000,1000,1000,1158.11,1150.326,1148.38,1146.434,1145.461,1146.434,1145.461,1144.975,1145.461,1145.461,1145.461,1147.407,1149.353,1150.326,1151.299,1151.299,1152.272,1152.272,1153.245,1154.218,1153.245,1153.245,1153.245,1153.245,1151.299,1151.299,1151.299,1150.326,1150.326,1150.326,1148.38,1147.407,1147.407,1147.407,1148.38,1148.38,1147.407,1148.38,1147.407,1148.38,1149.353,1149.353,1150.326,1150.326,1150.326,1150.326,1151.299,1151.299,1151.299,1152.272,1153.245,1153.245,1154.218,1155.191,1155.191,1155.191,1154.218,1154.218,1154.218,1155.191,1156.164,1158.11,1159.083,1160.056,1161.029,1160.056,1158.11,1158.11,1158.11,1155.191,1158.11,1158.11,1161.029,1159.083,1157.137,1153.245,1151.299,1148.38,1144.002,1144.975,1144.002,1141.083,1136.704,1144.002,1145.461,1150.326,1154.218,1161.029,1158.11,1161.029,1162.975,1167.84,1174.164,1068.147,1068.656,1069.318,1070.313,1071.378,1071.94,1072.092,1072.7,1073.217,1073.552,1073.917,1000,1000,1000,1000,1000,1000,1000,1000,1000,1000,1000,1000,1000,1000,1250.057,1235.949,1242.273,1239.841,1241.3,1242.273,1244.219,1250.057,1000,1000,1000,1000,1000,1000,1000,1000,1000,1000,1000,1000,1000,1000,1000,1000,1000,1000,1000,1176.354,1171.245,1170.759,1167.475,1166.137,1165.164,1166.989,1000,1000,1000,1000,1000,1000,1000,1000,1000,1000,1000,1000,1000,1000,1000,1000,1000,1000,1000,1447.087,1452.438,1000,1000,1000,1000,1000,1000,1000,1000,1000,1000,1000,1000,1000,1000,1000,1000,1000,1000,1000,1000,1000,1000,1000,1000,1000,1000,1000,1000,1000,1000,1000,1000,1000,1000,1000,1000,1000,1000,1000,1000,1000,1000,1000,1000,1000,1515.196,1513.858,1512.885,1511.547,1507.898,1504.493,1500.419,1495.736,1492.118,1490.324,1488.112,1487.04,1583.791,1566.764,1539.52,1526.385,1510.574,1501.817,1498.412,1491.358,1486.614,1489.898,1492.817,1494.033,1504.25,1510.088,1508.628,1510.574,1000,1000,1000,1000,1642.9,1630.008,1626.846,1620.765,1615.778,1000,1000,1000,1000,1000,1000,1000,1000,1000,1000,1000,1000,1000,1000,1000,1000,1000,1000,1000,1000,1000,1000,1000,1000,1000,1000,1000,1000,1000,1000,1000,1000,1000,1000,1000,1000,1000,1000,1598.568,1595.71,1593.673,1591.879,1677.198,1658.225,1636.332,1615.17,1607.629,1597.9,1583.791,1577.953,1000,1000,1000,1000,1564.924,1658.711,1628.062,1611.521,1594.737,1581.359,1570.169,1562.629,1551.318,1545.602,1543.899,1540.919,1538.616,1537.681,1627.576,1605.683,1586.71,1571.629,1556.061,1544.629,1532.831,1524.439,1522.007,1518.844,1515.469,1512.733,1511.547,1509.882,1599.359,1580.386,1562.386,1544.142,1538.547,1527.358,1522.25,1515.682,1509.115,1501.331,1496.466,1490.324,1488.287,1487.086,1577.953,1558.98,1547.304,1523.466,1508.628,1498.412,1491.844,1484.79,1484.79,1477.249,1472.567,1465.452,1462.928,1460.389,1459.796,1551.683,1534.656,1518.601,1507.898,1491.358,1486.736,1481.628,1000,1000,1000,1000,1000,1000,1000,1000,1000,1000,1000,1000,1000,1000,1000,1000,1000,1000,1000,1000,1000,1000,1000,1000,1000,1000,1000,1000,1000,1000,1000,1000,1000,1000,1000,1000,1000,1000,1000,1000,1000,1000,1000,1000,1000,1000,1000,1000,1000,1000
1000,1000,1183.317,1182.708,1184.472,1185.84,1187.786,1190.34,1194.232,1196.665,1199.584,1201.651,1202.867,1204.57,1205.422,1206.881,1209.678,1212.111,1216.489,1222.814,1230.354,1233.76,1238.868,1241.787,1245.679,1248.598,1254.922,1262.706,1271.949,1279.733,1285.571,1290.436,1293.842,1296.76,1192.651,1192.841,1193.153,1193.464,1193.936,1194.019,1194.552,1195.418,1196.057,1197.242,1199.462,1200.253,1201.408,1204.266,1205.361,1207.489,1211.381,1213.57,1215.638,1217.341,1219.53,1220.868,1223.787,1225.733,1230.598,1231.814,1233.516,1225.246,1220.016,1000,1000,1000,1000,1222.814,1234.733,1245.922,1259.787,1267.084,1276.328,1287.517,1296.274,1297.247,1303.085,1307.463,1312.328,1208.295,1208.865,1209.283,1209.663,1210.21,1210.864,1210.986,1211.624,1213.145,1214.604,1216.064,1217.219,1219.834,1221.537,1223.787,1224.76,1226.949,1229.138,1231.206,1233.76,1236.435,1240.327,1243.003,1246.652,1250.301,1256.868,1262.22,1266.598,1272.436,1276.328,1278.76,1285.085,1290.436,1297.247,1305.031,1311.842,1317.68,1322.058,1327.896,1330.815,1223.901,1224.167,1224.661,1225.155,1226.31,1227.329,1228.895,1229.989,1232.057,1232.787,1235.098,1237.104,1238.381,1239.354,1241.787,1243.611,1247.625,1251.152,1256.382,1258.571,1261.733,1263.436,1269.517,1271.22,1278.517,1282.652,1288.49,1290.923,1297.247,1300.652,1309.409,1312.815,1323.518,1325.464,1330.328,1332.275,1339.572,1000,1000,1000,1000,1000,1241.148,1242.486,1243.642,1244.098,1243.794,1245.162,1000,1000,1248.841,1000,1000,1000,1000,1000,1000,1000,1000,1000,1259.361,1257.339,1255.515,1352.221,1326.437,1305.031,1000,1290.193,1302.599,1300.652,1305.031,1307.463,1311.355,1314.761,1317.68,1321.572,1326.437,1333.248,1337.139,1352.221,1354.167,1255.15,1255.34,1255.796,1256.131,1256.914,1257.127,1258.601,1258.464,1260.547,1261.307,1263.679,1264.166,1264.652,1265.443,1000,1000,1000,1000,1154.218,1150.326,1147.407,1147.407,1146.434,1146.434,1147.407,1148.38,1148.38,1149.353,1150.326,1151.299,1152.272,1152.272,1154.218,1154.218,1155.191,1155.191,1157.137,1156.164,1156.164,1155.191,1155.191,1153.245,1153.245,1152.272,1151.299,1151.299,1151.299,1150.326,1149.353,1149.353,1149.353,1149.353,1149.353,1149.353,1149.353,1149.353,1149.353,1151.299,1151.299,1152.272,1152.272,1152.272,1151.299,1152.272,1152.272,1152.272,1153.245,1154.218,1154.218,1155.191,1155.191,1155.191,1155.191,1156.164,1156.164,1156.164,1157.137,1159.083,1160.056,1161.029,1161.029,1162.975,1160.056,1160.056,1158.11,1158.11,1155.191,1156.164,1157.137,1158.11,1157.137,1154.218,1151.299,1145.461,1141.083,1137.677,1139.623,1142.056,1144.002,1142.056,1147.407,1149.353,1152.272,1155.191,1161.029,1161.029,1161.029,1165.894,1168.813,1176.11,1068.185,1068.808,1069.637,1070.633,1071.514,1072.244,1072.396,1073.035,1073.552,1073.917,1000,1000,1000,1000,1000,1000,1000,1000,1000,1000,1000,1000,1000,1000,1000,1000,1234.976,1239.841,1238.868,1239.841,1241.3,1242.273,1242.273,1000,1000,1000,1000,1000,1000,1000,1000,1000,1000,1000,1000,1000,1000,1000,1000,1000,1000,1000,1176.354,1170.759,1168.813,1165.164,1164.313,1163.097,1164.799,1000,1000,1000,1000,1000,1000,1000,1000,1000,1000,1000,1000,1000,1000,1000,1000,1000,1000,1440.033,1449.276,1454.627,1000,1000,1000,1000,1000,1000,1000,1000,1000,1000,1000,1000,1000,1000,1000,1000,1000,1000,1000,1000,1000,1000,1000,1000,1000,1000,1000,1000,1000,1000,1000,1000,1000,1000,1000,1000,1000,1000,1000,1000,1000,1000,1000,1498.351,1000,1506.317,1510.696,1509.844,1510.331,1506.317,1503.763,1499.202,1495.493,1492.118,1490.628,1488.591,1487.367,1486.721,1574.061,1540.493,1524.926,1510.574,1500.601,1494.033,1492.817,1486.614,1488.439,1488.439,1491.358,1497.196,1504.25,1505.466,1512.034,1000,1000,1000,1000,1640.954,1631.224,1623.684,1621.738,1000,1000,1000,1000,1000,1000,1000,1000,1000,1000,1000,1000,1000,1000,1000,1000,1000,1000,1000,1000,1000,1000,1000,1000,1000,1000,1000,1000,1000,1000,1000,1000,1000,1000,1000,1000,1000,1000,1000,1598.386,1595.254,1593.103,1591.575,1666.009,1646.549,1629.035,1611.278,1602.764,1594.494,1584.886,1576.494,1000,1570.322,1000,1565.951,1564.833,1658.711,1632.927,1610.548,1000,1580.386,1566.764,1558.007,1550.71,1544.264,1542.896,1541.071,1538.707,1537.506,1628.549,1604.71,1584.278,1569.683,1559.953,1547.791,1536.237,1527.115,1523.162,1518.601,1514.588,1511.464,1510.49,1605.197,1590.116,1576.494,1559.953,1544.142,1530.764,1522.736,1517.628,1512.034,1505.588,1501.088,1495.736,1490.324,1488.591,1487.306,1575.034,1556.061,1540.493,1518.115,1504.25,1497.196,1487.952,1481.02,1479.074,1472.263,1468.979,1465.452,1462.381,1460.184,1459.629,1549.737,1528.818,1518.115,1505.466,1486.736,1479.195,1000,1000,1000,1000,1000,1000,1000,1000,1000,1000,1000,1000,1000,1000,1000,1000,1000,1000,1000,1000,1000,1000,1000,1000,1000,1000,1000,1000,1000,1000,1000,1000,1000,1000,1000,1000,1000,1000,1000,1000,1000,1000,1000,1000,1000,1000,1000,1000,1000,1000,1000
1000,1000,1000,1000,1187.786,1190.888,1191.496,1192.955,1195.935,1197.394,1198.854,1201.651,1203.719,1205.422,1207.246,1208.705,1211.138,1213.327,1217.462,1224.03,1231.814,1234.49,1239.354,1243.246,1248.598,1252.49,1261.733,1270.976,1279.733,1285.571,1291.896,1294.815,1297.734,1302.599,1192.841,1193.069,1193.404,1193.936,1194.749,1194.749,1195.54,1197.09,1198.459,1199.462,1201.651,1202.624,1203.962,1205.969,1207.489,1209.922,1213.57,1216.003,1219.53,1222.327,1226.219,1228.895,1232.3,1234.003,1239.598,1240.814,1241.3,1229.625,1000,1000,1000,1000,1000,1000,1000,1248.111,1266.111,1273.895,1282.652,1292.382,1300.166,1302.112,1310.382,1316.22,1208.371,1208.599,1209.359,1209.747,1210.317,1210.864,1211.624,1212.05,1212.506,1213.661,1215.395,1216.489,1218.192,1220.685,1223.057,1224.395,1225.854,1228.043,1230.841,1232.057,1235.584,1238.381,1241.787,1245.679,1249.084,1253.949,1261.003,1265.868,1271.463,1279.247,1283.625,1286.544,1292.869,1297.247,1304.058,1310.869,1317.68,1324.004,1329.842,1223.787,1223.825,1223.939,1224.205,1224.722,1225.315,1226.432,1227.618,1228.712,1229.594,1231.388,1233.03,1235.098,1237.104,1238.625,1239.598,1241.787,1243.611,1247.138,1251.152,1256.868,1259.544,1265.139,1265.868,1271.22,1273.166,1279.977,1282.652,1288.49,1291.896,1299.193,1301.625,1310.382,1315.734,1323.518,1323.518,1326.437,1000,1000,1000,1000,1000,1000,1000,1000,1000,1000,1000,1000,1000,1000,1000,1000,1000,1000,1000,1000,1000,1000,1000,1000,1000,1258.464,1256.716,1255.302,1346.869,1320.599,1000,1000,1289.463,1297.734,1298.22,1301.139,1304.058,1306.004,1308.923,1314.761,1320.599,1324.004,1330.328,1337.139,1346.869,1357.086,1254.998,1255.112,1255.675,1255.986,1256.914,1256.914,1257.811,1258.191,1259.513,1260.547,1262.524,1263.922,1266.233,1265.99,1266.233,1000,1000,1000,1000,1154.218,1150.326,1150.326,1150.326,1150.326,1150.326,1151.299,1153.245,1154.218,1155.191,1156.164,1157.137,1158.11,1158.11,1159.083,1160.056,1159.083,1160.056,1160.056,1159.083,1158.11,1158.11,1156.164,1155.191,1154.218,1153.245,1152.272,1152.272,1151.299,1151.299,1151.299,1151.299,1151.299,1151.299,1150.326,1150.326,1151.299,1151.299,1153.245,1153.245,1154.218,1153.245,1153.245,1152.272,1153.245,1153.245,1154.218,1156.164,1156.164,1156.164,1156.164,1157.137,1157.137,1156.164,1157.137,1158.11,1158.11,1159.083,1161.029,1161.029,1162.002,1163.948,1163.948,1161.029,1161.029,1158.11,1156.164,1153.245,1152.272,1153.245,1155.191,1157.137,1155.191,1152.272,1148.38,1143.029,1140.596,1140.596,1144.002,1144.975,1142.056,1147.407,1148.38,1152.272,1153.245,1161.029,1160.056,1160.056,1163.948,1168.813,1174.164,1068.299,1068.862,1069.903,1070.876,1071.651,1072.396,1073.035,1073.217,1073.369,1000,1000,1000,1000,1000,1000,1000,1000,1000,1000,1000,1000,1000,1000,1000,1000,1000,1231.084,1233.03,1234.976,1235.949,1234.003,1233.03,1231.084,1000,1000,1000,1000,1000,1000,1000,1000,1000,1000,1000,1000,1000,1000,1000,1000,1000,1000,1000,1178.543,1172.218,1171.245,1166.989,1166.137,1164.799,1168.813,1000,1000,1000,1000,1000,1000,1000,1000,1000,1000,1000,1000,1000,1000,1000,1000,1000,1000,1000,1000,1000,1000,1000,1000,1000,1000,1000,1000,1000,1000,1000,1000,1000,1000,1000,1000,1000,1000,1000,1000,1000,1000,1000,1000,1000,1000,1000,1000,1000,1000,1000,1000,1000,1000,1000,1000,1000,1000,1000,1000,1000,1000,1000,1000,1497.013,1499.202,1502.06,1505.952,1506.317,1509.479,1506.682,1504.128,1498.959,1495.006,1491.084,1489.625,1488.021,1487.192,1486.493,1568.71,1540.493,1524.926,1509.358,1499.385,1492.817,1492.331,1488.439,1490.871,1491.844,1497.682,1503.033,1510.574,1513.979,1523.466,1000,1000,1000,1000,1643.63,1637.305,1630.738,1626.359,1000,1000,1000,1000,1000,1000,1000,1000,1000,1000,1000,1000,1000,1000,1000,1000,1000,1000,1000,1000,1000,1000,1000,1000,1000,1000,1000,1000,1000,1000,1000,1000,1000,1000,1000,1000,1000,1000,1000,1601.305,1596.166,1592.943,1684.009,1655.306,1636.332,1623.197,1607.629,1599.116,1591.697,1584.886,1575.947,1572.602,1570.139,1567.342,1565.7,1564.788,1660.657,1632.927,1609.089,1595.954,1578.44,1566.277,1556.912,1551.014,1544.081,1541.679,1539.855,1538.297,1537.24,1625.63,1607.629,1589.143,1576.98,1563.845,1551.926,1542.439,1531.615,1523.77,1518.601,1514.588,1510.909,1510.11,1600.332,1585.251,1571.142,1558.494,1549.25,1533.439,1527.845,1521.277,1514.709,1506.682,1501.331,1495.979,1490.172,1488.697,1487.367,1576.98,1556.061,1536.115,1513.25,1501.331,1495.006,1486.614,1481.02,1477.249,1471.411,1466.851,1463.384,1460.952,1459.591,1559.467,1543.412,1527.845,1519.574,1505.466,1486.006,1477.249,1470.682,1000,1000,1000,1000,1000,1000,1000,1000,1000,1000,1000,1000,1000,1000,1000,1000,1000,1000,1000,1000,1000,1000,1000,1000,1000,1000,1000,1000,1000,1000,1000,1000,1000,1000,1000,1000,1000,1000,1000,1000,1000,1000,1000,1000,1000,1000,1000,1000,1000,1000
1000,1000,1000,1000,1186.874,1192.347,1191.739,1193.867,1195.205,1196.665,1198.124,1201.651,1204.084,1206.881,1208.219,1209.678,1210.651,1211.138,1215.273,1222.327,1227.192,1231.084,1237.408,1243.246,1250.057,1257.355,1266.111,1276.814,1281.679,1287.517,1292.869,1295.788,1300.652,1192.765,1193.107,1193.404,1193.86,1194.445,1195.296,1195.175,1195.92,1197.394,1198.854,1199.644,1202.381,1204.509,1206.881,1209.922,1211.746,1214.057,1216.489,1218.192,1220.868,1224.273,1227.922,1231.084,1235.219,1237.652,1241.3,1243.49,1242.03,1000,1000,1000,1000,1000,1000,1000,1000,1244.706,1269.517,1279.733,1290.436,1299.193,1305.517,1308.436,1317.193,1208.409,1208.599,1208.918,1209.504,1210.119,1210.53,1211.351,1211.898,1213.145,1214.209,1215.395,1216.733,1219.53,1221.233,1223.057,1225.854,1228.773,1228.408,1229.989,1232.908,1235.584,1237.895,1241.787,1244.463,1247.868,1250.787,1256.382,1265.139,1272.436,1278.76,1289.463,1294.815,1295.301,1298.22,1303.085,1306.004,1308.923,1316.707,1329.842,1223.787,1223.901,1224.053,1224.243,1224.38,1225.231,1226.204,1227.466,1228.712,1230.172,1230.78,1232.3,1234.55,1235.949,1237.713,1239.963,1241.422,1243.976,1245.557,1249.328,1252.49,1256.868,1260.76,1266.355,1270.003,1275.841,1279.977,1286.544,1290.436,1294.328,1298.22,1306.004,1310.382,1318.653,1325.464,1331.302,1327.41,1000,1000,1000,1000,1000,1000,1000,1000,1000,1000,1000,1000,1000,1000,1000,1000,1000,1000,1000,1000,1000,1000,1000,1000,1000,1000,1259.848,1257.446,1255.621,1362.924,1328.383,1000,1000,1292.625,1294.815,1299.68,1299.68,1303.571,1306.004,1308.923,1312.815,1317.68,1321.572,1329.356,1338.112,1346.869,1356.113,1254.998,1255.264,1255.675,1255.735,1256.625,1256.914,1257.689,1258.601,1260.73,1261.49,1264.409,1264.409,1266.537,1266.537,1267.389,1000,1000,1000,1000,1000,1156.164,1154.218,1153.245,1154.218,1155.191,1157.137,1159.083,1160.056,1161.029,1161.029,1161.029,1162.002,1162.002,1162.975,1162.975,1162.975,1162.975,1162.002,1162.002,1161.029,1161.029,1159.083,1158.11,1156.164,1155.191,1154.218,1154.218,1152.272,1152.272,1153.245,1153.245,1153.245,1153.245,1151.299,1150.326,1151.299,1152.272,1153.245,1154.218,1155.191,1155.191,1155.191,1155.191,1156.164,1156.164,1157.137,1159.083,1159.083,1159.083,1159.083,1159.083,1159.083,1158.11,1160.056,1160.056,1160.056,1161.029,1162.975,1162.975,1164.921,1164.921,1166.867,1163.948,1164.921,1162.002,1159.083,1153.245,1153.245,1156.164,1157.137,1161.029,1157.137,1153.245,1148.38,1144.975,1141.083,1142.056,1144.002,1144.002,1144.002,1147.407,1149.353,1150.326,1154.218,1155.191,1157.137,1157.137,1162.002,1165.894,1180.002,1068.489,1069.249,1070.313,1071.241,1072.092,1072.548,1072.852,1073.369,1000,1000,1000,1000,1000,1369.734,1000,1000,1000,1000,1000,1000,1000,1000,1000,1000,1000,1000,1224.273,1226.219,1231.084,1232.057,1230.111,1228.165,1223.3,1000,1000,1000,1000,1000,1000,1000,1000,1000,1000,1000,1000,1000,1000,1000,1000,1000,1000,1000,1172.218,1168.813,1167.475,1165.651,1165.651,1165.651,1171.732,1000,1000,1000,1000,1498.655,1000,1000,1000,1000,1000,1000,1000,1000,1000,1000,1000,1000,1000,1000,1000,1000,1000,1000,1000,1000,1000,1000,1000,1000,1000,1000,1000,1000,1000,1000,1000,1000,1000,1000,1000,1000,1000,1000,1000,1000,1000,1000,1000,1000,1000,1000,1000,1000,1000,1000,1000,1000,1000,1000,1000,1000,1000,1000,1000,1000,1500.115,1501.696,1505.952,1507.412,1507.047,1504.493,1502.304,1498.108,1493.668,1490.78,1489.016,1487.861,1486.994,1582.818,1563.845,1536.115,1522.007,1507.898,1497.682,1490.871,1490.871,1488.925,1490.871,1492.817,1000,1506.196,1508.628,1515.439,1518.115,1000,1000,1000,1000,1636.576,1631.224,1624.657,1621.738,1000,1000,1000,1000,1000,1000,1000,1000,1000,1000,1000,1000,1000,1000,1000,1000,1000,1000,1000,1000,1000,1000,1000,1000,1000,1000,1000,1000,1000,1000,1000,1000,1000,1000,1000,1000,1000,1000,1000,1597.565,1595.117,1000,1687.901,1653.36,1642.657,1620.521,1609.332,1597.9,1591.21,1000,1000,1000,1000,1566.855,1565.327,1564.598,1654.819,1629.035,1606.656,1594.008,1578.44,1568.224,1558.007,1554.358,1546.088,1542.713,1539.733,1538.373,1628.549,1616.386,1600.818,1585.737,1572.602,1567.494,1551.926,1542.439,1531.25,1524.074,1517.02,1513.828,1510.658,1509.996,1593.035,1576.494,1562.386,1552.169,1541.223,1527.845,1521.277,1515.196,1509.479,1503.033,1499.506,1495.493,1490.324,1488.591,1487.367,1577.953,1558.98,1538.547,1516.169,1501.817,1497.196,1488.439,1481.871,1478.709,1472.263,1466.851,1463.536,1460.617,1459.705,1555.575,1541.466,1524.926,1518.115,1498.655,1485.276,1475.547,1000,1000,1000,1000,1000,1000,1000,1000,1000,1000,1000,1000,1000,1000,1000,1000,1000,1000,1000,1000,1000,1000,1000,1000,1000,1000,1000,1000,1000,1000,1000,1000,1000,1000,1000,1000,1000,1000,1000,1000,1000,1000,1000,1000,1000,1000,1000,1000,1000,1000,1000
1000,1000,1000,1000,1185.84,1190.34,1190.34,1192.043,1193.867,1195.57,1197.394,1200.8,1203.719,1205.908,1209.192,1211.138,1213.327,1213.327,1217.462,1223.3,1229.138,1231.814,1238.868,1247.138,1254.436,1261.247,1270.976,1279.733,1283.625,1291.896,1297.734,1301.625,1192.651,1192.803,1193.031,1193.297,1193.86,1194.445,1195.296,1195.418,1196.33,1197.394,1198.854,1200.07,1202.624,1204.813,1207.489,1211.016,1213.205,1216.489,1218.678,1220.503,1224.273,1227.922,1231.084,1235.219,1238.381,1238.381,1241.3,1242.76,1240.814,1000,1000,1000,1250.665,1247.99,1251.152,1000,1000,1000,1271.949,1284.598,1294.328,1304.058,1309.409,1316.22,1208.447,1208.675,1208.865,1209.283,1209.838,1210.317,1211.107,1212.202,1212.962,1214.209,1215.82,1217.219,1217.705,1220.077,1221.537,1223.057,1225.489,1229.989,1230.841,1233.76,1237.895,1240.327,1242.517,1246.652,1250.301,1253.949,1256.382,1262.22,1270.003,1276.328,1283.625,1293.842,1298.22,1301.139,1306.004,1308.923,1310.869,1315.734,1323.031,1223.825,1224.015,1224.205,1224.38,1224.6,1224.927,1225.778,1226.918,1228.074,1229.412,1230.78,1232.3,1233.516,1235.949,1238.381,1239.963,1242.881,1245.557,1248.476,1250.179,1254.922,1259.057,1262.22,1265.868,1271.949,1274.625,1279.247,1282.652,1287.031,1290.923,1295.788,1299.193,1306.004,1312.815,1323.518,1331.302,1336.653,1332.275,1000,1000,1000,1000,1000,1000,1000,1000,1000,1000,1000,1000,1335.193,1332.275,1331.302,1327.166,1320.599,1314.518,1000,1000,1000,1000,1000,1000,1000,1000,1260.547,1257.446,1255.568,1255.15,1324.977,1000,1291.409,1290.193,1290.679,1297.734,1298.22,1300.652,1304.058,1307.95,1312.328,1316.22,1324.004,1327.41,1337.139,1343.95,1356.113,1254.922,1255.302,1255.568,1255.796,1256.366,1256.823,1257.932,1258.464,1260.365,1262.098,1264.409,1265.199,1266.537,1266.78,1268.24,1268.848,1000,1000,1000,1000,1000,1000,1157.137,1157.137,1160.056,1162.002,1162.975,1163.948,1165.894,1164.921,1164.921,1164.921,1164.921,1166.867,1165.894,1163.948,1164.921,1164.921,1163.948,1162.975,1162.975,1161.029,1160.056,1158.11,1157.137,1156.164,1155.191,1153.245,1153.245,1155.191,1154.218,1154.218,1154.218,1153.245,1152.272,1153.245,1154.218,1155.191,1156.164,1158.11,1158.11,1158.11,1158.11,1159.083,1159.083,1160.056,1162.002,1162.002,1162.002,1162.002,1162.002,1162.002,1162.002,1162.975,1162.975,1163.948,1163.948,1165.894,1166.867,1166.867,1167.84,1167.84,1165.894,1164.921,1162.975,1159.083,1153.245,1152.272,1153.245,1154.218,1155.191,1155.191,1148.38,1143.029,1141.083,1142.056,1140.596,1143.029,1144.975,1148.38,1150.326,1150.326,1152.272,1153.245,1156.164,1156.164,1157.137,1160.056,1164.921,1175.137,1068.451,1069.637,1070.633,1071.514,1072.244,1072.548,1072.852,1072.852,1000,1000,1000,1000,1000,1000,1000,1000,1000,1000,1000,1000,1000,1000,1000,1000,1000,1000,1214.057,1212.111,1216.489,1217.462,1212.111,1205.3,1196.543,1000,1000,1000,1000,1000,1000,1000,1000,1000,1000,1000,1000,1000,1000,1000,1000,1000,1000,1000,1172.218,1168.813,1168.813,1166.502,1166.502,1166.989,1175.867,1000,1000,1000,1000,1000,1000,1000,1000,1000,1000,1000,1000,1000,1000,1000,1000,1000,1435.411,1000,1000,1000,1000,1000,1000,1000,1000,1000,1000,1000,1000,1000,1000,1000,1000,1000,1000,1000,1000,1000,1000,1000,1000,1000,1000,1000,1000,1000,1000,1000,1000,1000,1000,1000,1000,1000,1000,1000,1000,1000,1000,1000,1000,1000,1000,1000,1499.81,1503.763,1503.398,1504.128,1503.398,1501.331,1499.506,1496.223,1493.06,1491.084,1489.625,1487.937,1487.139,1486.531,1567.737,1541.466,1527.845,1514.709,1501.817,1491.844,1489.898,1487.466,1487.101,1490.385,1496.223,1504.25,1506.196,1518.115,1519.574,1524.926,1000,1000,1000,1640.224,1631.711,1626.359,1625.873,1000,1000,1000,1000,1000,1000,1000,1000,1000,1000,1000,1000,1000,1000,1000,1000,1000,1000,1000,1000,1000,1000,1000,1000,1000,1000,1000,1000,1000,1000,1000,1000,1000,1000,1000,1000,1000,1000,1600.575,1595.406,1593.886,1592.168,1681.09,1648.008,1643.63,1619.792,1608.116,1599.602,1593.035,1581.602,1000,1000,1000,1566.034,1564.978,1660.657,1648.495,1630.981,1606.656,1592.548,1577.953,1566.277,1554.358,1550.71,1544.507,1541.071,1538.616,1537.901,1623.684,1606.656,1592.548,1580.872,1566.034,1559.953,1549.98,1543.412,1533.682,1525.655,1518.115,1513.979,1510.597,1606.17,1581.359,1568.71,1557.034,1545.358,1538.547,1530.277,1521.763,1516.655,1511.182,1505.588,1499.506,1494.763,1489.26,1488.112,1487.04,1577.953,1562.872,1544.872,1522.007,1503.033,1496.709,1487.952,1479.803,1475.79,1469.222,1464.692,1461.666,1460.063,1459.363,1550.71,1535.628,1519.574,1512.763,1493.547,1483.33,1474.33,1470.195,1000,1000,1000,1000,1000,1000,1000,1000,1000,1000,1000,1000,1000,1000,1000,1000,1000,1000,1000,1000,1000,1000,1000,1000,1000,1000,1000,1000,1000,1000,1000,1000,1000,1000,1000,1000,1000,1000,1000,1000,1000,1000,1000,1000,1000,1000,1000,1000,1000,1000
1000,1000,1000,1000,1184.837,1188.516,1189.307,1191.192,1192.347,1194.597,1196.665,1200.8,1202.867,1205.057,1207.732,1210.165,1212.597,1213.814,1219.895,1224.03,1229.138,1229.868,1236.679,1242.273,1254.436,1259.301,1270.003,1278.76,1283.625,1286.544,1294.815,1298.707,1301.625,1192.689,1192.993,1193.198,1193.715,1194.354,1195.175,1195.54,1196.634,1197.577,1198.459,1199.462,1202.138,1203.415,1206.273,1210.651,1212.841,1215.638,1218.192,1220.868,1223.787,1228.408,1232.3,1237.652,1240.814,1241.3,1242.76,1245.436,1242.03,1000,1000,1000,1245.922,1244.706,1246.773,1000,1000,1000,1268.544,1284.598,1294.328,1302.112,1308.436,1208.257,1208.447,1208.766,1209.154,1209.587,1209.922,1210.743,1211.229,1212.202,1212.962,1214.209,1215.638,1217.462,1218.496,1220.685,1222.449,1223.422,1226.949,1229.138,1231.571,1235.584,1239.354,1241.3,1245.679,1249.571,1252.49,1255.652,1259.544,1265.139,1272.436,1276.814,1285.085,1295.301,1299.193,1306.004,1310.869,1312.815,1313.788,1319.626,1324.977,1223.863,1224.091,1224.433,1224.661,1224.927,1225.581,1226.918,1228.378,1229.777,1231.388,1232.543,1233.76,1234.854,1237.104,1238.99,1240.692,1243.611,1247.138,1250.179,1252.976,1258.084,1261.247,1263.436,1268.057,1273.895,1277.058,1283.625,1287.031,1290.923,1294.815,1299.68,1304.058,1310.382,1317.68,1328.383,1338.599,1343.464,1342.491,1000,1000,1000,1000,1000,1293.842,1295.423,1295.788,1300.652,1000,1000,1321.815,1323.761,1321.085,1319.869,1315.004,1305.517,1298.828,1287.031,1000,1000,1000,1000,1000,1000,1000,1260.547,1256.823,1255.226,1359.032,1324.977,1305.031,1294.085,1292.625,1296.274,1297.004,1297.004,1299.68,1303.571,1305.031,1310.382,1314.761,1323.031,1325.95,1336.167,1345.896,1355.14,1363.896,1255.15,1255.378,1255.675,1256.131,1256.625,1257.932,1259.209,1260.73,1262.767,1264.166,1265.686,1266.78,1268.544,1269.517,1272.193,1273.287,1000,1000,1000,1000,1000,1000,1163.948,1166.867,1167.84,1168.813,1168.813,1168.813,1167.84,1166.867,1167.84,1167.84,1168.813,1168.813,1167.84,1167.84,1167.84,1166.867,1166.867,1166.867,1163.948,1162.002,1161.029,1159.083,1158.11,1157.137,1156.164,1157.137,1158.11,1156.164,1155.191,1155.191,1154.218,1153.245,1155.191,1155.191,1157.137,1158.11,1160.056,1159.083,1160.056,1159.083,1160.056,1161.029,1162.002,1163.948,1164.921,1164.921,1164.921,1164.921,1164.921,1165.894,1166.867,1165.894,1165.894,1166.867,1167.84,1167.84,1169.786,1171.245,1172.218,1169.786,1167.84,1164.921,1159.083,1155.191,1154.218,1154.218,1153.245,1153.245,1152.272,1148.38,1144.975,1143.029,1143.029,1142.056,1143.029,1143.029,1144.975,1147.407,1154.218,1152.272,1154.218,1155.191,1155.191,1153.245,1158.11,1163.948,1175.137,1068.565,1070.009,1070.876,1071.94,1072.092,1072.092,1072.244,1000,1000,1000,1000,1201.895,1203.354,1000,1000,1000,1000,1000,1000,1000,1000,1000,1000,1000,1000,1000,1000,1182.435,1190.219,1195.57,1188.273,1182.435,1176.597,1000,1000,1000,1000,1000,1000,1000,1000,1000,1000,1000,1000,1000,1000,1000,1000,1000,1000,1000,1168.813,1166.502,1165.164,1164.313,1164.799,1166.137,1000,1000,1000,1000,1000,1000,1000,1000,1000,1000,1000,1000,1000,1000,1000,1000,1000,1000,1000,1000,1000,1000,1000,1000,1000,1000,1000,1000,1000,1000,1000,1000,1000,1000,1000,1000,1000,1000,1000,1000,1000,1000,1000,1000,1000,1000,1000,1000,1000,1000,1000,1000,1000,1000,1000,1000,1000,1000,1000,1000,1000,1000,1000,1000,1000,1000,1000,1496.466,1499.506,1502.669,1503.033,1500.723,1498.959,1495.736,1493.06,1491.601,1490.324,1488.697,1487.777,1486.873,1572.115,1543.899,1527.358,1517.628,1501.331,1489.412,1486.614,1481.871,1480.168,1484.79,1494.52,1501.817,1510.088,1522.007,1522.493,1523.953,1000,1000,1000,1640.954,1634.873,1626.846,1623.684,1000,1000,1000,1000,1000,1000,1000,1000,1000,1000,1000,1000,1000,1000,1000,1000,1000,1000,1000,1000,1000,1000,1000,1000,1000,1000,1000,1000,1000,1000,1000,1000,1000,1000,1000,1000,1000,1000,1599.177,1595.71,1593.992,1592.221,1674.765,1649.954,1641.197,1620.521,1608.602,1601.792,1593.035,1583.062,1575.947,1570.139,1567.463,1565.472,1564.522,1653.846,1642.657,1627.089,1605.683,1596.927,1582.089,1569.196,1556.912,1552.656,1545.358,1541.223,1538.373,1537.901,1624.657,1601.792,1591.089,1580.386,1559.953,1553.142,1545.602,1539.52,1533.196,1525.412,1517.689,1512.49,1510.346,1596.927,1578.44,1566.764,1554.602,1539.764,1534.656,1524.926,1520.061,1514.709,1508.628,1502.304,1498.351,1492.695,1488.804,1487.777,1486.994,1569.683,1555.088,1535.142,1517.628,1503.033,1496.223,1488.925,1481.385,1475.425,1469.77,1465.452,1462.138,1460.313,1459.591,1558.494,1544.385,1530.764,1520.547,1504.006,1489.898,1482.114,1473.357,1000,1000,1000,1000,1000,1000,1000,1000,1000,1000,1000,1000,1000,1000,1000,1000,1000,1000,1000,1000,1000,1000,1000,1000,1000,1000,1000,1000,1000,1000,1000,1000,1000,1000,1000,1000,1000,1000,1000,1000,1000,1000,1000,1000,1000,1000,1000,1000,1000,1000
1000,1000,1000,1000,1186.205,1189.307,1189.55,1191.192,1191.496,1192.651,1195.935,1199.948,1201.651,1204.57,1209.678,1210.651,1212.111,1214.786,1219.895,1222.327,1225.976,1229.868,1237.895,1244.706,1255.895,1263.679,1274.868,1282.652,1285.571,1289.463,1294.815,1300.652,1303.571,1192.803,1193.031,1193.35,1193.715,1194.354,1195.175,1196.057,1196.938,1197.911,1199.036,1200.07,1201.651,1203.962,1206.881,1210.286,1213.205,1215.638,1217.341,1220.016,1223.3,1227.922,1232.787,1238.381,1240.814,1241.3,1242.03,1243.976,1241.3,1000,1000,1000,1000,1245.557,1000,1000,1000,1000,1269.517,1285.571,1291.409,1300.166,1306.49,1208.219,1208.409,1208.766,1209.093,1209.587,1209.663,1210.636,1211.229,1212.354,1213.327,1214.604,1216.307,1217.705,1219.287,1221.233,1223.787,1224.76,1228.408,1230.841,1233.273,1236.435,1240.814,1241.3,1246.652,1250.787,1254.436,1256.868,1261.49,1265.868,1272.922,1276.814,1286.058,1295.301,1302.112,1308.923,1314.761,1315.734,1317.68,1323.031,1329.842,1223.977,1224.205,1224.722,1225.071,1225.315,1226.432,1227.618,1229.229,1230.354,1232.057,1233.03,1234.064,1234.307,1236.8,1238.381,1240.327,1243.611,1248.841,1252.49,1255.895,1260.03,1263.436,1265.139,1271.949,1276.571,1282.652,1288.004,1291.896,1293.355,1299.193,1300.652,1305.031,1310.869,1320.599,1325.464,1338.599,1347.356,1239.544,1239.392,1000,1000,1000,1000,1000,1292.625,1295.058,1300.652,1308.193,1000,1325.707,1323.274,1319.869,1319.382,1314.518,1305.517,1298.463,1287.639,1000,1000,1000,1000,1000,1000,1000,1259.848,1256.823,1255.34,1000,1000,1000,1000,1281.922,1283.625,1289.463,1292.139,1297.004,1299.68,1303.571,1308.923,1313.788,1321.572,1326.437,1337.139,1340.058,1355.14,1362.924,1255.074,1255.34,1255.568,1255.986,1256.45,1257.811,1259.057,1260.365,1261.49,1263.922,1264.895,1266.78,1268.24,1269.517,1271.828,1274.747,1277.058,1279.125,1000,1000,1000,1000,1000,1000,1169.786,1173.191,1173.191,1174.164,1174.164,1173.191,1174.164,1174.164,1174.164,1173.191,1172.218,1169.786,1169.786,1168.813,1168.813,1168.813,1166.867,1164.921,1162.975,1161.029,1160.056,1160.056,1158.11,1159.083,1160.056,1159.083,1158.11,1158.11,1157.137,1156.164,1158.11,1159.083,1160.056,1161.029,1162.975,1162.002,1162.975,1162.975,1163.948,1164.921,1166.867,1168.813,1169.786,1168.813,1168.813,1168.813,1168.813,1169.786,1169.786,1169.786,1169.786,1169.786,1171.245,1172.218,1173.191,1173.191,1173.191,1174.164,1173.191,1173.191,1167.84,1163.948,1159.083,1158.11,1153.245,1150.326,1149.353,1146.434,1148.38,1144.002,1145.461,1144.002,1144.975,1144.975,1146.434,1147.407,1150.326,1151.299,1152.272,1153.245,1153.245,1154.218,1157.137,1159.083,1167.84,1068.185,1069.553,1070.998,1071.514,1071.94,1071.788,1071.378,1000,1000,1000,1201.408,1202.867,1203.354,1208.705,1000,1000,1000,1000,1000,1000,1000,1000,1000,1000,1000,1000,1000,1000,1160.543,1165.894,1158.11,1156.286,1150.569,1000,1144.975,1000,1000,1000,1000,1000,1000,1000,1000,1000,1000,1000,1000,1000,1000,1000,1000,1171.245,1166.502,1165.651,1164.799,1163.948,1164.799,1168.326,1000,1000,1000,1000,1000,1000,1000,1000,1000,1000,1000,1000,1000,1420.695,1420.695,1000,1430.06,1000,1443.195,1000,1000,1000,1000,1000,1000,1000,1000,1000,1000,1000,1000,1000,1000,1000,1000,1000,1000,1000,1000,1000,1000,1000,1000,1000,1000,1000,1000,1000,1000,1000,1000,1000,1000,1000,1000,1000,1000,1000,1000,1000,1000,1000,1000,1000,1000,1000,1000,1000,1501.088,1504.493,1503.398,1501.088,1497.804,1495.25,1492.3,1491.236,1490.035,1488.484,1487.701,1486.835,1568.71,1542.926,1525.899,1516.898,1500.601,1489.898,1484.303,1481.385,1479.074,1485.276,1494.52,1504.979,1510.088,1523.953,1522.493,1000,1000,1000,1000,1643.63,1634.143,1626.359,1619.427,1000,1000,1000,1000,1000,1000,1000,1000,1000,1000,1000,1000,1000,1000,1000,1000,1000,1000,1000,1000,1000,1000,1000,1000,1000,1000,1000,1000,1000,1000,1000,1000,1000,1000,1000,1000,1000,1000,1598.386,1594.585,1593.103,1591.613,1662.117,1644.603,1639.738,1621.251,1613.711,1605.197,1596.44,1585.251,1578.926,1570.139,1568.163,1565.472,1564.636,1658.711,1648.495,1626.116,1604.224,1592.548,1580.386,1569.683,1558.859,1554.358,1547.608,1542.531,1538.707,1537.962,1621.251,1593.521,1581.845,1578.44,1559.953,1554.115,1546.818,1540.493,1530.764,1524.682,1516.838,1512.733,1510.49,1601.305,1577.467,1570.169,1557.034,1543.412,1536.601,1528.574,1519.088,1512.885,1507.412,1500.115,1494.763,1491.084,1487.777,1486.873,1577.953,1563.845,1546.331,1538.547,1520.547,1504.979,1494.033,1488.925,1481.02,1475.425,1470.56,1467.094,1462.259,1460.389,1459.553,1555.575,1538.547,1530.764,1515.196,1503.033,1493.547,1489.168,1476.763,1000,1000,1000,1000,1000,1000,1000,1000,1000,1000,1000,1000,1000,1000,1000,1000,1000,1000,1000,1000,1000,1000,1000,1000,1000,1000,1000,1000,1000,1000,1000,1000,1000,1000,1000,1000,1000,1000,1000,1000,1000,1000,1000,1000,1000,1000,1000,1000,1000,1000
1000,1000,1000,1000,1185.597,1186.205,1187.3,1189.002,1189.793,1190.644,1195.57,1198.489,1199.584,1202.016,1207.732,1208.705,1212.597,1216.003,1223.3,1224.76,1229.868,1233.03,1243.246,1246.165,1257.355,1262.706,1270.976,1274.868,1280.706,1285.571,1292.869,1300.652,1192.651,1192.765,1192.955,1193.198,1193.586,1193.936,1194.643,1195.783,1196.786,1197.394,1198.459,1199.644,1201.165,1202.928,1205.361,1209.192,1212.111,1215.273,1218.192,1221.354,1223.787,1228.895,1231.814,1236.922,1240.084,1240.814,1240.814,1243.49,1241.3,1230.111,1000,1000,1000,1000,1000,1000,1000,1000,1269.517,1283.625,1292.382,1298.22,1304.058,1316.22,1208.333,1208.637,1208.971,1209.504,1209.747,1210.636,1211.351,1212.506,1213.327,1214.786,1216.733,1218.496,1219.834,1221.841,1223.422,1224.76,1228.773,1231.571,1233.76,1237.408,1239.841,1241.787,1247.382,1252.003,1255.652,1258.328,1262.22,1265.139,1273.895,1277.787,1285.085,1292.869,1298.22,1302.112,1308.923,1311.842,1315.734,1323.031,1330.815,1223.977,1224.243,1224.722,1225.231,1225.581,1226.675,1227.618,1228.53,1229.777,1231.388,1232.3,1233.76,1234.55,1237.104,1238.625,1240.692,1243.611,1247.625,1251.638,1254.436,1258.571,1261.733,1265.139,1269.517,1273.895,1279.977,1284.112,1288.004,1290.436,1295.788,1299.193,1304.058,1310.382,1321.572,1327.41,1335.193,1346.383,1239.544,1239.506,1239.62,1000,1000,1000,1000,1000,1000,1000,1000,1000,1319.382,1318.166,1315.734,1315.004,1309.409,1302.599,1295.423,1000,1000,1000,1000,1000,1000,1000,1000,1000,1000,1255.074,1000,1000,1300.652,1000,1278.517,1283.625,1288.733,1292.625,1297.004,1301.139,1305.031,1311.355,1318.653,1324.004,1332.275,1341.031,1346.869,1355.14,1360.978,1255.074,1255.34,1255.621,1256.062,1256.914,1258.328,1259.209,1260.365,1261.733,1263.193,1264.895,1267.632,1269.152,1270.733,1272.557,1275.841,1277.909,1279.612,1282.774,1000,1000,1000,1000,1000,1000,1000,1000,1181.948,1178.056,1177.083,1177.083,1178.056,1178.056,1178.056,1175.137,1174.164,1174.164,1172.218,1172.218,1171.245,1169.786,1168.813,1166.867,1164.921,1163.948,1162.975,1162.002,1162.002,1162.975,1162.002,1161.029,1162.002,1162.002,1161.029,1162.975,1162.975,1164.921,1164.921,1165.894,1165.894,1166.867,1166.867,1168.813,1167.84,1169.786,1171.245,1171.245,1171.245,1173.191,1174.164,1174.164,1174.164,1174.164,1174.164,1173.191,1172.218,1173.191,1174.164,1175.137,1175.137,1175.137,1176.11,1175.137,1176.11,1172.218,1164.921,1161.029,1157.137,1150.326,1146.434,1147.407,1144.975,1144.002,1144.002,1144.002,1143.029,1143.029,1142.056,1144.975,1146.434,1149.353,1151.299,1153.245,1154.218,1154.218,1155.191,1157.137,1161.029,1169.786,1068.261,1069.394,1070.526,1071.119,1071.378,1070.998,1070.207,1000,1000,1000,1197.759,1201.408,1199.948,1202.867,1199.948,1000,1000,1000,1143.12,1141.729,1140.984,1140.262,1140.262,1000,1000,1000,1000,1000,1000,1000,1153.124,1151.786,1147.164,1144.61,1143.637,1142.664,1143.029,1144.002,1000,1000,1000,1000,1000,1000,1000,1000,1000,1000,1000,1000,1000,1169.299,1165.164,1163.948,1163.462,1162.732,1162.732,1166.137,1186.327,1000,1000,1000,1000,1000,1000,1000,1000,1000,1000,1000,1418.171,1418.171,1419.6,1000,1000,1000,1000,1000,1000,1000,1000,1000,1000,1000,1000,1000,1000,1000,1000,1000,1000,1000,1000,1000,1000,1000,1000,1000,1000,1000,1000,1000,1000,1000,1000,1000,1000,1000,1000,1000,1000,1000,1000,1000,1000,1000,1000,1000,1000,1000,1000,1000,1000,1000,1000,1502.06,1507.047,1506.317,1504.493,1502.304,1497.56,1494.763,1492.483,1490.628,1488.91,1487.777,1486.994,1583.791,1559.953,1536.115,1521.034,1513.25,1497.682,1489.898,1484.79,1478.344,1476.885,1481.871,1488.925,1496.709,1506.196,1519.574,1519.088,1526.385,1000,1000,1000,1000,1630.008,1618.94,1614.197,1000,1000,1000,1000,1000,1000,1000,1000,1000,1000,1000,1000,1000,1000,1000,1000,1000,1000,1000,1000,1000,1000,1000,1000,1000,1000,1000,1000,1000,1000,1000,1000,1000,1000,1000,1000,1000,1000,1597.018,1594.099,1592.784,1591.613,1664.063,1648.008,1640.224,1624.657,1614.44,1606.9,1600.089,1589.872,1582.697,1574.061,1568.923,1566.125,1000,1653.846,1000,1624.17,1000,1588.413,1577.953,1569.196,1557.642,1551.683,1546.088,1542.196,1537.962,1537.316,1609.575,1585.737,1572.602,1568.224,1551.926,1551.926,1545.602,1535.385,1528.574,1523.162,1514.284,1511.053,1510.186,1597.9,1584.278,1577.467,1564.332,1546.818,1537.818,1523.466,1513.371,1507.412,1503.033,1498.108,1494.094,1489.381,1000,1486.645,1569.683,1552.169,1000,1534.656,1518.115,1502.547,1491.358,1484.303,1476.52,1471.107,1467.094,1464.874,1461.894,1460.123,1459.439,1555.575,1538.547,1526.872,1513.736,1500.115,1492.087,1489.168,1477.979,1000,1000,1000,1000,1000,1000,1000,1000,1000,1000,1000,1000,1000,1000,1000,1000,1000,1000,1000,1000,1000,1000,1000,1000,1000,1000,1000,1000,1000,1000,1000,1000,1000,1000,1000,1000,1000,1000,1000,1000,1000,1000,1000,1000,1000,1000,1000,1000,1000,1000
1000,1000,1000,1000,1186.874,1186.205,1187.786,1188.273,1190.097,1191.739,1196.665,1198.854,1200.435,1201.651,1207.246,1208.219,1211.624,1215.273,1223.3,1223.3,1229.138,1234.49,1243.246,1247.138,1254.922,1256.868,1264.652,1268.057,1276.814,1284.598,1290.436,1293.842,1301.625,1303.571,1192.727,1193.198,1193.647,1193.936,1194.643,1195.661,1196.482,1197.242,1198.094,1199.219,1200.253,1201.165,1203.415,1206.881,1209.557,1213.57,1216.003,1220.016,1222.814,1228.408,1231.084,1236.435,1238.868,1240.814,1240.814,1245.922,1244.706,1000,1000,1000,1000,1000,1000,1000,1000,1000,1265.625,1278.274,1287.517,1293.355,1300.166,1315.247,1208.371,1208.675,1209.154,1209.587,1209.663,1210.317,1211.107,1211.898,1212.962,1214.026,1215.82,1217.219,1219.287,1220.685,1222.145,1224.03,1227.314,1229.138,1232.057,1236.435,1238.868,1241.3,1247.868,1251.517,1253.949,1256.382,1259.544,1262.22,1272.436,1275.355,1284.112,1292.869,1297.247,1301.139,1309.896,1314.761,1317.68,1325.95,1223.787,1224.015,1224.205,1224.782,1225.071,1225.315,1226.554,1227.329,1227.922,1229.412,1230.78,1231.631,1233.273,1234.064,1235.949,1238.381,1239.598,1243.246,1246.773,1250.665,1252.49,1256.382,1259.057,1263.922,1267.571,1274.625,1280.706,1284.112,1286.544,1288.004,1291.896,1295.788,1300.652,1306.49,1318.653,1324.491,1330.328,1342.491,1239.544,1239.582,1239.856,1000,1000,1000,1000,1000,1000,1000,1000,1000,1000,1318.166,1313.788,1315.004,1308.193,1302.112,1295.788,1287.031,1000,1000,1000,1000,1000,1000,1265.443,1259.361,1000,1362.924,1000,1000,1301.139,1290.679,1277.787,1286.301,1288.733,1291.409,1295.544,1299.193,1301.139,1309.896,1314.761,1324.004,1333.248,1339.085,1345.896,1349.788,1358.059,1363.896,1255.226,1255.568,1255.918,1257.02,1257.233,1258.464,1259.361,1260.912,1262.098,1263.922,1266.233,1267.632,1270.49,1272.193,1275.112,1278.274,1282.287,1284.598,1287.031,1000,1000,1000,1000,1000,1000,1000,1000,1068.147,1182.921,1182.921,1068.109,1182.921,1182.921,1180.002,1180.002,1176.11,1174.164,1174.164,1174.164,1172.218,1171.245,1169.786,1167.84,1166.867,1165.894,1164.921,1164.921,1164.921,1163.948,1163.948,1164.921,1165.894,1165.894,1168.813,1168.813,1169.786,1168.813,1168.813,1167.84,1168.813,1167.84,1168.813,1168.813,1169.786,1171.245,1172.218,1172.218,1174.164,1175.137,1176.11,1177.083,1177.083,1177.083,1176.11,1176.11,1176.11,1178.056,1177.083,1176.11,1176.11,1176.11,1176.11,1177.083,1175.137,1168.813,1162.002,1157.137,1149.353,1143.029,1142.056,1139.623,1140.596,1140.596,1142.056,1142.056,1142.056,1142.056,1144.975,1147.407,1148.38,1150.326,1152.272,1154.218,1153.245,1156.164,1158.11,1161.029,1167.84,1182.921,1068.527,1069.249,1069.903,1070.313,1069.477,1000,1000,1000,1199.948,1198.975,1201.408,1201.895,1201.895,1196.3,1168.813,1151.178,1145.552,1145.218,1143.515,1142.101,1140.923,1140.862,1140.809,1140.862,1000,1000,1000,1000,1000,1143.029,1000,1141.144,1141.448,1142.056,1141.144,1143.272,1143.637,1000,1000,1000,1000,1000,1000,1000,1000,1000,1000,1000,1000,1178.056,1176.354,1168.326,1166.502,1164.799,1164.313,1162.732,1166.502,1000,1000,1000,1000,1000,1000,1000,1000,1000,1000,1000,1000,1419.235,1418.931,1420.299,1000,1000,1000,1000,1000,1000,1000,1000,1000,1000,1000,1000,1000,1000,1000,1000,1000,1000,1000,1000,1000,1000,1000,1000,1000,1000,1000,1000,1000,1000,1000,1000,1000,1000,1000,1000,1000,1000,1000,1000,1000,1000,1000,1000,1000,1000,1000,1000,1000,1000,1000,1000,1505.588,1507.898,1504.858,1505.588,1501.331,1496.223,1494.094,1492.483,1489.761,1488.393,1487.367,1486.759,1574.061,1558.007,1537.088,1522.493,1510.574,1496.223,1485.641,1480.655,1473.844,1474.087,1477.614,1485.641,1492.331,1506.682,1519.088,1524.926,1000,1000,1000,1000,1644.36,1634.143,1620.765,1617.116,1000,1000,1000,1000,1000,1000,1000,1000,1000,1000,1000,1000,1000,1000,1000,1000,1000,1000,1000,1000,1000,1000,1000,1000,1000,1000,1000,1000,1000,1000,1000,1000,1000,1000,1000,1000,1000,1602.886,1596.683,1594.099,1592.274,1683.036,1657.252,1645.576,1632.441,1621.251,1610.548,1608.602,1600.575,1594.981,1586.467,1579.17,1570.322,1567.463,1564.833,1655.792,1639.738,1622.711,1597.413,1584.521,1571.386,1564.453,1555.088,1548.399,1543.291,1540.767,1537.468,1627.576,1603.737,1584.278,1569.683,1566.764,1554.845,1553.142,1547.304,1539.034,1530.399,1524.074,1515.834,1511.053,1510.224,1594.008,1580.386,1567.737,1560.926,1538.547,1533.926,1519.088,1513.858,1507.047,1502.669,1496.466,1492.483,1487.861,1000,1574.061,1553.142,1541.466,1532.223,1522.493,1510.088,1501.331,1490.871,1485.641,1479.439,1471.959,1468.006,1464.874,1462.138,1460.313,1459.591,1558.494,1541.466,1529.791,1515.196,1504.493,1495.736,1489.168,1475.547,1000,1000,1000,1000,1000,1000,1000,1000,1000,1000,1000,1000,1000,1000,1000,1000,1000,1000,1000,1000,1000,1000,1000,1000,1000,1000,1000,1000,1000,1000,1000,1000,1000,1000,1000,1000,1000,1000,1000,1000,1000,1000,1000,1000,1000,1000,1000,1000,1000,1000
1000,1000,1000,1000,1187.3,1186.631,1187.543,1188.273,1190.097,1191.739,1196.3,1198.854,1200.435,1201.165,1205.422,1208.219,1210.651,1216.489,1223.3,1223.3,1227.679,1233.76,1240.814,1243.733,1253.463,1255.895,1261.733,1266.111,1274.868,1282.652,1288.49,1295.788,1192.651,1192.727,1192.803,1193.35,1193.647,1193.936,1194.856,1196.482,1197.577,1198.459,1198.641,1198.854,1199.462,1200.496,1202.138,1205.665,1207.854,1211.381,1212.841,1217.341,1219.53,1226.219,1228.895,1235.219,1238.868,1242.76,1243.49,1249.571,1248.841,1000,1000,1000,1000,1000,1000,1000,1000,1000,1268.057,1280.706,1288.49,1293.355,1301.139,1314.274,1208.219,1208.523,1208.918,1209.215,1209.587,1210.53,1210.986,1211.898,1213.327,1214.026,1215.212,1217.219,1218.983,1220.381,1222.145,1224.03,1227.314,1229.138,1231.571,1235.098,1237.408,1240.327,1245.679,1248.354,1252.003,1256.868,1259.544,1261.49,1270.976,1273.895,1281.193,1290.436,1296.274,1300.166,1308.923,1313.788,1317.68,1325.95,1223.787,1224.053,1224.334,1224.782,1224.995,1225.406,1226.432,1227.192,1227.466,1229.047,1230.354,1231.388,1233.03,1234.307,1236.496,1238.017,1239.963,1242.517,1245.922,1249.328,1251.152,1254.436,1256.382,1261.733,1266.355,1273.166,1279.977,1282.652,1285.085,1285.085,1290.923,1294.815,1300.652,1308.436,1320.599,1323.518,1330.328,1347.356,1239.772,1240.054,1241.057,1241.665,1000,1000,1000,1000,1000,1000,1000,1000,1000,1000,1313.301,1312.572,1306.734,1299.315,1291.896,1000,1000,1000,1000,1000,1000,1000,1000,1000,1000,1000,1000,1000,1000,1290.679,1278.517,1286.301,1289.463,1290.679,1294.085,1297.734,1301.139,1309.896,1316.22,1325.95,1332.275,1336.167,1342.977,1347.842,1357.086,1254.96,1255.264,1255.675,1256.062,1256.823,1257.233,1258.464,1258.601,1260.182,1261.307,1263.436,1265.99,1267.936,1270.125,1271.463,1274.382,1276.693,1281.314,1281.801,1285.085,1289.22,1295.058,1299.193,1308.923,1000,1000,1000,1000,1000,1000,1068.223,1068.299,1068.223,1068.261,1068.147,1068.185,1181.948,1180.002,1180.002,1178.056,1176.11,1174.164,1173.191,1171.245,1169.786,1169.786,1169.786,1169.786,1169.786,1168.813,1168.813,1169.786,1171.245,1171.245,1174.164,1174.164,1174.164,1173.191,1171.245,1169.786,1169.786,1168.813,1168.813,1168.813,1169.786,1171.245,1172.218,1173.191,1175.137,1175.137,1176.11,1178.056,1178.056,1177.083,1177.083,1177.083,1177.083,1180.002,1180.002,1180.002,1180.002,1180.975,1177.083,1178.056,1177.083,1171.245,1162.002,1157.137,1148.38,1142.056,1138.65,1138.65,1137.677,1137.677,1139.623,1141.083,1141.083,1142.056,1143.029,1146.434,1147.407,1152.272,1153.245,1154.218,1152.272,1155.191,1158.11,1161.029,1164.921,1177.083,1068.185,1068.337,1068.413,1068.451,1000,1000,1000,1198.975,1197.03,1196.3,1197.03,1197.759,1197.03,1189.489,1167.962,1151.968,1146.495,1145.917,1144.245,1142.314,1140.923,1140.703,1140.809,1140.862,1140.862,1239.841,1190.219,1160.056,1144.61,1140.049,1000,1138.954,1140.292,1141.752,1141.144,1142.36,1141.752,1141.448,1000,1137.921,1000,1000,1000,1000,1000,1000,1000,1000,1000,1000,1183.408,1171.732,1167.962,1166.137,1164.313,1163.462,1166.989,1000,1000,1000,1000,1000,1000,1000,1000,1000,1000,1000,1000,1419.417,1420.695,1421.668,1000,1000,1000,1000,1000,1000,1000,1000,1000,1000,1000,1000,1000,1000,1000,1000,1000,1000,1000,1000,1000,1000,1000,1000,1000,1000,1000,1000,1000,1000,1000,1000,1000,1000,1000,1000,1000,1000,1000,1000,1000,1000,1000,1000,1000,1000,1000,1000,1000,1000,1000,1493.06,1500.419,1505.223,1504.128,1506.682,1502.304,1497.256,1494.581,1492.118,1489.016,1487.633,1487.04,1486.531,1566.764,1553.142,1532.223,1515.439,1501.817,1490.871,1483.452,1481.02,1476.52,1478.344,1480.655,1488.439,1000,1506.682,1513.25,1519.574,1000,1000,1000,1000,1000,1626.846,1616.63,1000,1000,1000,1000,1000,1000,1000,1000,1000,1000,1000,1000,1000,1000,1000,1000,1000,1000,1000,1000,1000,1000,1000,1000,1000,1000,1000,1000,1000,1000,1000,1000,1000,1000,1000,1000,1000,1000,1601.548,1596.683,1593.475,1591.841,1672.819,1647.035,1637.305,1626.116,1618.332,1608.116,1604.467,1595.954,1591.21,1585.251,1578.561,1570.717,1567.737,1564.879,1649.954,1635.846,1613.954,1000,1581.359,1571.386,1563.48,1555.088,1548.703,1544.264,1540.919,1537.84,1632.441,1601.792,1583.305,1568.224,1559.953,1547.304,1545.115,1538.547,1529.669,1522.858,1518.358,1514.436,1511.213,1510.346,1602.278,1584.278,1565.791,1554.602,1537.818,1531.493,1517.628,1513.371,1506.317,1500.419,1493.912,1490.932,1487.701,1487.086,1581.845,1559.953,1545.845,1531.25,1515.439,1501.331,1497.682,1488.439,1483.939,1479.439,1473.175,1468.006,1464.692,1462.518,1460.245,1459.515,1560.44,1549.737,1534.656,1518.115,1504.493,1494.277,1482.844,1470.195,1459.249,1000,1447.512,1000,1438.908,1000,1000,1000,1000,1000,1000,1000,1475.79,1000,1000,1000,1000,1000,1000,1000,1000,1000,1000,1000,1000,1000,1000,1000,1000,1000,1000,1000,1000,1000,1000,1000,1000,1000,1000,1000,1000,1000,1000,1000,1000,1000,1000,1000,1000,1000
1000,1000,1000,1000,1000,1187.543,1188.029,1188.029,1190.34,1191.496,1195.205,1198.489,1200.8,1202.016,1206.395,1210.165,1210.651,1216.489,1222.327,1225.246,1229.868,1235.949,1241.787,1244.706,1251.03,1254.922,1261.247,1269.031,1276.814,1286.544,1289.463,1296.76,1303.571,1192.765,1192.803,1193.404,1193.586,1193.86,1194.354,1195.783,1196.33,1197.577,1197.577,1199.036,1199.644,1201.408,1203.172,1206.881,1209.192,1212.841,1214.057,1218.192,1222.327,1227.435,1230.598,1235.949,1238.868,1242.76,1243.49,1248.111,1248.841,1000,1000,1000,1000,1000,1000,1000,1000,1000,1275.355,1284.598,1290.436,1296.274,1303.085,1309.409,1315.247,1208.409,1208.721,1208.918,1209.504,1210.317,1210.53,1211.488,1212.962,1213.661,1214.786,1217.219,1219.287,1220.381,1221.841,1224.03,1226.949,1229.138,1230.841,1233.76,1236.435,1239.841,1243.49,1247.382,1250.787,1255.652,1258.328,1262.22,1272.922,1277.787,1282.652,1290.923,1295.301,1297.247,1304.058,1310.869,1313.788,1323.031,1332.761,1223.977,1224.205,1224.486,1224.722,1225.155,1225.885,1226.675,1227.329,1228.712,1230.172,1230.78,1232.543,1233.76,1236.253,1237.713,1240.692,1243.246,1246.409,1249.328,1251.152,1253.463,1255.409,1260.76,1265.139,1271.22,1277.787,1282.652,1285.571,1285.571,1293.355,1297.247,1304.058,1310.382,1323.518,1327.41,1335.193,1348.329,1239.947,1240.107,1241.148,1241.452,1000,1000,1000,1000,1000,1000,1000,1000,1000,1000,1000,1000,1301.139,1000,1000,1000,1000,1000,1000,1000,1000,1000,1000,1000,1000,1255.15,1000,1000,1000,1000,1270.976,1279.004,1286.301,1288.733,1292.625,1298.22,1301.139,1307.463,1317.193,1324.004,1326.437,1333.248,1340.058,1343.95,1353.194,1254.922,1255.302,1255.675,1255.857,1256.541,1256.625,1257.568,1258.191,1259.848,1260.912,1262.524,1264.652,1266.78,1268.848,1270.125,1274.017,1276.328,1280.463,1284.598,1286.544,1292.382,1295.058,1302.355,1307.707,1311.842,1000,1000,1000,1000,1000,1000,1000,1000,1000,1068.185,1068.223,1182.921,1182.921,1180.975,1180.002,1178.056,1177.083,1176.11,1174.164,1173.191,1173.191,1173.191,1172.218,1174.164,1174.164,1174.164,1174.164,1174.164,1174.164,1174.164,1174.164,1174.164,1173.191,1173.191,1172.218,1171.245,1169.786,1169.786,1169.786,1171.245,1172.218,1173.191,1174.164,1176.11,1175.137,1177.083,1177.083,1178.056,1178.056,1180.002,1180.002,1180.975,1181.948,1181.948,1180.975,1181.948,1181.948,1177.083,1174.164,1173.191,1165.894,1158.11,1154.218,1148.38,1141.083,1137.677,1136.218,1135.245,1137.677,1138.65,1140.596,1141.083,1143.029,1144.002,1147.407,1148.38,1151.299,1152.272,1151.299,1150.326,1153.245,1155.191,1161.029,1164.921,1171.245,1175.137,1174.164,1171.245,1167.84,1000,1000,1000,1200.435,1195.57,1194.84,1194.111,1194.84,1190.948,1184.381,1166.989,1152.576,1146.495,1146.1,1144.549,1000,1000,1000,1000,1141.25,1141.045,1247.138,1214.057,1000,1000,1000,1142.36,1140.292,1140.049,1140.292,1139.745,1140.292,1140.049,1000,1000,1000,1000,1000,1000,1000,1000,1000,1000,1000,1000,1000,1188.273,1174.408,1168.813,1165.651,1165.651,1164.313,1167.962,1000,1000,1000,1000,1000,1000,1000,1000,1000,1000,1000,1000,1000,1000,1000,1000,1000,1000,1000,1000,1000,1000,1000,1000,1000,1000,1000,1000,1000,1000,1000,1000,1000,1000,1000,1000,1000,1000,1000,1000,1000,1000,1000,1000,1000,1000,1000,1000,1000,1000,1000,1000,1000,1000,1000,1000,1000,1000,1000,1000,1000,1000,1000,1000,1000,1000,1000,1501.331,1504.493,1503.033,1503.398,1499.81,1496.223,1493.486,1491.236,1488.804,1487.557,1486.911,1578.926,1557.034,1544.872,1525.899,1509.358,1497.196,1491.358,1484.79,1481.02,1479.074,1480.168,1000,1000,1497.196,1507.412,1512.034,1516.169,1516.898,1000,1000,1000,1000,1620.765,1614.197,1000,1000,1000,1000,1000,1000,1000,1000,1000,1000,1000,1000,1000,1000,1000,1000,1000,1000,1000,1000,1000,1000,1000,1000,1000,1000,1000,1000,1000,1000,1000,1000,1000,1000,1000,1000,1000,1000,1603.19,1597.383,1593.992,1591.765,1668.927,1645.576,1632.441,1619.062,1613.711,1606.9,1599.116,1588.535,1583.062,1577.649,1571.507,1567.099,1566.125,1564.712,1000,1633.9,1612.981,1594.737,1579.656,1571.872,1563.967,1555.453,1547.608,1543.291,1540.22,1537.901,1632.441,1604.71,1592.062,1571.629,1561.169,1551.196,1546.088,1535.872,1530.034,1522.007,1516.412,1512.976,1510.779,1610.062,1594.981,1581.359,1561.899,1553.629,1539.764,1531.493,1516.169,1510.331,1504.493,1500.115,1494.581,1491.418,1488.484,1487.192,1576.98,1555.088,1544.872,1529.791,1516.169,1504.979,1498.898,1488.439,1481.02,1476.155,1470.864,1466.425,1463.536,1462.381,1460.123,1459.553,1557.521,1543.412,1522.98,1509.358,1492.817,1487.222,1479.682,1469.465,1457.668,1452.073,1445.384,1439.577,1438.315,1437.425,1436.893,1436.164,1000,1000,1000,1489.898,1474.33,1461.925,1449.762,1000,1000,1000,1000,1000,1000,1000,1000,1000,1000,1000,1000,1000,1000,1000,1000,1000,1000,1000,1000,1000,1000,1000,1000,1000,1000,1000,1000,1000,1000,1000,1000,1000,1000,1000
1000,1000,1000,1000,1000,1000,1186.023,1186.631,1188.516,1191.496,1194.597,1197.03,1199.584,1200.8,1204.57,1208.219,1209.678,1214.786,1222.814,1225.976,1231.084,1236.679,1240.814,1242.273,1247.138,1249.571,1254.922,1261.733,1269.031,1277.787,1281.679,1288.49,1295.788,1192.689,1192.841,1193.404,1193.791,1194.019,1194.552,1195.54,1196.33,1196.938,1196.938,1197.911,1198.854,1199.827,1201.895,1205.665,1208.219,1211.381,1212.476,1216.854,1220.868,1225.246,1228.408,1234.733,1235.949,1240.814,1242.03,1247.382,1248.111,1000,1000,1000,1000,1000,1000,1000,1000,1000,1278.274,1285.571,1293.355,1297.247,1305.517,1310.382,1316.22,1208.409,1208.766,1208.918,1209.504,1210.119,1210.317,1210.986,1212.354,1212.962,1214.786,1216.976,1218.496,1219.834,1221.233,1222.449,1224.76,1226.949,1229.138,1231.571,1233.76,1237.895,1241.3,1243.976,1247.382,1253.949,1256.382,1261.49,1270.003,1276.328,1280.22,1289.463,1291.896,1295.301,1302.112,1306.977,1311.842,1321.085,1331.788,1223.901,1224.167,1224.38,1224.539,1224.782,1225.315,1226.098,1226.797,1228.074,1229.047,1229.594,1231.875,1233.273,1236.253,1238.381,1242.152,1243.611,1246.409,1248.476,1250.179,1251.638,1253.949,1259.057,1263.436,1268.787,1274.625,1279.977,1283.625,1286.544,1293.355,1298.22,1304.058,1310.382,1321.572,1329.356,1337.626,1239.392,1239.902,1240.168,1240.974,1242.365,1000,1000,1000,1000,1000,1000,1000,1000,1000,1000,1000,1000,1000,1000,1282.409,1000,1000,1000,1000,1000,1000,1000,1263.193,1257.932,1255.424,1255.112,1000,1000,1000,1000,1000,1282.652,1287.517,1288.733,1292.625,1296.274,1302.112,1307.463,1315.247,1320.599,1324.977,1330.328,1337.139,1342.004,1355.14,1254.922,1255.264,1255.796,1255.857,1256.625,1257.02,1257.689,1258.601,1259.513,1260.912,1262.341,1264.166,1265.99,1267.936,1270.49,1271.463,1275.841,1277.909,1280.95,1283.625,1289.706,1294.571,1300.652,1306.247,1311.842,1314.761,1313.301,1000,1000,1000,1000,1000,1000,1000,1000,1000,1068.299,1068.223,1068.109,1068.109,1181.948,1180.975,1180.002,1177.083,1177.083,1176.11,1178.056,1178.056,1180.975,1180.002,1178.056,1176.11,1176.11,1174.164,1174.164,1174.164,1174.164,1174.164,1173.191,1172.218,1171.245,1168.813,1168.813,1168.813,1169.786,1171.245,1172.218,1173.191,1175.137,1176.11,1177.083,1178.056,1178.056,1178.056,1180.002,1180.002,1181.948,1068.109,1068.185,1068.147,1182.921,1180.002,1176.11,1171.245,1166.867,1162.002,1159.083,1156.164,1151.299,1144.975,1140.596,1136.704,1133.786,1133.786,1134.272,1137.677,1139.623,1142.056,1144.002,1148.38,1150.326,1152.272,1153.245,1152.272,1149.353,1153.245,1154.218,1159.083,1162.975,1168.813,1165.894,1162.975,1000,1000,1000,1000,1000,1198.975,1194.111,1191.435,1191.435,1192.165,1188.759,1179.759,1164.799,1153.124,1147.286,1146.495,1145.036,1000,1000,1000,1142.527,1142.877,1142.527,1140.566,1231.084,1179.759,1153.124,1148.624,1000,1141.752,1140.049,1139.745,1138.711,1139.745,1140.049,1142.664,1000,1000,1000,1000,1000,1000,1000,1000,1000,1000,1000,1202.867,1188.273,1177.083,1170.759,1167.475,1164.799,1164.313,1166.137,1000,1000,1000,1000,1000,1000,1000,1000,1000,1000,1000,1000,1000,1417.502,1000,1000,1000,1000,1000,1000,1000,1000,1000,1000,1000,1000,1000,1000,1000,1000,1000,1000,1000,1000,1000,1000,1000,1000,1000,1000,1000,1000,1000,1000,1000,1000,1000,1000,1000,1000,1000,1000,1000,1000,1000,1000,1000,1000,1000,1000,1000,1000,1000,1000,1000,1000,1000,1498.108,1503.398,1502.304,1503.763,1500.419,1497.56,1494.337,1491.753,1488.697,1487.428,1486.645,1570.656,1550.223,1541.466,1525.899,1512.034,1500.115,1495.006,1488.439,1484.79,1485.276,1488.439,1000,1000,1496.223,1501.331,1502.547,1506.682,1504.25,1000,1000,1000,1628.549,1615.413,1610.67,1607.143,1000,1000,1000,1000,1000,1000,1000,1000,1000,1000,1000,1000,1000,1000,1000,1000,1000,1000,1000,1000,1000,1000,1000,1000,1000,1000,1000,1000,1000,1000,1000,1000,1000,1000,1000,1000,1000,1598.386,1594.981,1593.475,1591.841,1673.792,1653.36,1637.792,1619.792,1615.656,1606.413,1595.467,1584.521,1579.899,1574.305,1570.139,1566.232,1565.084,1655.792,1630.981,1617.359,1602.764,1592.548,1577.953,1568.224,1561.777,1553.264,1544.689,1541.375,1539.292,1537.681,1628.549,1606.656,1597.9,1579.413,1563.845,1553.629,1546.088,1535.385,1527.48,1520.912,1514.77,1512.368,1510.262,1606.17,1588.17,1573.575,1552.169,1549.25,1532.709,1527.845,1516.169,1511.182,1504.858,1500.723,1494.581,1491.084,1488.195,1487.192,1578.926,1561.899,1546.331,1531.25,1512.52,1502.547,1495.493,1488.439,1480.655,1477.614,1472.871,1468.249,1464.357,1463.536,1460.617,1459.842,1459.363,1550.71,1526.872,1513.736,1494.763,1487.222,1479.195,1471.168,1459.249,1452.803,1445.384,1439.881,1438.664,1437.342,1436.445,1536.115,1527.358,1512.277,1501.088,1487.466,1477.249,1464.601,1453.654,1440.033,1434.681,1000,1000,1000,1000,1000,1000,1415.085,1512.763,1482.114,1470.438,1463.141,1445.141,1000,1000,1000,1000,1000,1000,1000,1000,1000,1000,1000,1000,1000,1000,1000,1000,1000,1000,1000,1000,1000
1000,1000,1000,1000,1000,1000,1186.448,1186.631,1189.307,1192.043,1194.232,1196.3,1199.219,1201.165,1204.084,1208.705,1209.678,1214.786,1218.192,1222.814,1227.679,1233.76,1237.895,1243.246,1247.625,1251.03,1254.436,1262.706,1267.084,1273.895,1278.76,1284.598,1291.896,1302.599,1192.727,1193.297,1193.715,1194.019,1194.749,1195.92,1196.33,1196.634,1196.938,1197.394,1198.641,1200.253,1202.928,1205.969,1207.854,1210.286,1211.016,1214.786,1220.868,1225.733,1227.922,1233.516,1235.219,1237.652,1239.598,1245.436,1245.922,1000,1000,1000,1000,1000,1000,1000,1000,1000,1279.247,1288.49,1294.328,1301.139,1308.436,1314.274,1316.22,1208.409,1208.721,1208.865,1209.283,1209.922,1210.21,1210.864,1212.05,1212.658,1214.209,1216.064,1218.192,1219.287,1221.537,1222.449,1224.395,1226.584,1229.625,1232.422,1236.435,1240.327,1243.003,1243.976,1247.382,1251.517,1255.165,1260.274,1268.544,1273.895,1277.787,1286.544,1290.923,1295.301,1302.112,1306.977,1308.923,1317.68,1329.842,1223.863,1224.053,1224.243,1224.334,1224.539,1225.071,1226.098,1227.055,1228.378,1229.229,1229.989,1231.875,1232.787,1235.402,1236.8,1241.057,1243.246,1247.625,1249.814,1252.003,1252.976,1254.436,1258.084,1262.949,1269.517,1275.112,1279.247,1283.625,1285.571,1290.436,1294.328,1301.625,1306.004,1314.761,1323.518,1333.248,1342.491,1239.697,1240.229,1241.255,1242.76,1000,1000,1000,1000,1000,1000,1000,1000,1000,1000,1000,1000,1000,1282.956,1281.679,1000,1000,1000,1000,1000,1000,1000,1000,1000,1255.675,1255.302,1344.923,1328.383,1000,1000,1000,1285.571,1287.517,1288.004,1292.625,1296.274,1298.22,1306.004,1310.382,1314.761,1320.599,1324.977,1331.302,1340.058,1347.842,1360.978,1255.15,1255.424,1255.735,1256.131,1256.625,1257.339,1258.054,1259.361,1260.365,1261.916,1263.679,1265.199,1268.24,1270.733,1271.828,1275.476,1277.058,1280.463,1282.774,1289.22,1294.085,1299.193,1303.571,1307.707,1311.842,1313.301,1316.707,1000,1000,1000,1000,1000,1000,1000,1000,1000,1000,1068.223,1068.185,1181.948,1180.975,1180.975,1180.002,1178.056,1180.002,1182.921,1182.921,1068.147,1182.921,1181.948,1180.002,1177.083,1176.11,1175.137,1175.137,1175.137,1175.137,1173.191,1172.218,1171.245,1168.813,1167.84,1167.84,1167.84,1168.813,1169.786,1171.245,1173.191,1174.164,1175.137,1175.137,1177.083,1177.083,1178.056,1180.002,1182.921,1182.921,1068.147,1068.185,1068.299,1181.948,1176.11,1168.813,1164.921,1162.002,1159.083,1158.11,1152.272,1147.407,1143.029,1137.677,1135.245,1134.272,1135.245,1136.704,1140.596,1143.029,1145.461,1149.353,1151.299,1151.299,1151.299,1150.326,1149.353,1150.326,1152.272,1157.137,1162.002,1165.894,1162.002,1157.137,1000,1000,1000,1000,1000,1198.975,1193.381,1193.381,1191.435,1190.948,1188.759,1179.759,1165.164,1155.921,1149.597,1148.624,1000,1000,1000,1000,1143.652,1144.245,1143.941,1141.395,1245.192,1191.678,1167.597,1000,1000,1000,1144.61,1144.002,1144.002,1144.975,1144.245,1145.34,1000,1000,1000,1000,1000,1000,1000,1392.934,1000,1000,1000,1000,1185.11,1173.678,1167.962,1166.502,1162.732,1163.097,1166.137,1000,1000,1000,1000,1000,1000,1000,1000,1000,1000,1000,1000,1418.627,1419.6,1420.695,1000,1000,1000,1000,1000,1000,1000,1000,1000,1000,1000,1000,1000,1000,1000,1000,1000,1000,1000,1000,1000,1000,1000,1000,1000,1000,1000,1000,1000,1000,1000,1000,1000,1000,1000,1000,1000,1000,1000,1000,1000,1000,1000,1000,1000,1000,1000,1000,1000,1000,1000,1000,1000,1499.506,1500.419,1501.088,1497.013,1496.466,1493.668,1490.932,1488.393,1487.633,1486.607,1573.088,1552.169,1541.466,1523.953,1507.898,1497.682,1492.817,1486.614,1481.385,1485.276,1485.276,1485.276,1490.871,1499.385,1501.817,1504.25,1503.033,1000,1000,1000,1000,1625.873,1611.035,1607.386,1604.589,1000,1000,1000,1000,1000,1000,1000,1000,1000,1000,1000,1000,1000,1000,1000,1000,1000,1000,1000,1000,1000,1000,1000,1000,1000,1000,1000,1000,1000,1000,1000,1000,1000,1000,1000,1000,1000,1598.143,1595.117,1593.78,1591.803,1669.901,1654.333,1637.792,1619.792,1615.656,1606.413,1593.035,1579.899,1575.399,1000,1567.6,1565.951,1564.75,1651.9,1622.711,1611.521,1595.954,1587.926,1575.521,1568.224,1560.075,1555.088,1546.088,1541.527,1538.988,1537.84,1629.522,1608.602,1596.44,1580.872,1000,1000,1541.953,1533.196,1525.412,1520.912,1515.834,1513.676,1510.779,1509.996,1589.143,1562.386,1541.223,1537.818,1523.466,1523.466,1516.169,1512.034,1506.317,1500.419,1494.094,1491.601,1488.91,1487.192,1576.007,1557.034,1544.872,1528.818,1000,1504.25,1498.412,1489.898,1483.452,1481.02,1477.249,1470.56,1466.06,1464.357,1461.453,1460.313,1459.842,1559.467,1535.628,1513.736,1494.277,1482.844,1473.844,1465.087,1456.087,1000,1000,1000,1000,1437.425,1436.49,1536.115,1528.331,1508.385,1500.115,1000,1475.79,1461.925,1451.465,1436.262,1000,1427.201,1000,1000,1000,1000,1415.427,1415.191,1514.709,1485.033,1475.79,1468.006,1450.979,1000,1000,1000,1000,1000,1000,1000,1000,1000,1000,1000,1000,1000,1000,1000,1000,1000,1000,1000,1000,1000
1000,1000,1000,1000,1000,1000,1000,1185.84,1188.029,1190.34,1192.651,1195.935,1198.489,1200.435,1203.232,1207.732,1209.192,1213.327,1216.976,1221.597,1225.976,1231.084,1235.949,1240.327,1247.138,1251.03,1254.922,1261.733,1267.084,1270.003,1276.814,1284.598,1293.842,1303.571,1192.803,1193.153,1193.525,1193.715,1194.354,1195.661,1196.33,1196.634,1197.577,1198.276,1199.219,1200.496,1203.172,1205.665,1206.881,1209.557,1211.016,1213.57,1218.192,1224.273,1225.733,1231.814,1235.219,1238.868,1238.868,1242.76,1241.3,1000,1000,1000,1000,1000,1000,1000,1000,1000,1282.652,1288.49,1293.355,1302.112,1309.409,1311.355,1314.274,1208.371,1208.599,1208.766,1209.359,1210.119,1210.317,1211.107,1212.202,1212.962,1214.604,1217.219,1219.834,1220.928,1222.449,1223.057,1224.395,1225.489,1229.138,1232.422,1236.922,1240.327,1242.517,1243.49,1247.382,1251.517,1255.165,1261.003,1268.057,1273.895,1277.787,1284.112,1288.49,1291.896,1298.22,1303.085,1306.004,1314.761,1326.923,1223.863,1223.977,1224.167,1224.243,1224.486,1224.722,1225.778,1226.31,1227.466,1228.226,1229.047,1230.78,1232.057,1234.307,1236.253,1239.963,1242.517,1246.409,1248.841,1250.665,1251.638,1253.463,1258.084,1261.733,1265.868,1271.22,1275.112,1281.436,1284.112,1288.49,1291.896,1299.193,1300.652,1310.869,1319.626,1334.22,1345.41,1239.811,1240.107,1241.772,1242.623,1243.49,1000,1000,1000,1000,1000,1000,1000,1000,1000,1000,1000,1000,1280.95,1280.281,1000,1000,1000,1000,1000,1000,1000,1000,1257.233,1255.735,1255.264,1348.815,1338.112,1000,1000,1000,1285.085,1285.085,1286.301,1294.085,1296.274,1302.599,1306.004,1311.355,1314.761,1319.626,1323.031,1331.302,1340.058,1348.815,1361.951,1255.15,1255.378,1255.857,1256.207,1256.625,1257.127,1258.054,1258.601,1260.03,1260.73,1263.01,1264.895,1267.632,1270.49,1272.557,1274.382,1276.328,1279.977,1281.801,1287.517,1292.869,1298.707,1303.085,1306.247,1309.653,1311.112,1316.22,1322.058,1330.328,1337.139,1000,1000,1000,1000,1000,1000,1000,1000,1000,1182.921,1181.948,1181.948,1180.002,1180.975,1068.109,1068.223,1068.223,1068.299,1068.261,1068.185,1182.921,1180.975,1178.056,1176.11,1175.137,1174.164,1174.164,1172.218,1172.218,1169.786,1167.84,1166.867,1166.867,1167.84,1168.813,1168.813,1171.245,1172.218,1172.218,1173.191,1174.164,1175.137,1175.137,1176.11,1177.083,1181.948,1182.921,1068.223,1068.261,1068.261,1181.948,1176.11,1167.84,1162.002,1157.137,1156.164,1155.191,1151.299,1150.326,1145.461,1138.65,1135.245,1133.786,1133.786,1135.245,1140.596,1144.002,1147.407,1150.326,1153.245,1152.272,1150.326,1150.326,1150.326,1154.218,1155.191,1158.11,1161.029,1163.948,1162.002,1156.164,1000,1000,1000,1000,1000,1198.975,1193.381,1191.435,1190.948,1190.948,1189.489,1180.246,1166.502,1157.016,1152.82,1150.387,1000,1000,1000,1000,1146.1,1146.1,1145.036,1142.101,1140.148,1215.03,1194.111,1186.083,1178.543,1168.083,1155.313,1151.786,1150.569,1000,1000,1000,1000,1000,1000,1000,1000,1482.601,1391.733,1392.668,1000,1000,1000,1000,1183.894,1173.191,1166.502,1164.799,1163.097,1163.097,1165.651,1000,1000,1000,1000,1000,1000,1000,1000,1000,1000,1000,1000,1419.235,1420.877,1421.911,1000,1000,1000,1000,1000,1000,1000,1000,1000,1000,1000,1000,1000,1000,1000,1000,1000,1000,1000,1000,1000,1000,1000,1000,1000,1000,1000,1000,1000,1000,1000,1000,1000,1000,1000,1000,1000,1000,1000,1000,1000,1000,1000,1000,1000,1000,1000,1000,1000,1000,1000,1000,1496.223,1498.351,1499.506,1498.351,1495.979,1496.466,1493.668,1490.324,1488.195,1487.367,1582.818,1566.764,1549.25,1534.656,1519.088,1503.033,1496.709,1491.844,1489.412,1481.385,1486.614,1483.939,1000,1000,1503.033,1503.52,1510.088,1000,1000,1000,1000,1000,1620.278,1608.116,1604.893,1601.305,1000,1000,1000,1000,1000,1000,1000,1000,1000,1000,1000,1000,1000,1000,1000,1000,1000,1000,1000,1000,1000,1000,1000,1000,1000,1000,1000,1000,1000,1000,1000,1000,1000,1000,1000,1000,1000,1000,1000,1000,1591.575,1661.144,1648.981,1630.008,1617.116,1608.116,1599.602,1584.521,1576.798,1571.142,1568.771,1565.616,1565.472,1658.711,1648.495,1000,1612.981,1595.954,1587.197,1572.845,1569.683,1558.494,1552.291,1545.176,1541.375,1538.882,1537.901,1634.386,1610.548,1595.467,1579.413,1000,1547.304,1538.061,1527.48,1000,1517.446,1513.979,1512.155,1510.84,1510.072,1597.9,1561.899,1548.277,1534.656,1521.763,1519.088,1518.115,1000,1505.952,1500.115,1493.668,1490.324,1488.91,1486.994,1576.98,1566.764,1555.088,1533.682,1518.115,1506.682,1498.898,1489.412,1482.601,1478.709,1476.885,1468.006,1464.874,1463.08,1460.868,1459.796,1459.401,1550.71,1531.737,1511.79,1492.817,1481.628,1471.168,1462.29,1000,1453.533,1448.607,1441.158,1439.577,1437.691,1436.316,1530.277,1522.007,1506.439,1494.763,1482.601,1471.411,1461.438,1448.79,1439.546,1433.952,1429.087,1425.012,1000,1000,1000,1415.085,1414.758,1506.925,1485.033,1470.438,1467.033,1447.33,1000,1000,1000,1000,1000,1000,1000,1000,1000,1000,1000,1000,1000,1000,1000,1000,1000,1000,1000,1000,1000
1000,1000,1000,1000,1000,1000,1000,1184.837,1187.117,1189.002,1190.644,1193.867,1198.124,1199.584,1203.232,1207.246,1209.192,1210.651,1216.003,1219.165,1224.03,1227.679,1233.76,1237.408,1245.679,1247.138,1252.003,1255.895,1260.274,1258.328,1267.084,1271.949,1284.598,1292.869,1192.689,1192.917,1193.297,1193.404,1194.019,1194.643,1195.418,1195.661,1196.634,1197.394,1198.641,1199.827,1202.624,1203.962,1205.665,1208.462,1210.651,1212.111,1217.341,1221.841,1222.327,1227.922,1231.084,1234.733,1235.219,1238.381,1237.652,1234.003,1000,1000,1000,1000,1000,1000,1000,1270.976,1291.409,1293.355,1297.247,1303.085,1308.436,1308.436,1312.328,1208.295,1208.561,1208.721,1209.215,1209.663,1210.119,1210.743,1211.761,1212.658,1214.786,1216.489,1219.287,1220.381,1222.145,1223.057,1223.787,1224.03,1228.043,1231.206,1235.098,1239.354,1242.517,1243.976,1245.679,1249.084,1255.165,1261.003,1268.057,1275.355,1278.76,1283.625,1286.058,1289.463,1294.815,1301.139,1306.004,1316.707,1329.842,1223.901,1224.053,1224.243,1224.288,1224.433,1224.6,1225.489,1225.991,1227.055,1227.77,1228.712,1229.777,1231.388,1232.543,1235.098,1238.381,1241.422,1244.706,1247.99,1248.841,1249.328,1250.665,1254.922,1258.571,1263.436,1270.003,1273.895,1279.977,1285.085,1288.004,1290.436,1296.76,1298.22,1305.031,1313.788,1327.41,1336.653,1239.544,1240.168,1242.121,1243.642,1244.098,1000,1000,1000,1000,1000,1000,1000,1000,1000,1000,1000,1000,1000,1000,1000,1000,1000,1000,1000,1000,1000,1000,1000,1256.45,1255.378,1355.14,1341.031,1000,1000,1000,1282.652,1281.436,1285.571,1290.193,1295.544,1301.139,1300.652,1307.95,1309.896,1317.68,1322.058,1332.275,1337.139,1347.842,1355.14,1363.896,1255.188,1255.469,1255.857,1256.366,1257.02,1257.932,1258.753,1260.182,1261.125,1263.193,1265.199,1267.632,1270.125,1272.557,1274.747,1277.909,1279.977,1284.598,1288.49,1294.571,1298.707,1301.139,1303.085,1305.031,1308.193,1316.22,1322.058,1332.761,1341.518,1351.734,1357.572,1367.788,1000,1000,1000,1000,1000,1000,1000,1000,1182.921,1068.109,1068.109,1068.223,1068.337,1068.337,1068.375,1068.299,1068.223,1068.109,1182.921,1180.002,1176.11,1175.137,1173.191,1173.191,1171.245,1169.786,1168.813,1167.84,1166.867,1165.894,1166.867,1166.867,1167.84,1168.813,1169.786,1171.245,1173.191,1173.191,1174.164,1174.164,1176.11,1177.083,1180.975,1181.948,1068.109,1182.921,1182.921,1174.164,1172.218,1162.975,1157.137,1154.218,1156.164,1156.164,1155.191,1152.272,1146.434,1141.083,1136.704,1132.813,1133.786,1135.245,1140.596,1144.975,1149.353,1151.299,1150.326,1150.326,1150.326,1146.434,1149.353,1149.353,1157.137,1156.164,1160.056,1157.137,1155.191,1000,1000,1000,1357.876,1000,1224.76,1197.03,1193.381,1190.948,1191.435,1190.948,1188.273,1174.408,1162.245,1155.678,1153.428,1151.421,1000,1000,1000,1149.84,1000,1149.353,1146.921,1142.877,1140.376,1229.138,1213.084,1214.057,1205.3,1196.543,1000,1000,1000,1000,1000,1000,1000,1000,1000,1000,1000,1478.222,1391.482,1392.075,1392.934,1000,1205.422,1000,1178.056,1169.786,1165.651,1163.462,1162.245,1161.88,1163.948,1000,1000,1000,1000,1000,1000,1000,1000,1000,1000,1415.191,1417.38,1418.171,1418.627,1000,1000,1000,1000,1000,1000,1000,1000,1000,1000,1000,1000,1000,1000,1000,1000,1000,1000,1000,1000,1000,1000,1000,1000,1000,1000,1000,1000,1000,1000,1000,1000,1000,1000,1000,1000,1000,1000,1000,1000,1000,1000,1000,1000,1000,1000,1000,1000,1000,1000,1000,1000,1000,1496.223,1498.108,1498.108,1495.736,1494.337,1495.25,1493.06,1490.476,1488.591,1487.701,1486.569,1567.737,1547.304,1532.709,1513.979,1502.547,1499.385,1492.817,1487.952,1479.803,1482.601,1478.344,1482.236,1000,1500.115,1500.115,1507.898,1000,1000,1000,1000,1000,1614.927,1610.67,1606.413,1601.062,1000,1000,1000,1000,1000,1000,1000,1000,1000,1000,1000,1000,1000,1000,1000,1000,1000,1000,1000,1000,1000,1000,1000,1000,1000,1000,1000,1000,1000,1000,1000,1000,1000,1000,1000,1000,1000,1000,1593.278,1592.943,1591.841,1672.819,1655.306,1638.765,1619.792,1608.116,1595.954,1583.062,1575.399,1570.534,1568.315,1565.776,1565.266,1654.819,1642.657,1617.359,1612.981,1599.845,1590.359,1580.386,1000,1000,1555.453,1547.061,1540.767,1539.079,1537.59,1628.549,1608.602,1594.494,1577.953,1560.683,1547.304,1537.21,1529.669,1524.439,1000,1000,1512.854,1510.658,1510.034,1595.954,1571.142,1558.494,1547.791,1526.628,1523.953,1519.088,1000,1504.128,1500.723,1493.06,1489.898,1488.287,1486.569,1561.899,1559.953,1546.331,1530.277,1518.115,1510.574,1494.52,1487.466,1479.439,1476.52,1473.844,1468.736,1465.239,1462.655,1460.245,1459.515,1552.656,1536.601,1523.953,1507.898,1487.952,1480.898,1471.655,1459.249,1454.263,1451.1,1000,1439.729,1438.421,1000,1000,1516.169,1510.331,1492.817,1481.628,1468.492,1461.438,1451.952,1445.627,1439.546,1436.262,1431.397,1428.418,1422.336,1417.897,1000,1415.244,1414.606,1505.952,1483.087,1469.465,1458.276,1443.195,1000,1000,1000,1000,1000,1000,1000,1000,1000,1000,1000,1000,1000,1000,1000,1000,1000,1000,1000,1000,1000
1000,1000,1000,1000,1000,1000,1000,1185.597,1187.3,1190.097,1000,1192.955,1196.665,1198.124,1200.8,1204.57,1209.192,1209.678,1213.327,1216.003,1219.895,1224.03,1231.814,1235.949,1243.733,1245.679,1250.057,1252.003,1257.355,1256.868,1267.084,1268.057,1281.679,1285.571,1298.707,1300.652,1193.031,1193.198,1194.019,1194.643,1195.661,1195.92,1196.786,1197.09,1197.759,1199.036,1201.408,1202.138,1203.172,1206.273,1207.854,1208.219,1212.841,1217.341,1217.705,1222.814,1226.949,1231.084,1231.084,1233.516,1234.003,1234.733,1225.246,1000,1000,1000,1000,1000,1000,1277.301,1290.436,1293.355,1295.301,1300.166,1305.517,1309.409,1312.328,1208.371,1208.561,1208.812,1209.154,1209.427,1210.013,1210.53,1211.229,1212.506,1214.422,1216.064,1219.287,1220.928,1222.449,1223.422,1223.787,1224.395,1227.679,1230.354,1234.246,1238.381,1241.3,1243.49,1245.679,1249.571,1253.949,1258.328,1265.139,1270.976,1274.868,1280.22,1285.085,1288.49,1296.274,1303.085,1307.95,1317.68,1329.842,1223.863,1223.977,1224.243,1224.243,1224.486,1224.661,1225.489,1225.687,1226.918,1227.466,1228.53,1229.594,1231.206,1231.875,1234.55,1236.8,1239.598,1242.881,1247.625,1247.625,1248.476,1251.152,1254.922,1257.355,1262.949,1269.517,1270.733,1276.571,1284.112,1286.544,1288.49,1295.788,1299.193,1302.112,1310.869,1322.545,1332.275,1239.392,1240.35,1242.486,1244.979,1246.53,1000,1000,1000,1000,1000,1000,1000,1000,1000,1000,1000,1000,1000,1281.436,1278.639,1000,1000,1000,1000,1000,1000,1000,1000,1256.625,1255.188,1352.221,1332.275,1324.977,1000,1000,1285.085,1282.652,1285.571,1288.733,1291.409,1295.544,1301.139,1308.923,1311.355,1317.193,1322.058,1334.22,1339.085,1346.869,1353.194,1363.896,1255.074,1255.515,1255.796,1256.45,1256.914,1257.932,1258.464,1260.365,1260.912,1263.01,1264.652,1268.544,1270.125,1272.922,1275.841,1277.058,1280.95,1283.625,1287.517,1292.869,1298.707,1300.652,1303.571,1307.707,1308.923,1316.22,1322.058,1333.248,1339.572,1353.68,1356.599,1363.41,1372.653,1272.55,1000,1000,1000,1000,1000,1000,1000,1000,1068.147,1068.337,1068.451,1068.451,1068.451,1068.375,1068.299,1068.185,1068.109,1180.975,1177.083,1175.137,1173.191,1173.191,1171.245,1169.786,1168.813,1166.867,1165.894,1164.921,1164.921,1164.921,1164.921,1165.894,1166.867,1168.813,1169.786,1171.245,1173.191,1174.164,1175.137,1177.083,1180.975,1180.975,1181.948,1181.948,1178.056,1172.218,1172.218,1166.867,1162.002,1161.029,1161.029,1159.083,1157.137,1155.191,1148.38,1142.056,1136.218,1132.813,1133.786,1135.245,1139.623,1144.002,1148.38,1150.326,1152.272,1149.353,1148.38,1149.353,1149.353,1153.245,1158.11,1160.056,1162.002,1159.083,1155.191,1000,1000,1000,1355.383,1000,1000,1197.03,1192.894,1192.894,1192.894,1189.489,1189.489,1173.191,1159.934,1154.948,1153.428,1152.272,1151.725,1151.421,1151.178,1151.178,1151.421,1149.597,1147.529,1143.515,1140.376,1234.976,1224.273,1223.3,1219.408,1218.435,1000,1000,1000,1000,1000,1000,1000,1000,1000,1000,1459.736,1471.411,1494.277,1391.368,1392.014,1393.907,1000,1000,1000,1166.989,1163.097,1162.245,1162.245,1160.664,1163.462,1000,1000,1000,1000,1000,1000,1000,1000,1501.574,1414.568,1000,1000,1000,1000,1000,1000,1000,1000,1000,1000,1000,1000,1000,1000,1000,1000,1000,1000,1000,1000,1000,1000,1000,1000,1000,1000,1000,1000,1000,1000,1000,1000,1000,1000,1000,1000,1000,1000,1000,1000,1000,1000,1000,1000,1000,1000,1000,1000,1000,1000,1000,1000,1000,1000,1000,1000,1000,1495.979,1497.804,1497.56,1496.223,1495.25,1495.493,1493.668,1490.78,1488.591,1487.489,1582.818,1561.899,1546.331,1534.656,1518.115,1506.682,1503.52,1493.547,1486.128,1479.439,1481.871,1477.979,1484.303,1487.952,1498.412,1497.682,1507.412,1000,1000,1000,1000,1000,1617.967,1612.981,1607.143,1601.548,1000,1000,1000,1000,1000,1000,1000,1000,1000,1000,1000,1000,1000,1000,1000,1000,1000,1000,1000,1000,1000,1000,1000,1000,1000,1000,1000,1000,1000,1000,1000,1000,1000,1000,1000,1000,1000,1000,1593.475,1592.639,1591.803,1675.738,1657.252,1642.17,1626.116,1614.44,1597.413,1585.737,1577.953,1573.088,1569.257,1566.855,1565.54,1660.657,1642.657,1618.332,1608.116,1599.845,1590.359,1577.953,1571.872,1560.926,1554.723,1546.331,1541.071,1539.079,1537.787,1626.603,1608.602,1585.251,1576.494,1556.061,1546.088,1534.534,1527.845,1521.155,1517.446,1514.436,1513.387,1511.129,1510.49,1602.278,1573.575,1557.034,1542.683,1519.088,1517.142,1000,1000,1502.304,1499.506,1492.118,1488.91,1487.633,1583.791,1560.926,1562.872,1550.223,1535.142,1519.088,1510.574,1494.52,1487.101,1477.979,1475.425,1471.411,1466.851,1463.84,1461.666,1459.895,1459.401,1547.304,1536.601,1526.872,1513.736,1495.736,1486.006,1470.195,1457.303,1453.533,1450.127,1444.654,1440.641,1439.029,1436.772,1537.088,1518.115,1509.358,1491.358,1482.601,1472.141,1463.871,1454.141,1446.6,1441.37,1437.843,1433.587,1429.33,1000,1000,1000,1414.834,1509.844,1496.709,1478.222,1463.141,1000,1000,1000,1000,1000,1000,1000,1000,1000,1000,1000,1000,1000,1000,1000,1000,1000,1000,1000,1000,1000,1000,1000
1000,1000,1000,1000,1000,1000,1000,1185.597,1186.631,1188.516,1000,1192.955,1195.205,1197.759,1199.219,1203.719,1208.219,1209.192,1210.165,1214.786,1217.462,1220.381,1226.462,1233.76,1239.354,1240.814,1243.733,1248.598,1254.436,1255.895,1268.057,1274.868,1283.625,1286.544,1296.76,1296.76,1192.803,1192.993,1193.464,1194.095,1195.068,1195.661,1196.634,1197.759,1197.759,1198.854,1200.739,1201.651,1202.381,1206.577,1208.219,1208.219,1211.381,1215.638,1216.489,1221.841,1225.246,1228.895,1227.435,1228.408,1227.922,1231.084,1226.949,1226.949,1000,1000,1000,1000,1000,1284.598,1292.382,1297.247,1295.301,1300.166,1303.085,1305.517,1308.436,1208.219,1208.523,1208.812,1209.215,1209.663,1210.317,1210.53,1211.107,1212.354,1213.844,1215.395,1218.192,1220.077,1221.841,1224.03,1224.395,1226.219,1228.408,1231.206,1234.611,1238.868,1241.787,1243.976,1246.165,1250.787,1253.949,1256.868,1263.679,1269.517,1272.436,1279.247,1284.112,1288.49,1293.842,1301.139,1305.031,1314.761,1325.95,1223.825,1223.939,1224.167,1224.243,1224.433,1224.6,1225.155,1225.406,1226.675,1227.466,1228.895,1230.172,1231.875,1232.3,1235.098,1237.104,1239.598,1242.881,1246.773,1246.773,1248.476,1250.665,1254.436,1256.382,1261.247,1267.084,1268.057,1274.625,1281.436,1285.085,1286.544,1295.788,1297.247,1302.112,1310.382,1322.545,1331.302,1239.506,1240.882,1243.946,1245.922,1246.773,1000,1000,1000,1000,1000,1000,1000,1000,1000,1000,1000,1000,1000,1281.436,1278.426,1000,1000,1000,1000,1000,1000,1000,1000,1255.857,1357.086,1346.869,1329.356,1000,1000,1000,1283.139,1280.22,1283.625,1284.355,1288.004,1292.139,1297.004,1304.058,1308.923,1317.68,1322.058,1333.248,1336.167,1347.842,1353.194,1361.951,1254.96,1255.264,1255.424,1256.062,1256.45,1257.568,1258.601,1260.365,1261.307,1263.436,1265.199,1268.24,1270.125,1274.382,1276.328,1279.125,1282.774,1286.544,1288.49,1294.571,1298.22,1301.139,1301.869,1305.761,1310.382,1316.22,1321.572,1333.248,1338.599,1350.761,1356.599,1366.329,1376.545,1272.664,1272.854,1273.432,1274.427,1000,1000,1000,1000,1000,1000,1068.299,1068.375,1068.337,1068.413,1068.375,1068.261,1068.147,1068.109,1180.975,1178.056,1176.11,1173.191,1171.245,1169.786,1167.84,1167.84,1166.867,1165.894,1164.921,1164.921,1163.948,1163.948,1164.921,1165.894,1167.84,1168.813,1171.245,1172.218,1173.191,1174.164,1176.11,1177.083,1178.056,1180.002,1180.002,1174.164,1173.191,1171.245,1165.894,1161.029,1159.083,1157.137,1154.218,1152.272,1152.272,1144.975,1138.65,1135.245,1133.786,1134.272,1136.218,1142.056,1144.002,1149.353,1149.353,1149.353,1148.38,1144.975,1147.407,1151.299,1151.299,1158.11,1162.002,1164.921,1162.002,1154.218,1000,1000,1355.717,1352.692,1000,1230.111,1197.759,1194.111,1192.894,1193.381,1190.948,1190.948,1176.354,1161.516,1000,1000,1152.576,1151.725,1151.725,1150.874,1150.63,1150.874,1149.11,1146.1,1142.421,1252.976,1233.03,1229.138,1229.138,1227.192,1227.192,1000,1000,1000,1000,1000,1000,1000,1000,1000,1000,1466.547,1475.303,1391.14,1391.216,1391.839,1392.508,1394.029,1000,1000,1164.799,1162.732,1163.097,1162.732,1161.516,1165.651,1000,1000,1000,1000,1000,1000,1000,1000,1000,1512.763,1000,1000,1418.034,1000,1000,1000,1000,1000,1000,1000,1000,1000,1000,1000,1000,1000,1000,1000,1000,1000,1000,1000,1000,1000,1000,1000,1000,1000,1000,1000,1000,1000,1000,1000,1000,1000,1000,1000,1000,1000,1000,1000,1000,1000,1000,1000,1000,1000,1000,1000,1000,1000,1000,1000,1000,1000,1000,1498.351,1497.013,1498.108,1495.25,1494.094,1493.06,1491.935,1489.26,1487.861,1487.04,1578.926,1556.061,1541.953,1525.899,1511.304,1501.817,1501.817,1490.871,1483.939,1477.249,1477.979,1473.479,1478.709,1482.601,1492.331,1492.817,1505.466,1000,1000,1000,1000,1000,1615.413,1609.575,1604.893,1000,1000,1000,1000,1000,1000,1000,1000,1000,1000,1000,1000,1000,1000,1000,1000,1000,1000,1000,1000,1000,1000,1000,1000,1000,1000,1000,1000,1000,1000,1000,1000,1000,1000,1000,1000,1000,1000,1000,1593.673,1592.274,1687.901,1667.954,1651.414,1634.873,1623.197,1610.548,1594.981,1582.697,1577.041,1571.933,1569.44,1566.536,1565.327,1564.408,1646.549,1619.792,1618.332,1608.116,1589.872,1576.251,1570.656,1554.723,1550.406,1545.176,1540.767,1539.079,1538.023,1628.549,1604.71,1584.278,1568.224,1551.926,1542.439,1532.466,1525.047,1520.365,1516.838,1514.588,1513.676,1512.049,1510.544,1606.17,1577.467,1561.899,1540.493,1519.088,1517.628,1514.344,1504.858,1502.304,1499.202,1491.935,1489.503,1488.021,1486.645,1563.845,1560.926,1544.872,1529.791,1513.979,1503.033,1491.844,1483.939,1476.155,1473.479,1469.77,1464.874,1462.259,1460.313,1459.249,1548.764,1531.737,1522.98,1511.79,1502.547,1486.736,1480.168,1462.29,1453.533,1448.911,1446.175,1441.523,1439.303,1438.208,1437.182,1436.088,1530.277,1513.25,1494.763,1481.141,1470.682,1461.925,1454.627,1445.141,1440.033,1435.897,1431.033,1427.81,1000,1000,1000,1415.138,1512.763,1000,1000,1000,1000,1000,1000,1000,1000,1000,1000,1000,1000,1000,1000,1000,1000,1000,1000,1000,1000,1000,1000,1000,1000,1000,1000
1000,1000,1000,1000,1000,1000,1000,1000,1186.631,1188.759,1191.496,1194.597,1196.665,1199.219,1201.651,1205.422,1208.705,1207.732,1208.705,1211.138,1213.814,1217.462,1222.327,1229.868,1235.219,1237.895,1241.787,1247.138,1253.463,1255.895,1267.084,1272.922,1281.679,1283.625,1293.842,1293.842,1192.727,1192.917,1193.244,1193.715,1194.643,1195.418,1195.92,1197.394,1197.242,1198.094,1199.462,1200.922,1202.138,1206.273,1207.854,1208.462,1210.651,1213.205,1214.422,1220.503,1222.814,1226.949,1225.733,1226.949,1226.219,1228.895,1227.922,1229.625,1234.003,1000,1000,1000,1000,1286.544,1289.463,1296.274,1294.328,1296.274,1301.139,1305.517,1308.436,1208.219,1208.523,1208.865,1209.215,1209.587,1210.21,1210.317,1210.864,1211.898,1213.327,1214.604,1217.462,1219.834,1220.928,1223.787,1224.395,1226.219,1226.584,1229.625,1232.057,1236.435,1238.868,1242.517,1246.165,1250.301,1253.219,1255.652,1261.003,1267.084,1270.003,1278.76,1285.085,1286.544,1291.896,1296.274,1301.139,1308.923,1318.653,1325.95,1332.761,1223.977,1224.091,1224.288,1224.6,1224.927,1225.406,1226.554,1227.466,1228.53,1229.989,1231.388,1232.057,1235.098,1236.8,1238.99,1241.787,1245.557,1245.557,1247.625,1250.179,1254.436,1255.409,1259.057,1264.652,1267.084,1270.733,1278.517,1283.625,1286.544,1294.815,1300.652,1306.49,1312.815,1323.518,1334.22,1239.734,1241.057,1244.979,1248.598,1249.328,1245.162,1000,1000,1000,1000,1000,1000,1000,1000,1000,1000,1000,1000,1279.004,1276.571,1000,1360.491,1316.707,1000,1000,1000,1000,1000,1000,1349.788,1341.031,1320.599,1000,1000,1000,1275.598,1275.598,1280.706,1282.652,1285.085,1292.625,1297.004,1303.571,1312.328,1319.626,1322.058,1333.248,1337.139,1348.815,1353.194,1359.032,1254.96,1255.264,1255.424,1255.918,1256.625,1257.568,1258.328,1260.182,1261.49,1263.436,1264.409,1267.389,1269.517,1274.017,1276.693,1279.612,1284.112,1285.085,1289.706,1292.869,1298.707,1301.139,1303.085,1308.193,1309.653,1318.166,1323.031,1331.788,1337.139,1343.95,1353.68,1366.329,1377.518,1272.664,1272.938,1273.371,1273.88,1274.139,1000,1000,1000,1000,1000,1068.261,1068.413,1068.375,1068.375,1068.375,1068.299,1068.147,1068.109,1180.002,1175.137,1174.164,1171.245,1168.813,1168.813,1167.84,1166.867,1165.894,1164.921,1162.975,1162.975,1162.002,1162.002,1162.975,1163.948,1165.894,1166.867,1168.813,1171.245,1172.218,1174.164,1176.11,1178.056,1178.056,1180.975,1180.002,1176.11,1175.137,1174.164,1169.786,1162.975,1161.029,1155.191,1152.272,1150.326,1149.353,1142.056,1137.677,1136.218,1132.813,1134.272,1135.245,1140.596,1141.083,1148.38,1149.353,1150.326,1151.299,1151.299,1150.326,1152.272,1156.164,1157.137,1160.056,1160.056,1155.191,1000,1000,1000,1354.258,1351.977,1000,1221.354,1196.3,1192.894,1193.381,1193.381,1191.435,1191.435,1175.867,1000,1000,1000,1152.576,1153.124,1151.725,1151.178,1149.84,1149.84,1147.529,1145.036,1141.318,1242.273,1230.111,1227.192,1226.219,1228.165,1236.922,1000,1000,1000,1218.435,1223.787,1216.976,1000,1000,1000,1000,1463.628,1000,1488.439,1492.331,1391.786,1392.014,1393.132,1000,1000,1167.962,1164.799,1164.799,1163.462,1162.245,1164.799,1000,1000,1000,1000,1000,1000,1000,1483.087,1498.655,1507.898,1414.91,1000,1000,1000,1000,1000,1000,1000,1000,1000,1000,1000,1000,1000,1000,1000,1000,1000,1000,1000,1000,1000,1000,1000,1000,1000,1000,1000,1000,1000,1000,1000,1000,1000,1000,1000,1000,1000,1000,1000,1000,1000,1000,1000,1000,1000,1000,1000,1000,1000,1000,1000,1000,1000,1000,1000,1000,1495.979,1495.736,1498.108,1495.25,1495.493,1493.668,1492.118,1489.503,1487.937,1486.873,1576.98,1552.169,1538.547,1524.926,1508.628,1500.601,1497.682,1487.466,1479.439,1476.885,1476.52,1474.452,1477.249,1480.168,1487.466,1487.101,1500.115,1504.25,1000,1000,1000,1000,1000,1000,1603.737,1000,1000,1000,1000,1000,1000,1000,1000,1000,1000,1000,1000,1000,1000,1000,1000,1000,1000,1000,1000,1000,1000,1000,1000,1000,1000,1000,1000,1000,1000,1000,1000,1000,1000,1000,1000,1000,1000,1000,1592.449,1591.575,1677.198,1659.198,1642.17,1626.116,1619.062,1605.683,1590.724,1582.332,1580.143,1573.088,1569.592,1566.749,1000,1661.63,1650.927,1630.981,1624.17,1610.062,1590.359,1573.332,1566.277,1552.291,1547.608,1543.291,1539.612,1538.616,1537.787,1628.549,1604.71,1586.71,1000,1000,1000,1000,1000,1522.311,1516.838,1515.287,1514.132,1512.611,1510.658,1509.996,1585.251,1566.764,1545.358,1528.574,1518.601,1515.196,1504.858,1502.304,1498.351,1492.483,1488.804,1487.701,1486.683,1564.818,1562.872,1542.926,1525.899,1508.628,1498.898,1486.128,1480.655,1474.087,1470.864,1466.851,1463.992,1461.241,1459.705,1547.304,1538.547,1518.601,1514.223,1501.574,1495.736,1480.898,1477.249,1460.1,1455.722,1450.492,1448.364,1441.887,1439.44,1437.6,1436.399,1532.223,1517.142,1507.412,1497.196,1484.06,1474.33,1465.817,1458.763,1446.6,1441.857,1435.411,1429.33,1426.107,1423.249,1000,1000,1415.427,1000,1000,1000,1000,1000,1000,1000,1000,1000,1000,1000,1000,1000,1000,1000,1000,1000,1000,1000,1000,1000,1000,1000,1000,1000,1000,1000
1000,1000,1000,1000,1000,1000,1000,1000,1000,1190.34,1192.347,1193.259,1194.232,1195.205,1197.759,1201.165,1205.908,1205.422,1205.057,1209.192,1211.138,1216.003,1219.895,1228.408,1231.814,1235.949,1237.408,1244.706,1250.057,1256.868,1268.057,1275.841,1280.706,1282.652,1291.896,1288.49,1297.734,1192.727,1193.107,1193.404,1194.179,1194.856,1195.175,1196.057,1196.33,1197.242,1198.276,1200.496,1202.138,1204.813,1206.577,1207.854,1209.557,1211.746,1214.057,1219.53,1220.503,1222.327,1223.787,1224.273,1225.733,1230.111,1232.3,1234.733,1241.3,1240.084,1000,1000,1000,1292.382,1291.409,1298.22,1295.301,1296.274,1298.22,1304.058,1307.463,1316.22,1208.409,1208.766,1209.032,1209.359,1209.838,1210.119,1210.864,1211.898,1213.145,1214.422,1216.733,1217.949,1218.983,1221.841,1222.814,1225.125,1226.219,1228.773,1230.354,1234.611,1236.922,1241.787,1246.165,1250.787,1253.949,1256.382,1260.274,1263.679,1268.057,1275.355,1281.679,1286.544,1292.869,1297.247,1301.139,1309.896,1318.653,1325.95,1223.863,1223.977,1224.129,1224.288,1224.539,1224.782,1225.406,1226.554,1227.466,1228.53,1229.989,1230.598,1231.631,1234.854,1235.949,1238.625,1242.517,1246.409,1246.409,1249.328,1251.638,1253.949,1255.409,1259.544,1265.139,1267.571,1271.22,1279.247,1284.112,1286.544,1293.355,1301.625,1304.058,1310.382,1318.653,1331.302,1239.544,1241.452,1245.162,1251.517,1253.584,1248.354,1000,1000,1000,1000,1000,1000,1000,1000,1000,1000,1000,1000,1280.95,1276.875,1000,1000,1308.923,1000,1283.139,1269.152,1262.767,1000,1000,1000,1000,1306.49,1000,1000,1000,1275.598,1276.328,1281.436,1282.652,1285.571,1289.463,1295.544,1302.112,1307.95,1318.653,1323.031,1334.22,1336.167,1344.923,1347.842,1355.14,1357.086,1255.036,1255.188,1255.675,1256.541,1257.932,1258.601,1260.912,1261.307,1263.193,1263.922,1266.537,1269.152,1272.193,1275.476,1278.76,1282.287,1286.544,1288.49,1294.085,1297.49,1300.652,1301.869,1305.031,1310.382,1318.166,1325.95,1332.761,1337.139,1343.95,1353.68,1362.437,1373.626,1272.55,1272.816,1273.135,1273.645,1273.964,1000,1000,1000,1000,1000,1182.921,1068.261,1068.261,1068.299,1068.299,1068.147,1181.948,1180.002,1177.083,1175.137,1173.191,1171.245,1168.813,1166.867,1165.894,1165.894,1163.948,1162.975,1161.029,1160.056,1159.083,1159.083,1160.056,1161.029,1162.002,1163.948,1165.894,1168.813,1171.245,1173.191,1175.137,1176.11,1176.11,1177.083,1180.975,1175.137,1175.137,1174.164,1171.245,1163.948,1163.948,1159.083,1153.245,1150.326,1146.434,1141.083,1137.677,1136.704,1133.786,1136.218,1136.704,1140.596,1144.002,1149.353,1150.326,1150.326,1150.326,1150.326,1152.272,1151.299,1156.164,1156.164,1156.164,1152.272,1000,1000,1000,1000,1353.285,1351.483,1000,1216.976,1194.84,1192.894,1192.894,1192.894,1192.165,1190.219,1000,1000,1000,1000,1000,1152.82,1151.421,1150.387,1149.11,1148.38,1145.735,1143.242,1140.49,1234.003,1226.219,1226.219,1224.273,1230.111,1251.03,1000,1000,1000,1237.895,1241.787,1227.192,1000,1000,1000,1000,1464.601,1475.303,1488.439,1492.331,1391.687,1391.839,1393.451,1000,1000,1166.989,1163.948,1162.245,1161.88,1160.664,1163.097,1000,1000,1000,1000,1000,1000,1000,1488.925,1500.601,1506.925,1510.817,1000,1000,1000,1000,1000,1000,1000,1000,1000,1000,1000,1000,1000,1000,1000,1000,1000,1000,1000,1000,1000,1000,1000,1000,1000,1000,1000,1000,1000,1000,1000,1000,1000,1000,1000,1000,1000,1000,1000,1000,1000,1000,1000,1000,1000,1000,1000,1000,1000,1000,1000,1000,1000,1000,1000,1000,1494.581,1496.466,1499.81,1497.56,1497.256,1494.337,1491.935,1489.381,1487.633,1486.759,1574.061,1552.169,1537.574,1523.953,1507.412,1498.412,1495.006,1484.79,1477.614,1476.885,1476.52,1476.155,1479.803,1483.939,1488.925,1489.898,1497.196,1503.033,1000,1000,1000,1000,1000,1000,1603.19,1000,1000,1000,1000,1000,1000,1000,1000,1000,1000,1000,1000,1000,1000,1000,1000,1000,1000,1000,1000,1000,1000,1000,1000,1000,1000,1000,1000,1000,1000,1000,1000,1000,1000,1000,1000,1000,1000,1000,1592.274,1591.575,1675.738,1659.198,1642.17,1628.549,1617.603,1608.602,1593.035,1586.102,1581.967,1574.305,1569.075,1566.536,1564.712,1652.873,1644.603,1627.089,1612.981,1601.305,1000,1571.872,1563.48,1552.656,1548.399,1542.896,1539.399,1538.373,1537.544,1623.684,1606.656,1587.683,1570.169,1000,1549.007,1534.899,1000,1521.155,1516.655,1514.588,1513.387,1511.745,1510.224,1601.305,1580.386,1559.953,1543.412,1526.628,1516.655,1509.844,1500.419,1497.013,1496.77,1491.236,1488.804,1487.777,1486.721,1559.953,1553.142,1528.818,1516.169,1503.52,1497.196,1487.466,1483.452,1475.79,1471.107,1466.242,1464.175,1461.241,1459.667,1545.358,1533.682,1511.79,1507.898,1496.223,1492.817,1479.682,1475.547,1458.519,1455.357,1451.1,1448.364,1442.1,1440.185,1437.425,1436.278,1534.169,1513.25,1504.493,1494.763,1483.087,1474.33,1469.222,1458.763,1448.06,1440.884,1435.046,1426.654,1425.255,1000,1000,1000,1000,1500.601,1486.006,1000,1000,1000,1000,1000,1000,1000,1000,1000,1000,1000,1000,1000,1000,1000,1000,1000,1000,1000,1000,1000,1000,1000,1000,1000
1000,1000,1000,1000,1000,1000,1000,1000,1000,1192.043,1194.84,1195.935,1193.259,1194.597,1197.759,1199.948,1202.381,1205.908,1204.57,1000,1211.138,1216.003,1217.462,1226.462,1228.408,1233.76,1236.679,1243.733,1247.625,1254.922,1266.111,1274.868,1279.733,1284.598,1291.896,1290.436,1300.652,1192.803,1193.153,1193.464,1194.019,1194.552,1194.856,1195.783,1195.92,1196.938,1197.577,1199.644,1200.496,1203.719,1205.117,1207.489,1208.827,1211.016,1212.841,1216.854,1216.854,1219.043,1220.016,1221.354,1223.787,1227.922,1231.814,1235.949,1241.3,1000,1000,1000,1294.328,1282.652,1281.679,1289.463,1287.517,1290.436,1294.328,1300.166,1303.085,1311.355,1208.333,1208.766,1209.093,1209.504,1210.013,1210.317,1210.986,1212.05,1212.962,1214.786,1216.733,1217.462,1218.983,1221.537,1223.057,1225.854,1227.314,1229.989,1232.422,1235.098,1236.435,1241.3,1245.679,1250.301,1252.49,1256.382,1260.274,1263.679,1268.057,1276.328,1281.193,1284.112,1289.463,1294.815,1297.247,1304.058,1312.815,1319.626,1327.896,1223.863,1224.053,1224.288,1224.486,1224.782,1225.489,1226.432,1227.329,1228.378,1229.777,1230.598,1231.875,1234.064,1235.949,1238.99,1242.517,1245.557,1246.773,1249.328,1251.152,1254.922,1255.895,1259.544,1265.139,1268.057,1271.22,1278.517,1283.625,1286.544,1294.815,1303.085,1309.409,1315.734,1325.464,1336.653,1239.734,1241.148,1245.74,1252.368,1255.53,1251.213,1251.213,1000,1000,1000,1000,1000,1000,1000,1000,1000,1000,1000,1000,1277.544,1273.188,1358.545,1000,1000,1000,1000,1000,1256.45,1361.951,1332.275,1317.68,1302.112,1000,1000,1000,1276.814,1277.301,1280.706,1283.625,1287.517,1290.679,1297.734,1306.004,1310.382,1319.626,1325.95,1330.328,1336.167,1342.004,1346.869,1350.761,1358.059,1254.998,1255.188,1255.675,1256.207,1257.339,1257.811,1259.848,1260.912,1262.524,1263.679,1265.99,1268.544,1271.463,1275.841,1277.058,1280.95,1283.139,1288.004,1291.896,1295.788,1300.652,1301.139,1307.707,1312.572,1320.599,1326.923,1333.248,1336.167,1342.004,1351.734,1361.464,1373.626,1272.55,1272.702,1272.983,1273.371,1273.645,1000,1000,1000,1000,1000,1068.185,1068.223,1068.261,1068.375,1068.375,1068.185,1068.109,1180.002,1177.083,1174.164,1172.218,1169.786,1166.867,1165.894,1163.948,1162.975,1161.029,1160.056,1156.164,1155.191,1153.245,1153.245,1154.218,1155.191,1156.164,1157.137,1160.056,1162.975,1165.894,1169.786,1173.191,1175.137,1176.11,1178.056,1180.975,1178.056,1178.056,1175.137,1172.218,1164.921,1164.921,1159.083,1153.245,1148.38,1143.029,1141.083,1139.623,1138.65,1136.218,1136.704,1136.704,1139.623,1141.083,1146.434,1148.38,1152.272,1151.299,1155.191,1155.191,1158.11,1161.029,1161.029,1167.84,1159.083,1000,1000,1000,1354.41,1352.92,1350.822,1420.816,1220.381,1198.975,1192.165,1192.165,1192.165,1192.165,1191.435,1000,1000,1000,1000,1000,1152.82,1149.84,1148.624,1147.286,1145.917,1143.242,1141.554,1247.138,1224.273,1223.3,1225.246,1221.354,1230.111,1000,1000,1000,1151.824,1246.652,1236.922,1227.192,1000,1000,1000,1000,1000,1464.601,1000,1000,1000,1391.642,1000,1000,1000,1166.502,1163.462,1163.097,1161.029,1160.664,1164.799,1000,1000,1000,1000,1000,1448.06,1477.736,1484.06,1501.574,1507.898,1000,1000,1000,1000,1000,1000,1000,1000,1000,1000,1000,1000,1000,1000,1000,1000,1000,1000,1000,1000,1000,1000,1000,1000,1000,1000,1000,1000,1000,1000,1000,1000,1000,1000,1000,1000,1000,1000,1000,1000,1000,1000,1000,1000,1000,1000,1000,1000,1000,1000,1000,1000,1000,1000,1000,1000,1000,1497.013,1499.506,1503.398,1500.723,1498.351,1494.337,1492.118,1488.697,1487.367,1486.607,1572.115,1547.304,1540.493,1523.953,1511.304,1500.601,1496.709,1484.303,1479.439,1477.614,1476.885,1476.52,1481.02,1482.601,1487.101,1492.331,1500.115,1507.412,1000,1000,1000,1000,1000,1000,1602.339,1599.663,1000,1000,1000,1000,1000,1000,1000,1000,1000,1000,1000,1000,1000,1000,1000,1000,1000,1000,1000,1000,1000,1000,1000,1000,1000,1000,1000,1000,1000,1000,1000,1000,1000,1000,1000,1000,1000,1000,1591.841,1680.117,1000,1647.035,1631.468,1618.332,1610.062,1601.792,1591.697,1585.251,1583.062,1576.494,1569.957,1566.749,1565.031,1653.846,1645.576,1625.143,1607.629,1586.467,1574.548,1560.075,1556.183,1549.25,1546.331,1541.831,1539.505,1538.297,1537.544,1620.278,1605.683,1585.737,1566.764,1554.115,1548.277,1535.872,1528.574,1522.858,1516.838,1514.953,1513.113,1511.464,1509.92,1599.359,1575.521,1556.061,1535.872,1523.953,1512.034,1506.317,1498.959,1496.223,1493.912,1490.035,1488.021,1487.306,1486.493,1561.899,1550.223,1527.845,1513.979,1501.817,1493.547,1487.466,1482.236,1475.425,1469.77,1465.452,1462.655,1460.617,1459.515,1548.764,1535.628,1514.223,1506.925,1492.817,1000,1479.195,1473.844,1460.587,1458.884,1450.735,1448.364,1443.317,1439.729,1436.962,1436.125,1531.25,1515.196,1505.466,1499.141,1487.466,1477.736,1471.411,1463.141,1446.6,1438.695,1432.127,1424.465,1421.911,1000,1000,1000,1000,1000,1000,1000,1000,1000,1000,1000,1000,1000,1000,1000,1000,1000,1000,1000,1000,1000,1000,1000,1000,1000,1000,1000,1000,1000,1000,1000
1000,1000,1000,1000,1000,1000,1000,1000,1000,1000,1193.624,1195.205,1192.347,1194.232,1197.03,1197.759,1197.759,1201.165,1201.651,1000,1211.624,1218.678,1219.165,1226.462,1229.138,1234.49,1236.679,1241.787,1244.706,1251.03,1261.247,1270.003,1276.814,1283.625,1290.436,1292.869,1301.625,1192.765,1193.107,1193.297,1193.715,1194.095,1194.445,1195.175,1195.661,1196.193,1196.938,1199.219,1200.496,1202.928,1204.813,1207.489,1208.462,1210.286,1212.476,1216.003,1215.638,1216.854,1218.678,1221.354,1223.787,1227.922,1232.3,1236.435,1240.814,1000,1000,1000,1000,1284.598,1283.625,1288.49,1286.544,1288.49,1292.382,1297.247,1300.166,1308.436,1317.193,1208.637,1208.971,1209.427,1210.013,1210.53,1211.107,1212.05,1212.962,1214.422,1216.064,1216.976,1218.496,1220.381,1222.449,1224.76,1226.219,1229.138,1231.571,1233.76,1236.071,1240.814,1245.192,1249.084,1253.949,1255.165,1260.274,1263.679,1268.544,1275.355,1280.22,1283.625,1287.517,1291.896,1295.301,1303.085,1311.842,1319.626,1327.896,1331.788,1223.939,1224.129,1224.243,1224.433,1225.231,1225.991,1227.192,1228.53,1230.172,1230.598,1232.3,1234.064,1235.949,1238.625,1242.152,1244.706,1246.409,1248.841,1249.814,1253.463,1254.922,1258.571,1263.922,1268.787,1270.733,1276.571,1280.706,1285.085,1290.436,1300.652,1306.49,1310.869,1319.626,1334.22,1239.734,1242,1000,1254.922,1000,1250.665,1248.598,1000,1000,1000,1000,1000,1000,1000,1000,1000,1000,1000,1000,1000,1000,1000,1000,1000,1000,1000,1000,1000,1000,1325.95,1000,1294.085,1000,1000,1000,1280.22,1279.004,1281.436,1283.625,1287.517,1290.679,1296.274,1302.112,1309.896,1319.626,1324.977,1332.275,1335.193,1341.031,1339.085,1348.815,1354.167,1254.998,1255.15,1255.796,1256.366,1257.568,1257.811,1259.361,1260.182,1261.125,1262.524,1265.443,1266.78,1270.733,1273.287,1276.693,1279.612,1282.774,1284.598,1288.49,1293.355,1295.788,1299.193,1306.247,1310.382,1318.166,1323.031,1330.328,1335.193,1338.599,1347.842,1356.599,1368.761,1378.491,1272.626,1272.854,1273.31,1273.5,1000,1000,1000,1000,1000,1068.147,1068.109,1068.185,1068.261,1068.185,1181.948,1182.921,1178.056,1176.11,1173.191,1172.218,1168.813,1165.894,1163.948,1162.002,1159.083,1156.164,1154.218,1150.326,1147.407,1145.461,1144.975,1144.975,1145.461,1146.434,1147.407,1151.299,1155.191,1159.083,1162.975,1167.84,1169.786,1173.191,1175.137,1180.002,1178.056,1180.002,1174.164,1171.245,1162.975,1159.083,1155.191,1151.299,1145.461,1141.083,1139.623,1138.65,1138.65,1136.218,1136.704,1138.65,1143.029,1145.461,1150.326,1150.326,1150.326,1151.299,1151.299,1157.137,1159.083,1162.975,1163.948,1000,1000,1000,1000,1000,1000,1352.266,1350.655,1000,1217.949,1197.759,1192.165,1190.948,1192.894,1193.381,1193.381,1000,1000,1000,1000,1000,1000,1000,1000,1000,1000,1000,1000,1228.165,1218.435,1220.381,1220.381,1222.327,1229.138,1000,1000,1000,1152.166,1258.814,1245.679,1237.895,1000,1000,1000,1000,1000,1456.817,1000,1491.358,1391.642,1391.839,1393.785,1000,1000,1168.326,1164.799,1162.732,1160.664,1161.029,1165.164,1000,1000,1000,1000,1000,1456.817,1486.006,1488.925,1504.979,1504.979,1509.844,1000,1000,1000,1000,1000,1000,1000,1000,1000,1000,1000,1000,1000,1000,1000,1000,1000,1000,1000,1000,1000,1000,1000,1000,1000,1000,1000,1000,1000,1000,1000,1000,1000,1000,1000,1000,1000,1000,1000,1000,1000,1000,1000,1000,1000,1000,1000,1000,1000,1000,1000,1000,1000,1000,1000,1000,1497.013,1500.723,1505.223,1501.331,1497.804,1493.668,1491.418,1488.195,1487.139,1486.531,1566.764,1547.304,1540.493,1522.493,1507.898,1500.115,1492.817,1480.655,1475.79,1475.06,1472.567,1473.479,1476.885,1479.074,1482.601,1489.412,1494.52,1498.898,1503.033,1000,1000,1000,1000,1000,1000,1600.818,1000,1000,1000,1000,1000,1000,1000,1000,1000,1000,1000,1000,1000,1000,1000,1000,1000,1000,1000,1000,1000,1000,1000,1000,1000,1000,1000,1000,1000,1000,1000,1000,1000,1000,1000,1000,1000,1000,1000,1000,1000,1645.576,1631.468,1613.711,1606.9,1593.521,1586.467,1580.872,1579.17,1572.602,1568.923,1566.125,1565.206,1655.792,1648.495,1623.684,1605.683,1576.737,1564.94,1555.088,1551.318,1546.575,1544.507,1542.196,1539.399,1538.532,1537.354,1611.521,1592.062,1577.953,1558.007,1553.142,1548.277,1539.034,1531.615,1525.655,1517.689,1515.105,1512.733,1511.213,1509.844,1594.981,1573.575,1555.088,1533.926,1523.953,1513.858,1504.858,1497.804,1495.006,1491.418,1488.393,1487.428,1486.797,1574.061,1556.061,1546.331,1523.953,1512.034,1500.601,1492.331,1485.276,1479.439,1473.844,1469.526,1466.06,1462.791,1460.617,1459.439,1545.358,1529.791,1511.79,1504.006,1486.736,1480.168,1472.871,1467.52,1456.817,1457.303,1450.492,1448.364,1443.499,1440.641,1000,1000,1528.331,1510.331,1496.709,1495.736,1483.087,1470.682,1462.655,1455.844,1442.708,1436.627,1429.087,1424.222,1421.911,1000,1000,1000,1000,1000,1478.222,1000,1448.79,1000,1000,1000,1000,1000,1000,1000,1000,1000,1000,1000,1000,1000,1000,1000,1000,1000,1000,1000,1000,1000,1000,1000
1000,1000,1000,1000,1000,1000,1000,1000,1000,1000,1192.043,1192.347,1190.888,1191.739,1196.3,1197.394,1198.854,1203.719,1206.881,1207.732,1210.651,1218.192,1218.678,1224.76,1229.868,1235.219,1237.895,1242.273,1247.625,1253.463,1261.247,1265.625,1271.949,1273.895,1278.76,1283.625,1294.815,1302.599,1192.993,1193.244,1193.525,1193.86,1194.445,1194.962,1195.661,1196.33,1197.242,1199.036,1199.644,1201.651,1203.415,1205.969,1207.246,1209.922,1211.381,1214.057,1215.273,1216.003,1218.678,1221.841,1225.733,1228.408,1232.787,1234.733,1239.598,1241.3,1000,1000,1000,1279.733,1279.733,1281.679,1282.652,1287.517,1291.409,1296.274,1301.139,1307.463,1312.328,1208.447,1208.812,1209.215,1209.747,1210.317,1210.864,1211.624,1212.506,1213.844,1215.638,1216.976,1218.192,1219.834,1222.449,1224.03,1225.854,1229.138,1232.057,1233.76,1235.098,1238.868,1242.517,1246.165,1250.787,1256.382,1261.49,1264.409,1270.003,1273.895,1278.76,1281.679,1285.085,1291.896,1295.301,1304.058,1310.869,1318.653,1324.977,1330.815,1223.901,1224.129,1224.288,1224.6,1225.231,1225.885,1226.797,1227.618,1228.895,1229.989,1231.206,1233.273,1235.098,1237.713,1240.327,1243.611,1245.922,1247.99,1249.814,1253.463,1254.436,1259.057,1265.139,1268.057,1270.003,1275.841,1280.706,1284.112,1290.436,1300.652,1306.004,1309.409,1318.653,1334.22,1239.697,1242.121,1000,1256.625,1000,1000,1000,1000,1000,1000,1000,1000,1000,1000,1000,1000,1000,1000,1000,1276.723,1273.188,1368.761,1333.248,1308.923,1000,1000,1000,1000,1000,1325.95,1000,1290.193,1000,1000,1000,1280.22,1279.49,1281.436,1284.355,1286.301,1290.679,1295.544,1301.139,1310.382,1317.68,1324.977,1329.356,1330.328,1337.139,1340.058,1344.923,1354.167,1254.922,1255.264,1255.675,1256.366,1257.127,1257.568,1258.753,1259.848,1261.125,1262.341,1263.922,1267.632,1270.49,1272.922,1275.112,1277.909,1279.977,1283.139,1287.517,1291.166,1296.274,1300.652,1305.761,1312.572,1320.599,1325.464,1330.815,1336.167,1342.004,1345.896,1354.653,1364.383,1373.626,1272.588,1272.854,1273.249,1273.721,1000,1000,1000,1000,1000,1068.261,1068.261,1068.299,1068.337,1068.261,1068.147,1068.109,1180.002,1176.11,1171.245,1168.813,1165.894,1162.975,1160.056,1157.137,1154.218,1149.353,1144.002,1139.623,1136.218,1133.786,1131.353,1132.813,1131.839,1134.272,1136.218,1136.704,1141.083,1147.407,1154.218,1162.002,1165.894,1168.813,1171.245,1175.137,1176.11,1176.11,1171.245,1167.84,1161.029,1159.083,1155.191,1150.326,1148.38,1144.002,1142.056,1140.596,1139.623,1136.704,1136.704,1137.677,1140.596,1144.002,1148.38,1151.299,1151.299,1155.191,1158.11,1160.056,1160.056,1164.921,1159.083,1152.272,1000,1000,1000,1000,1000,1352.266,1350.693,1000,1000,1194.111,1190.219,1188.273,1189.489,1191.435,1194.84,1000,1000,1000,1000,1000,1000,1000,1000,1000,1000,1000,1000,1216.489,1218.435,1221.354,1219.408,1222.327,1232.057,1000,1000,1000,1152.128,1256.868,1245.679,1229.138,1000,1000,1000,1000,1000,1458.763,1476.276,1391.178,1391.687,1391.733,1000,1000,1000,1167.962,1163.462,1160.299,1158.11,1158.475,1162.245,1000,1000,1000,1000,1000,1452.925,1478.222,1000,1489.898,1000,1000,1000,1000,1000,1000,1000,1000,1000,1000,1000,1000,1000,1000,1000,1000,1000,1000,1000,1000,1000,1000,1000,1000,1000,1000,1000,1000,1000,1000,1000,1000,1000,1000,1000,1000,1000,1000,1000,1000,1000,1000,1000,1000,1000,1000,1000,1000,1000,1000,1000,1000,1000,1000,1000,1000,1000,1000,1494.094,1499.81,1501.696,1499.506,1496.223,1492.695,1490.476,1488.021,1486.994,1578.926,1560.926,1547.304,1536.115,1522.493,1504.25,1495.493,1000,1476.52,1471.411,1473.844,1471.107,1473.175,1000,1000,1484.79,1493.547,1496.709,1498.412,1498.898,1000,1000,1000,1000,1000,1000,1604.042,1000,1000,1000,1000,1000,1000,1000,1000,1000,1000,1000,1000,1000,1000,1000,1000,1000,1000,1000,1000,1000,1000,1000,1000,1000,1000,1000,1000,1000,1000,1000,1000,1000,1000,1000,1000,1000,1000,1680.117,1670.873,1664.063,1641.197,1627.576,1616.386,1606.413,1593.521,1587.318,1582.697,1577.953,1573.575,1568.011,1565.859,1565.031,1654.819,1640.711,1619.305,1596.927,1571.872,1563.967,1555.453,1551.683,1547.852,1545.845,1542.896,1540.098,1538.373,1537.126,1602.764,1586.71,1568.71,1555.575,1551.196,1545.115,1534.534,1531.98,1525.047,1518.115,1514.953,1512.262,1510.437,1601.305,1582.332,1564.818,1546.331,1527.845,1521.763,1512.52,1502.304,1496.77,1493.304,1490.324,1487.861,1487.086,1486.531,1564.818,1546.331,1539.52,1521.034,1509.358,1498.898,1493.547,1485.276,1478.709,1473.175,1469.222,1465.817,1462.655,1460.693,1459.629,1550.71,1000,1517.142,1000,1493.547,1482.114,1475.06,1466.547,1458.033,1457.303,1451.465,1448.06,1444.168,1440.641,1436.711,1000,1520.061,1505.466,1499.141,1493.79,1483.087,1467.276,1458.763,1448.06,1439.181,1433.587,1427.81,1423.492,1421.059,1000,1000,1000,1000,1483.087,1000,1451.465,1448.06,1000,1000,1000,1000,1000,1000,1000,1000,1000,1000,1000,1000,1000,1000,1000,1000,1000,1000,1000,1000,1000,1000,1000
1000,1000,1000,1000,1000,1000,1000,1000,1000,1000,1000,1192.651,1189.002,1190.644,1193.867,1194.84,1196.3,1205.057,1208.705,1210.651,1213.814,1221.597,1221.111,1225.246,1229.868,1235.219,1235.219,1239.354,1243.733,1249.571,1254.922,1261.247,1265.625,1271.949,1275.841,1282.652,1291.896,1300.652,1192.803,1193.153,1193.404,1193.791,1194.445,1195.068,1195.54,1196.193,1196.938,1198.459,1198.276,1200.496,1202.381,1204.509,1206.273,1209.922,1211.016,1213.205,1214.786,1216.003,1218.192,1221.354,1225.246,1229.625,1233.516,1236.435,1243.49,1000,1000,1000,1000,1278.274,1277.301,1278.274,1280.706,1288.49,1291.409,1296.274,1302.112,1306.49,1310.382,1208.333,1208.637,1208.918,1209.427,1210.119,1210.864,1211.488,1212.506,1213.844,1215.212,1216.064,1217.705,1219.287,1221.537,1222.814,1225.489,1227.314,1229.138,1230.841,1233.76,1237.408,1241.787,1246.652,1250.787,1256.382,1259.544,1262.949,1268.544,1272.436,1276.814,1281.193,1284.112,1291.896,1298.22,1306.004,1314.761,1323.031,1326.923,1330.815,1223.939,1224.167,1224.243,1224.433,1224.782,1225.231,1226.098,1227.055,1228.378,1229.594,1231.388,1233.03,1234.854,1238.017,1240.692,1243.246,1245.192,1247.138,1248.841,1251.152,1253.463,1256.868,1262.949,1266.355,1271.22,1276.571,1282.166,1284.112,1288.49,1295.788,1302.112,1306.004,1316.707,1332.275,1239.544,1241.878,1249.875,1258.449,1257.355,1251.517,1249.328,1250.118,1000,1000,1000,1000,1000,1000,1000,1000,1000,1000,1000,1000,1000,1000,1000,1000,1000,1000,1258.753,1255.857,1357.086,1327.41,1000,1000,1000,1000,1000,1283.139,1281.436,1282.652,1285.571,1286.787,1290.193,1294.085,1300.652,1306.004,1314.761,1323.031,1327.41,1332.275,1335.193,1336.167,1344.923,1355.14,1254.998,1255.226,1255.857,1256.366,1257.127,1257.446,1258.054,1259.361,1260.182,1262.524,1264.409,1267.936,1270.125,1272.922,1275.841,1277.058,1279.125,1281.801,1284.598,1289.706,1294.571,1301.869,1308.193,1310.382,1318.166,1323.031,1329.356,1332.761,1339.572,1342.977,1349.788,1357.572,1368.761,1379.464,1272.816,1273.432,1273.964,1000,1000,1000,1000,1068.109,1068.223,1068.223,1068.261,1068.299,1068.223,1182.921,1182.921,1177.083,1175.137,1169.786,1167.84,1163.948,1161.029,1156.164,1151.299,1144.975,1139.623,1132.813,1128.921,1125.029,1122.596,1119.677,1121.137,1121.137,1121.623,1123.083,1125.029,1130.38,1134.272,1140.596,1147.407,1154.218,1160.056,1162.975,1167.84,1171.245,1171.245,1165.894,1165.894,1158.11,1159.083,1157.137,1153.245,1148.38,1146.434,1142.056,1140.596,1137.677,1137.677,1136.704,1141.083,1143.029,1148.38,1150.326,1151.299,1151.299,1153.245,1153.245,1158.11,1159.083,1165.894,1159.083,1000,1000,1000,1000,1000,1000,1352.175,1000,1000,1000,1195.57,1190.219,1187.543,1188.759,1189.489,1189.489,1000,1000,1000,1000,1000,1000,1000,1000,1000,1000,1000,1000,1214.057,1219.408,1221.354,1222.327,1221.354,1233.03,1000,1000,1000,1152.485,1151.862,1248.598,1228.165,1000,1000,1000,1000,1453.411,1456.33,1470.438,1485.52,1000,1000,1000,1000,1171.732,1167.962,1163.948,1159.934,1157.745,1159.205,1164.313,1000,1000,1000,1000,1000,1000,1000,1000,1000,1000,1000,1000,1000,1000,1000,1000,1000,1000,1000,1000,1000,1000,1000,1000,1000,1000,1000,1000,1000,1000,1000,1000,1000,1000,1000,1000,1000,1000,1000,1000,1000,1000,1000,1000,1000,1000,1000,1000,1000,1000,1000,1000,1000,1000,1000,1000,1000,1000,1000,1000,1000,1000,1000,1000,1000,1000,1000,1495.006,1501.088,1500.419,1498.959,1495.25,1492.118,1489.898,1487.557,1486.835,1578.926,1558.98,1547.304,1541.466,1522.007,1506.196,1496.709,1489.898,1478.344,1475.06,1475.06,1471.715,1469.77,1000,1000,1485.641,1495.493,1499.385,1498.412,1496.223,1000,1000,1000,1000,1611.4,1000,1000,1000,1000,1000,1000,1000,1000,1000,1000,1000,1000,1000,1000,1000,1000,1000,1000,1000,1000,1000,1000,1000,1000,1000,1000,1000,1000,1000,1000,1000,1000,1000,1000,1000,1000,1000,1000,1000,1591.993,1680.117,1674.765,1669.901,1648.981,1631.468,1621.981,1607.629,1594.008,1588.17,1581.237,1575.399,1572.176,1567.874,1565.54,1564.879,1655.792,1638.765,1610.548,1595.467,1574.061,1563.967,1554.723,1553.629,1547.852,1546.088,1542.348,1540.22,1538.023,1537.088,1596.44,1587.683,1568.71,1556.791,1547.791,1541.953,1530.764,1526.75,1522.311,1517.02,1513.387,1511.289,1510.072,1590.116,1573.575,1561.899,1546.331,1526.142,1519.574,1510.696,1499.81,1494.763,1491.753,1489.138,1487.245,1486.835,1578.926,1558.98,1546.331,1537.574,1519.088,1507.412,1500.115,1493.547,1486.128,1479.074,1472.567,1467.763,1464.874,1462.016,1460.868,1459.751,1459.249,1541.466,1522.98,1508.871,1493.547,1478.466,1472.871,1463.263,1456.817,1453.168,1448.911,1444.411,1442.465,1439.577,1436.893,1000,1000,1512.277,1500.115,1491.358,1477.736,1462.655,1453.654,1443.681,1435.897,1430.668,1426.107,1423.249,1420.877,1000,1000,1000,1496.709,1473.357,1460.709,1448.79,1441.979,1000,1000,1000,1000,1000,1000,1000,1392.075,1000,1000,1000,1000,1000,1000,1000,1000,1000,1000,1000,1000,1000,1000,1000
1000,1000,1000,1000,1000,1000,1000,1000,1000,1000,1000,1000,1000,1000,1192.955,1195.57,1195.935,1204.084,1208.705,1210.165,1213.814,1222.327,1222.327,1224.76,1229.868,1233.76,1234.49,1236.679,1241.787,1245.679,1248.598,1254.436,1259.301,1267.084,1271.949,1284.598,1291.896,1298.707,1192.689,1193.069,1193.107,1193.715,1194.445,1195.296,1195.54,1196.33,1196.634,1197.394,1197.759,1200.253,1202.138,1204.266,1206.881,1210.651,1211.381,1213.57,1215.273,1216.489,1218.192,1221.354,1224.76,1229.625,1232.787,1236.435,1240.814,1249.571,1000,1000,1000,1277.301,1274.868,1273.895,1277.301,1283.625,1288.49,1294.328,1300.166,1303.085,1310.382,1208.295,1208.599,1209.032,1209.663,1210.013,1210.743,1211.107,1211.898,1213.145,1214.786,1216.307,1218.192,1219.834,1221.537,1222.145,1224.03,1226.584,1229.138,1230.841,1233.76,1236.435,1240.327,1243.976,1249.084,1255.165,1258.328,1263.679,1267.084,1271.463,1275.355,1277.787,1281.679,1288.49,1293.842,1302.112,1309.896,1316.707,1322.058,1327.896,1223.901,1224.129,1224.334,1224.722,1225.071,1225.489,1226.432,1227.618,1228.53,1229.989,1231.206,1232.3,1234.064,1237.104,1238.99,1241.422,1243.976,1245.192,1247.138,1249.814,1252.976,1256.868,1263.436,1267.571,1273.166,1277.058,1281.436,1284.112,1288.004,1294.328,1300.652,1306.004,1316.707,1331.302,1239.658,1243.49,1253.949,1264.044,1260.274,1252.064,1249.328,1249.875,1000,1000,1000,1000,1000,1000,1000,1000,1000,1000,1000,1000,1000,1000,1000,1000,1000,1000,1000,1255.735,1000,1000,1000,1000,1000,1000,1000,1280.22,1279.49,1281.922,1285.571,1285.571,1289.463,1294.085,1299.193,1306.004,1312.328,1320.599,1324.004,1332.275,1333.248,1341.031,1345.896,1357.086,1255.074,1255.34,1255.796,1256.29,1256.823,1257.233,1258.054,1259.057,1259.848,1262.524,1265.199,1267.936,1270.49,1273.287,1274.747,1277.544,1276.328,1279.977,1284.112,1289.706,1294.085,1300.652,1305.031,1309.653,1314.761,1319.626,1325.95,1328.383,1336.167,1339.572,1346.869,1354.653,1365.356,1377.518,1272.702,1273.249,1000,1000,1000,1000,1000,1178.056,1068.185,1068.261,1068.299,1068.413,1068.337,1181.948,1068.109,1177.083,1173.191,1168.813,1165.894,1161.029,1156.164,1150.326,1144.002,1135.245,1127.948,1123.083,1118.218,1114.569,1113.839,1111.65,1111.65,1111.65,1113.109,1113.839,1116.758,1118.218,1122.596,1126.975,1134.272,1142.056,1149.353,1156.164,1162.975,1165.894,1166.867,1165.894,1162.975,1158.11,1157.137,1153.245,1151.299,1149.353,1147.407,1143.029,1141.083,1137.677,1136.704,1136.704,1142.056,1144.002,1149.353,1150.326,1153.245,1155.191,1156.164,1154.218,1158.11,1158.11,1161.029,1157.137,1000,1000,1000,1000,1351.339,1351.643,1352.586,1000,1000,1000,1194.111,1188.759,1186.327,1187.543,1188.273,1187.543,1000,1000,1000,1000,1000,1000,1000,1000,1000,1000,1000,1000,1000,1221.354,1223.3,1221.354,1221.354,1229.138,1242.273,1000,1000,1151.976,1258.814,1237.895,1000,1000,1000,1000,1468.492,1463.628,1463.628,1471.411,1481.141,1492.331,1000,1000,1000,1172.705,1171.245,1166.137,1162.245,1159.934,1161.516,1166.502,1000,1000,1000,1000,1447.33,1000,1000,1000,1000,1000,1000,1000,1000,1000,1000,1000,1000,1000,1000,1000,1000,1000,1000,1000,1000,1000,1000,1000,1000,1000,1000,1000,1000,1000,1000,1000,1000,1000,1000,1000,1000,1000,1000,1000,1000,1000,1000,1000,1000,1000,1000,1000,1000,1000,1000,1000,1000,1000,1000,1000,1000,1000,1000,1000,1000,1000,1000,1494.337,1499.202,1498.108,1496.77,1494.337,1491.935,1489.761,1487.701,1486.873,1577.953,1558.007,1545.845,1537.088,1523.466,1509.358,1499.385,1490.871,1478.709,1474.087,1473.175,1471.411,1470.56,1000,1000,1485.276,1494.033,1500.115,1496.223,1494.033,1000,1000,1000,1000,1608.846,1000,1000,1000,1000,1000,1000,1000,1000,1000,1000,1000,1000,1000,1000,1000,1000,1000,1000,1000,1000,1000,1000,1000,1000,1000,1000,1000,1000,1000,1000,1000,1000,1000,1000,1000,1000,1000,1000,1000,1000,1591.765,1687.901,1682.063,1662.117,1631.468,1616.386,1605.683,1592.548,1585.737,1580.507,1574.609,1570.534,1000,1000,1000,1000,1634.873,1606.656,1599.845,1578.44,1565.305,1554.723,1552.291,1546.575,1544.689,1542.531,1540.493,1538.084,1000,1000,1576.98,1559.223,1549.98,1545.115,1537.21,1530.034,1526.385,1522.858,1516.838,1513.676,1511.547,1510.346,1592.062,1581.359,1563.359,1548.277,1527.845,1523.466,1513.371,1503.763,1498.108,1493.668,1489.26,1487.557,1486.994,1581.845,1560.926,1549.25,1537.574,1522.007,1508.628,1499.385,1491.358,1484.303,1475.79,1470.317,1467.094,1463.992,1461.149,1460.389,1459.591,1560.44,1544.385,1527.845,1513.736,1496.223,1479.195,1472.871,1463.749,1458.519,1455.722,1449.215,1443.985,1441.34,1439.166,1436.832,1436.049,1522.98,1507.412,1495.736,1485.033,1472.871,1000,1000,1437.479,1431.033,1428.418,1425.255,1423.735,1420.877,1000,1000,1000,1492.817,1471.411,1456.817,1452.438,1000,1000,1000,1000,1000,1000,1000,1000,1000,1000,1000,1000,1000,1000,1000,1000,1000,1000,1000,1000,1000,1000,1000,1000
1000,1000,1000,1000,1000,1000,1000,1000,1000,1000,1000,1000,1000,1190.097,1194.597,1196.3,1198.489,1204.084,1207.246,1208.705,1214.786,1224.76,1228.408,1229.138,1233.76,1237.408,1235.949,1237.895,1245.679,1247.138,1247.625,1253.463,1257.355,1263.679,1269.031,1280.706,1288.49,1294.815,1300.652,1192.879,1193.031,1193.586,1194.552,1195.54,1195.661,1196.057,1196.482,1196.938,1197.577,1199.827,1202.381,1203.962,1207.246,1209.557,1211.016,1212.476,1214.422,1215.273,1218.678,1220.868,1224.273,1227.922,1231.084,1231.084,1236.435,1242.03,1000,1000,1287.517,1276.328,1275.355,1274.868,1278.274,1284.598,1288.49,1295.301,1300.166,1303.085,1309.409,1315.247,1208.447,1208.766,1209.359,1209.663,1210.423,1210.743,1211.624,1212.658,1213.844,1215.638,1217.462,1218.739,1220.077,1221.233,1222.814,1224.76,1226.949,1228.773,1232.908,1234.611,1237.895,1243.003,1247.382,1250.301,1253.949,1258.328,1262.949,1268.544,1275.355,1280.22,1283.625,1292.869,1297.247,1303.085,1307.95,1315.734,1318.653,1324.004,1223.787,1224.091,1224.288,1224.6,1225.155,1225.315,1226.31,1227.618,1228.712,1229.412,1231.206,1232.3,1233.76,1235.949,1238.381,1240.692,1243.246,1245.557,1247.138,1248.476,1252.003,1255.409,1260.76,1265.139,1271.22,1276.571,1280.706,1283.625,1288.004,1292.382,1296.76,1304.058,1312.815,1326.437,1239.62,1000,1000,1271.463,1264.044,1254.922,1249.875,1250.665,1250.665,1000,1000,1000,1000,1000,1000,1000,1000,1000,1000,1000,1000,1000,1000,1000,1000,1000,1000,1255.621,1000,1000,1316.22,1000,1000,1000,1000,1279.49,1278.517,1280.706,1282.652,1284.355,1288.004,1293.355,1296.274,1302.112,1308.923,1318.653,1323.031,1330.328,1336.167,1342.004,1347.842,1358.059,1255.036,1255.378,1255.796,1256.366,1256.823,1257.339,1258.328,1259.057,1260.182,1262.098,1264.166,1267.389,1269.76,1272.193,1274.017,1277.058,1277.909,1280.463,1283.139,1289.706,1294.085,1300.652,1305.761,1308.923,1313.788,1318.166,1323.031,1328.383,1335.193,1340.545,1345.896,1357.572,1367.788,1377.518,1272.664,1273.249,1000,1000,1000,1000,1175.137,1175.137,1182.921,1068.109,1068.185,1068.261,1182.921,1173.191,1178.056,1174.164,1171.245,1164.921,1162.975,1156.164,1150.326,1143.029,1133.786,1126.975,1120.164,1116.029,1113.109,1110.434,1107.758,1107.028,1107.028,1106.542,1107.758,1108.488,1110.434,1112.38,1114.569,1118.704,1123.083,1129.407,1137.677,1146.434,1152.272,1157.137,1160.056,1162.975,1161.029,1152.272,1155.191,1151.299,1148.38,1147.407,1148.38,1141.083,1140.596,1136.704,1137.677,1136.218,1140.596,1143.029,1148.38,1150.326,1155.191,1156.164,1154.218,1153.245,1156.164,1153.245,1152.272,1000,1000,1000,1000,1000,1000,1351.339,1352.692,1351.415,1000,1000,1191.435,1186.327,1185.11,1186.327,1187.543,1187.543,1000,1000,1000,1000,1000,1000,1000,1000,1000,1000,1000,1000,1210.651,1219.408,1222.327,1220.381,1222.327,1228.165,1237.895,1000,1000,1253.949,1244.706,1236.922,1000,1000,1000,1000,1473.357,1465.573,1468.492,1469.465,1481.141,1494.277,1000,1000,1000,1173.191,1169.299,1164.799,1161.88,1160.299,1162.732,1166.989,1000,1000,1000,1000,1000,1000,1000,1000,1000,1000,1000,1000,1000,1000,1000,1000,1000,1000,1000,1000,1000,1000,1000,1000,1000,1000,1000,1000,1000,1000,1000,1000,1000,1000,1000,1000,1000,1000,1000,1000,1000,1000,1000,1000,1000,1000,1000,1000,1000,1000,1000,1000,1000,1000,1000,1000,1000,1000,1000,1000,1000,1000,1000,1000,1000,1000,1000,1492.878,1498.351,1495.736,1495.25,1493.486,1491.418,1489.016,1487.489,1486.683,1569.683,1546.331,1539.52,1528.818,1519.574,1506.196,1498.412,1487.952,1478.344,1472.567,1472.567,1471.107,1471.411,1476.52,1000,1485.276,1492.817,1498.412,1494.52,1487.952,1000,1000,1000,1000,1000,1601.548,1000,1000,1000,1000,1000,1000,1000,1000,1000,1000,1000,1000,1000,1000,1000,1000,1000,1000,1000,1000,1000,1000,1000,1000,1000,1000,1000,1000,1000,1000,1000,1000,1000,1000,1000,1000,1000,1000,1593.103,1591.993,1591.841,1686.928,1672.819,1644.603,1630.981,1000,1601.792,1589.021,1583.062,1574.852,1570.139,1566.749,1565.031,1661.63,1651.9,1631.954,1605.197,1595.467,1578.44,1564.453,1555.088,1553.629,1547.365,1544.933,1542.531,1539.855,1537.59,1625.63,1589.143,1576.494,1558.494,1553.629,1545.115,1538.061,1528.939,1525.047,1519.088,1514.588,1511.638,1511.129,1510.148,1596.927,1578.44,1561.899,1544.872,1528.574,1520.061,1511.547,1502.669,1497.804,1492.878,1489.761,1488.112,1000,1486.569,1569.683,1556.061,1541.466,1521.034,1509.358,1500.115,1489.898,1483.939,1477.249,1471.411,1467.763,1465.057,1462.016,1460.868,1000,1459.553,1553.629,1535.628,1520.547,1501.574,1483.33,1472.141,1464.114,1457.303,1454.627,1448.607,1000,1441.158,1439.44,1437.038,1436.202,1524.926,1505.466,1497.196,1481.628,1472.141,1457.06,1446.114,1434.316,1432.857,1429.33,1427.201,1425.255,1422.762,1000,1000,1000,1486.006,1464.601,1450.006,1444.411,1000,1000,1000,1000,1000,1000,1000,1395.275,1000,1000,1000,1000,1000,1000,1000,1000,1000,1000,1000,1000,1000,1000,1000,1000
1000,1000,1000,1000,1000,1000,1000,1000,1000,1000,1000,1000,1000,1190.097,1194.597,1197.759,1198.124,1205.057,1208.705,1211.138,1214.786,1225.246,1227.679,1229.868,1233.03,1235.949,1234.49,1240.327,1246.165,1248.598,1249.571,1255.895,1260.274,1268.057,1274.868,1284.598,1291.896,1295.788,1296.76,1192.803,1193.031,1193.586,1194.643,1195.783,1195.783,1196.057,1196.193,1196.057,1196.786,1198.854,1201.651,1203.719,1206.881,1208.827,1210.651,1211.746,1214.057,1215.638,1219.043,1220.503,1223.787,1226.949,1229.625,1230.111,1236.435,1243.49,1000,1000,1279.247,1269.517,1268.544,1269.517,1273.895,1280.706,1286.544,1293.355,1300.166,1302.112,1310.382,1314.274,1208.409,1208.637,1209.093,1209.283,1210.013,1210.317,1211.351,1212.202,1213.479,1214.786,1216.733,1217.949,1218.983,1220.381,1223.057,1224.395,1226.584,1229.625,1232.908,1233.76,1236.435,1241.3,1246.165,1250.301,1253.949,1258.328,1261.003,1265.868,1271.463,1276.328,1281.193,1289.463,1293.842,1299.193,1306.004,1311.842,1315.734,1324.977,1223.787,1224.091,1224.38,1224.6,1224.995,1225.315,1225.991,1227.055,1227.922,1229.047,1230.598,1231.631,1233.273,1235.645,1237.713,1240.327,1243.246,1245.192,1247.625,1248.841,1251.638,1254.922,1260.03,1264.652,1272.436,1277.787,1281.436,1282.652,1287.031,1290.436,1295.788,1306.004,1317.68,1330.328,1239.697,1000,1000,1000,1263.193,1253.949,1250.665,1252.672,1253.28,1000,1000,1000,1000,1000,1000,1000,1000,1000,1000,1000,1368.761,1000,1000,1000,1000,1000,1000,1000,1000,1342.977,1322.058,1000,1000,1000,1000,1275.598,1274.625,1276.814,1281.436,1282.652,1285.571,1290.679,1295.544,1300.652,1306.49,1313.788,1317.68,1327.41,1333.248,1340.058,1345.896,1356.113,1362.924,1255.226,1255.621,1255.857,1256.716,1257.127,1257.689,1259.057,1260.03,1261.125,1263.679,1266.78,1269.517,1272.193,1273.652,1274.747,1277.909,1281.801,1285.085,1290.193,1294.571,1300.652,1304.301,1307.707,1311.112,1316.22,1321.572,1326.923,1336.167,1339.572,1348.815,1357.572,1367.788,1377.518,1272.74,1273.249,1000,1000,1000,1000,1168.813,1172.218,1181.948,1180.975,1182.921,1068.185,1182.921,1169.786,1172.218,1167.84,1165.894,1161.029,1157.137,1150.326,1142.056,1133.786,1126.488,1119.677,1114.569,1111.164,1108.488,1106.542,1104.596,1104.109,1103.38,1104.109,1104.596,1105.812,1106.542,1107.758,1109.704,1112.38,1116.758,1122.596,1128.921,1136.218,1142.056,1147.407,1149.353,1154.218,1157.137,1151.299,1157.137,1152.272,1148.38,1144.975,1145.461,1138.65,1137.677,1133.786,1135.245,1134.272,1136.704,1142.056,1149.353,1151.299,1153.245,1158.11,1156.164,1155.191,1156.164,1153.245,1148.38,1000,1000,1000,1000,1350.275,1350.974,1351.643,1353.543,1000,1000,1215.516,1190.219,1183.894,1184.381,1183.894,1185.11,1183.894,1000,1000,1000,1000,1000,1000,1000,1000,1000,1000,1000,1000,1215.516,1221.354,1223.3,1221.354,1223.3,1226.219,1232.057,1000,1000,1000,1000,1000,1000,1000,1000,1000,1000,1000,1473.357,1469.465,1000,1000,1000,1000,1000,1173.191,1168.326,1165.651,1163.462,1162.732,1165.651,1169.299,1000,1000,1000,1000,1000,1000,1000,1000,1000,1000,1000,1000,1000,1000,1000,1000,1000,1000,1000,1000,1000,1000,1000,1000,1000,1000,1000,1000,1000,1000,1000,1000,1000,1000,1000,1000,1000,1000,1000,1000,1000,1000,1000,1000,1000,1000,1000,1000,1000,1000,1000,1000,1000,1000,1000,1000,1000,1000,1000,1000,1000,1000,1000,1000,1000,1000,1000,1491.601,1495.736,1494.581,1494.581,1493.486,1491.084,1488.697,1487.192,1582.818,1564.818,1549.25,1536.115,1527.358,1512.034,1501.331,1491.358,1484.303,1476.52,1473.479,1472.263,1471.959,1471.959,1477.249,1481.871,1485.641,1495.006,1501.331,1502.547,1494.033,1000,1000,1000,1608.116,1603.19,1600.818,1598.386,1000,1000,1000,1000,1000,1000,1000,1000,1000,1000,1000,1000,1000,1000,1000,1000,1000,1000,1000,1000,1000,1000,1000,1000,1000,1000,1000,1000,1000,1000,1000,1000,1000,1000,1000,1000,1000,1593.78,1592.274,1591.955,1687.901,1673.792,1645.576,1634.873,1000,1605.197,1591.697,1584.886,1575.947,1571.325,1567.463,1565.327,1564.332,1642.657,1624.17,1601.305,1591.818,1576.737,1565.305,1554.723,1552.899,1546.575,1544.264,1541.527,1539.855,1000,1000,1000,1577.953,1557.277,1555.575,1543.412,1536.237,1528.209,1525.047,1519.088,1514.77,1511.638,1510.719,1608.116,1586.224,1576.494,1559.467,1547.791,1533.439,1524.926,1516.169,1505.952,1498.655,1493.668,1000,1488.591,1487.428,1486.531,1559.953,1554.115,1537.088,1519.574,1507.412,1500.115,1485.641,1481.385,1476.52,1471.411,1467.52,1464.874,1462.016,1460.389,1459.439,1553.629,1538.547,1519.574,1506.925,1494.277,1484.06,1473.844,1464.601,1457.668,1452.073,1446.418,1443.073,1441.158,1439.166,1437.342,1436.24,1522.98,1501.088,1492.331,1477.736,1467.763,1457.06,1448.06,1435.897,1431.397,1427.201,1425.012,1421.668,1420.482,1000,1000,1000,1491.844,1463.141,1000,1000,1000,1000,1000,1000,1000,1000,1000,1000,1000,1000,1000,1000,1000,1000,1000,1000,1000,1000,1000,1000,1000,1000,1000,1000
1000,1000,1000,1000,1000,1000,1000,1000,1000,1000,1000,1000,1000,1000,1000,1196.3,1196.3,1202.016,1205.057,1211.138,1216.976,1226.462,1229.138,1233.03,1235.219,1239.354,1239.354,1243.246,1248.598,1247.625,1249.571,1255.895,1260.274,1269.031,1276.814,1284.598,1290.436,1293.842,1294.815,1303.571,1192.841,1193.35,1194.179,1195.296,1195.418,1195.661,1195.783,1195.783,1196.634,1198.094,1200.739,1202.928,1205.665,1206.881,1209.192,1209.922,1211.746,1214.057,1219.043,1221.354,1224.273,1227.922,1230.111,1230.111,1235.219,1243.49,1000,1000,1000,1268.057,1266.111,1270.976,1274.868,1279.733,1285.571,1294.328,1298.22,1303.085,1310.382,1315.247,1208.333,1208.599,1208.971,1209.283,1210.21,1210.53,1211.351,1212.506,1213.327,1214.209,1216.307,1217.705,1218.192,1219.53,1221.841,1222.814,1225.125,1228.408,1232.057,1233.76,1236.922,1240.327,1243.976,1247.382,1250.301,1254.436,1257.598,1263.679,1270.003,1276.328,1281.679,1289.463,1292.869,1296.274,1301.139,1306.977,1313.788,1322.058,1331.788,1224.015,1224.243,1224.486,1224.782,1225.071,1225.778,1226.797,1227.77,1228.895,1230.172,1230.962,1232.543,1235.402,1237.713,1240.327,1243.611,1245.557,1246.773,1247.625,1250.179,1253.463,1257.355,1262.22,1271.22,1276.571,1280.706,1284.112,1288.49,1290.923,1298.22,1306.004,1315.734,1329.356,1000,1000,1000,1000,1000,1000,1251.213,1250.969,1251.821,1248.841,1000,1000,1000,1000,1000,1000,1000,1279.247,1000,1000,1000,1000,1000,1000,1000,1000,1000,1255.621,1255.188,1355.14,1000,1000,1000,1000,1000,1275.598,1272.922,1275.112,1279.004,1280.706,1284.355,1290.679,1295.544,1299.193,1307.463,1312.815,1321.572,1329.356,1337.139,1342.004,1349.788,1358.059,1254.922,1255.226,1255.424,1255.735,1256.366,1256.914,1257.932,1258.328,1260.03,1261.125,1263.193,1265.686,1267.936,1270.733,1271.828,1275.476,1278.274,1282.287,1285.571,1290.679,1294.571,1298.707,1301.869,1305.031,1309.653,1314.761,1318.166,1323.518,1330.815,1337.139,1343.95,1355.626,1365.356,1374.599,1272.626,1273.082,1000,1000,1000,1162.975,1165.894,1166.867,1174.164,1174.164,1174.164,1178.056,1177.083,1165.894,1167.84,1164.921,1162.975,1156.164,1151.299,1142.056,1134.272,1125.515,1119.677,1114.569,1111.164,1108.488,1105.812,1104.109,1102.65,1101.677,1101.677,1102.163,1102.65,1104.109,1105.326,1105.812,1107.028,1109.218,1111.65,1116.758,1121.137,1126.488,1133.786,1138.65,1138.65,1144.975,1148.38,1144.975,1152.272,1151.299,1147.407,1145.461,1144.975,1136.704,1138.65,1136.218,1136.218,1139.623,1143.029,1146.434,1152.272,1153.245,1153.245,1156.164,1152.272,1148.38,1147.407,1000,1000,1000,1000,1000,1000,1350.465,1351.719,1352.069,1353.543,1000,1000,1218.435,1194.84,1188.273,1186.327,1187.056,1187.056,1183.408,1182.192,1000,1000,1000,1000,1000,1000,1000,1000,1000,1000,1000,1220.381,1223.3,1223.3,1223.3,1225.246,1229.138,1234.976,1000,1000,1000,1212.111,1213.084,1000,1000,1000,1000,1462.655,1453.411,1466.547,1465.573,1000,1000,1000,1000,1000,1179.759,1170.272,1166.502,1163.948,1163.462,1167.475,1173.191,1000,1000,1000,1000,1444.411,1000,1455.844,1000,1000,1000,1000,1000,1000,1000,1000,1000,1000,1000,1000,1000,1000,1000,1000,1000,1000,1000,1000,1000,1000,1000,1000,1000,1000,1000,1000,1000,1000,1000,1000,1000,1000,1000,1000,1000,1000,1000,1000,1000,1000,1000,1000,1000,1000,1000,1000,1000,1000,1000,1000,1000,1000,1000,1000,1000,1000,1000,1000,1492.118,1495.006,1495.25,1494.763,1493.486,1491.084,1488.91,1487.306,1583.791,1567.737,1552.169,1535.142,1525.899,1512.034,1501.331,1494.52,1487.101,1478.344,1475.79,1471.959,1470.317,1470.013,1475.79,1477.979,1482.601,1492.331,1499.385,1500.601,1000,1000,1000,1000,1000,1000,1598.386,1596.166,1000,1000,1000,1000,1000,1000,1000,1000,1000,1000,1000,1000,1000,1000,1000,1000,1000,1000,1000,1000,1000,1000,1000,1000,1000,1000,1000,1000,1000,1000,1000,1000,1000,1000,1000,1000,1000,1593.567,1592.715,1592.328,1592.221,1591.727,1667.954,1000,1000,1000,1592.548,1583.426,1577.345,1000,1569.075,1000,1564.674,1639.738,1629.035,1600.332,1591.089,1576.251,1565.305,1555.088,1552.656,1546.818,1000,1000,1539.292,1000,1629.522,1595.467,1585.251,1563.115,1559.953,1547.304,1538.061,1529.304,1525.655,1519.331,1514.436,1512.262,1510.658,1509.958,1599.359,1587.197,1571.142,1559.467,1541.223,1528.574,1516.655,1506.682,1498.655,1495.25,1000,1488.91,1000,1486.569,1559.953,1557.034,1538.547,1522.493,1514.709,1506.682,1490.385,1485.641,1481.02,1473.175,1467.763,1465.057,1461.773,1459.948,1459.287,1549.737,1538.547,1511.79,1500.601,1489.898,1482.844,1469.465,1464.601,1456.452,1451.708,1445.871,1444.168,1442.465,1440.823,1438.102,1436.354,1525.899,1500.115,1483.087,1472.871,1461.925,1455.357,1442.708,1434.681,1428.418,1427.201,1423.492,1422.58,1420.299,1000,1000,1000,1000,1464.601,1000,1000,1000,1000,1000,1000,1000,1000,1000,1000,1000,1000,1000,1000,1000,1000,1000,1000,1000,1000,1000,1000,1000,1000,1000,1000
1000,1000,1000,1000,1000,1000,1000,1000,1000,1000,1000,1000,1000,1000,1000,1196.665,1198.854,1200.8,1204.57,1210.165,1216.976,1222.327,1227.679,1233.03,1235.949,1237.895,1240.814,1244.706,1247.625,1247.138,1252.49,1257.355,1263.679,1270.003,1279.733,1284.598,1292.869,1293.842,1295.788,1303.571,1192.917,1193.297,1194.095,1194.962,1195.418,1195.661,1195.92,1195.54,1196.938,1197.759,1200.07,1201.651,1204.813,1205.361,1207.854,1208.827,1211.016,1213.57,1219.53,1221.841,1225.246,1229.625,1231.814,1230.598,1234.733,1240.084,1246.652,1000,1270.976,1269.517,1268.057,1271.949,1272.922,1277.301,1283.625,1290.436,1294.328,1301.139,1307.463,1312.328,1208.219,1208.561,1208.918,1209.215,1209.922,1210.53,1211.229,1212.354,1213.327,1214.604,1216.064,1217.462,1217.705,1219.834,1221.233,1223.057,1225.489,1228.773,1231.206,1233.273,1235.098,1238.381,1241.787,1245.679,1248.354,1253.949,1255.652,1261.003,1268.057,1275.355,1280.22,1286.544,1289.463,1292.869,1297.247,1302.112,1309.896,1318.653,1327.896,1223.901,1224.129,1224.38,1224.661,1225.071,1225.687,1227.055,1227.77,1229.047,1229.989,1230.598,1231.875,1233.76,1236.253,1238.625,1241.422,1243.976,1246.409,1247.138,1249.328,1252.976,1256.382,1260.76,1267.571,1273.166,1276.571,1282.166,1287.031,1291.896,1296.76,1306.004,1312.815,1326.437,1000,1000,1000,1000,1000,1000,1000,1252.064,1251.821,1250.118,1000,1000,1000,1000,1000,1000,1000,1000,1277.027,1000,1000,1000,1000,1000,1000,1000,1000,1255.469,1000,1356.113,1000,1000,1000,1000,1000,1271.463,1271.463,1272.922,1276.814,1276.814,1281.436,1286.787,1293.355,1296.274,1305.031,1310.382,1317.193,1324.977,1332.275,1341.031,1347.842,1354.167,1361.951,1255.112,1255.424,1255.621,1256.062,1256.716,1257.689,1258.054,1259.513,1260.547,1263.01,1264.652,1267.084,1268.848,1271.828,1274.747,1277.544,1282.774,1286.058,1290.193,1294.085,1297.004,1300.652,1303.085,1306.247,1312.572,1318.166,1325.464,1332.761,1339.572,1343.95,1353.68,1362.437,1369.734,1272.512,1000,1000,1000,1000,1161.029,1161.029,1162.975,1166.867,1168.813,1168.813,1173.191,1172.218,1162.002,1162.002,1160.056,1154.218,1146.434,1142.056,1133.786,1126.488,1119.677,1115.299,1111.164,1109.218,1105.812,1104.596,1103.38,1100.947,1100.461,1100.461,1100.461,1100.461,1102.163,1102.65,1104.109,1104.596,1107.028,1109.704,1112.38,1116.758,1121.623,1126.975,1131.353,1135.245,1139.623,1140.596,1137.677,1144.002,1142.056,1139.623,1139.623,1140.596,1136.218,1140.596,1141.083,1139.623,1142.056,1144.002,1146.434,1148.38,1151.299,1153.245,1153.245,1150.326,1147.407,1147.407,1137.677,1000,1000,1000,1000,1000,1000,1351.894,1352.373,1353.285,1000,1000,1218.435,1192.894,1185.84,1184.381,1184.381,1183.894,1000,1000,1000,1000,1000,1000,1000,1000,1000,1000,1000,1000,1000,1231.084,1229.138,1226.219,1223.3,1225.246,1228.165,1232.057,1140.186,1000,1000,1000,1196.3,1000,1000,1000,1000,1000,1000,1480.168,1000,1000,1000,1000,1000,1000,1178.056,1168.813,1165.164,1161.88,1163.097,1165.651,1171.732,1000,1000,1000,1000,1000,1000,1453.898,1466.547,1469.465,1475.79,1494.763,1414.53,1415.244,1000,1000,1000,1000,1000,1000,1000,1000,1000,1000,1000,1000,1000,1000,1000,1000,1000,1000,1000,1000,1000,1000,1000,1000,1000,1000,1000,1000,1000,1000,1000,1000,1000,1000,1000,1000,1000,1000,1000,1000,1000,1000,1000,1000,1000,1000,1000,1000,1000,1000,1000,1000,1000,1000,1000,1494.337,1493.912,1493.486,1492.483,1490.035,1488.591,1487.367,1582.818,1562.872,1551.196,1536.115,1521.034,1510.574,1500.115,1492.331,1483.087,1476.52,1472.567,1470.317,1469.222,1470.317,1473.479,1476.52,1478.344,1489.898,1495.493,1498.898,1000,1000,1000,1000,1601.062,1598.386,1598.994,1597.565,1000,1000,1000,1000,1000,1000,1000,1000,1000,1000,1000,1000,1000,1000,1000,1000,1000,1000,1000,1000,1000,1000,1000,1000,1000,1000,1000,1000,1000,1000,1000,1000,1000,1000,1000,1000,1000,1593.992,1592.784,1592.221,1591.917,1686.928,1000,1000,1000,1000,1000,1583.791,1577.649,1571.142,1567.6,1565.616,1564.484,1635.846,1625.143,1605.683,1591.818,1576.737,1567.25,1558.007,1553.629,1549.25,1545.358,1543.899,1540.63,1538.532,1537.354,1611.521,1592.062,1567.494,1559.223,1548.277,1540.007,1530.764,1527.115,1518.844,1512.611,1511.129,1510.148,1605.197,1599.359,1587.197,1572.115,1559.467,1545.358,1529.791,1520.79,1511.182,1502.669,1497.56,1000,1489.898,1488.484,1486.759,1567.737,1564.818,1547.304,1527.845,1519.574,1506.682,1490.385,1483.087,1479.439,1472.871,1468.249,1464.509,1462.016,1459.667,1459.249,1551.683,1538.547,1510.331,1503.033,1487.222,1479.195,1467.52,1465.573,1455.357,1451.1,1444.654,1443.317,1440.823,1440.033,1437.6,1436.354,1529.304,1507.412,1492.331,1481.141,1469.952,1460.222,1446.114,1436.627,1429.695,1426.958,1422.58,1420.877,1418.475,1000,1000,1000,1000,1000,1000,1000,1000,1000,1000,1000,1000,1000,1000,1000,1000,1000,1000,1000,1000,1000,1000,1000,1000,1000,1000,1000,1000,1000,1000,1000
1000,1000,1000,1000,1000,1000,1000,1000,1000,1000,1000,1000,1000,1000,1000,1000,1000,1200.435,1203.232,1210.165,1215.273,1220.381,1227.679,1234.49,1233.76,1238.868,1241.787,1246.165,1245.679,1247.138,1251.03,1252.49,1260.274,1269.031,1280.706,1286.544,1301.625,1301.625,1192.651,1192.879,1193.107,1193.297,1194.019,1194.643,1195.068,1195.418,1195.92,1195.54,1196.938,1197.394,1199.644,1200.922,1203.962,1204.509,1206.881,1208.219,1210.651,1213.57,1219.043,1223.3,1226.219,1228.895,1231.084,1230.111,1234.003,1240.814,1248.111,1000,1267.084,1263.679,1264.652,1270.976,1271.949,1277.301,1283.625,1288.49,1292.382,1300.166,1304.058,1310.382,1316.22,1208.409,1208.675,1209.093,1209.587,1210.119,1210.986,1211.898,1212.506,1213.844,1215.638,1216.733,1217.462,1219.53,1220.928,1222.145,1224.76,1228.043,1231.206,1233.273,1235.098,1238.868,1241.787,1244.463,1246.652,1252.49,1254.436,1259.544,1268.057,1276.328,1281.193,1286.544,1290.923,1292.869,1298.22,1302.112,1309.896,1316.707,1323.031,1332.761,1223.939,1224.053,1224.288,1224.661,1224.995,1225.885,1227.055,1228.53,1229.777,1230.78,1232.3,1234.307,1236.253,1238.625,1241.787,1243.246,1246.409,1247.138,1248.841,1252.003,1254.922,1258.571,1264.652,1270.003,1273.166,1279.247,1285.571,1290.436,1296.76,1305.031,1310.382,1322.545,1000,1000,1000,1000,1277.301,1000,1000,1252.064,1250.969,1249.328,1000,1000,1000,1000,1000,1000,1280.95,1278.061,1276.419,1000,1000,1000,1000,1000,1000,1000,1000,1000,1000,1353.194,1000,1000,1000,1000,1000,1271.949,1272.436,1271.463,1275.598,1275.598,1281.436,1284.355,1292.625,1295.544,1305.031,1310.382,1318.653,1324.977,1335.193,1341.031,1349.788,1354.167,1359.032,1254.998,1255.264,1255.469,1255.986,1256.45,1257.233,1258.464,1260.03,1260.912,1263.193,1264.409,1266.537,1270.125,1271.098,1274.747,1277.544,1281.801,1284.598,1288.004,1290.679,1293.355,1298.707,1302.355,1308.193,1311.842,1316.707,1323.518,1330.328,1337.626,1342.977,1353.68,1359.518,1371.68,1272.474,1000,1000,1000,1000,1160.056,1158.11,1161.029,1162.002,1162.975,1163.948,1167.84,1166.867,1159.083,1154.218,1149.353,1144.975,1137.677,1132.813,1125.029,1119.677,1114.569,1111.164,1108.488,1105.812,1104.109,1103.38,1101.677,1099.731,1099.731,1099.731,1099.245,1099.731,1100.947,1101.677,1102.163,1103.38,1105.326,1107.758,1109.704,1113.109,1117.245,1121.623,1125.029,1128.921,1132.813,1135.245,1134.272,1137.677,1139.623,1136.704,1134.272,1136.704,1135.245,1140.596,1142.056,1143.029,1143.029,1144.975,1145.461,1149.353,1151.299,1153.245,1154.218,1151.299,1147.407,1142.056,1000,1000,1000,1000,1000,1000,1000,1351.415,1351.803,1352.798,1000,1000,1216.976,1190.948,1182.678,1182.678,1182.678,1181.462,1182.678,1000,1000,1000,1000,1000,1000,1000,1000,1000,1000,1000,1000,1000,1230.111,1227.192,1226.219,1229.138,1232.057,1238.868,1140.756,1000,1000,1000,1180.246,1000,1000,1000,1000,1000,1000,1000,1000,1000,1000,1000,1000,1000,1176.354,1168.813,1164.799,1161.516,1160.664,1163.462,1168.326,1000,1000,1000,1000,1000,1446.6,1453.898,1459.249,1457.79,1468.979,1000,1000,1000,1000,1000,1000,1000,1000,1000,1433.222,1000,1000,1000,1000,1000,1000,1000,1000,1000,1000,1000,1000,1000,1000,1000,1000,1000,1000,1000,1000,1000,1000,1000,1000,1000,1000,1000,1000,1000,1000,1000,1000,1000,1000,1000,1000,1000,1000,1000,1000,1000,1000,1000,1000,1000,1000,1489.503,1490.932,1493.304,1493.06,1492.483,1491.236,1488.804,1488.021,1486.873,1573.088,1555.088,1547.304,1531.25,1518.115,1506.196,1492.817,1487.101,1479.074,1474.817,1470.864,1470.317,1467.337,1468.736,1470.864,1475.06,1475.79,1489.412,1493.547,1498.898,1000,1000,1000,1000,1603.433,1599.845,1598.994,1597.565,1000,1000,1000,1000,1000,1000,1000,1000,1000,1000,1000,1000,1000,1000,1000,1000,1000,1000,1000,1000,1000,1000,1000,1000,1000,1000,1000,1000,1000,1000,1000,1000,1000,1000,1000,1000,1000,1593.194,1592.388,1591.879,1686.928,1670.873,1659.198,1000,1000,1000,1594.494,1584.156,1575.947,1570.534,1566.642,1565.145,1660.657,1630.981,1618.332,1604.224,1591.818,1575.521,1566.277,1558.859,1554.358,1549.25,1545.602,1543.291,1540.098,1538.228,1537.468,1619.305,1600.818,1574.548,1563.115,1551.926,1543.412,1532.466,1528.209,1518.844,1512.49,1510.597,1509.844,1594.008,1594.981,1578.44,1571.142,1561.899,1546.331,1529.791,1522.736,1510.331,1501.696,1497.804,1492.695,1489.016,1487.937,1486.721,1563.845,1563.845,1554.115,1535.142,1523.466,1509.358,1494.52,1483.087,1480.168,1474.817,1470.864,1466.06,1463.384,1459.842,1560.44,1551.683,1537.574,1515.196,1507.898,1489.898,1478.466,1468.979,1463.263,1454.263,1450.127,1444.654,1443.742,1440.641,1439.44,1437.342,1436.164,1523.953,1509.358,1000,1000,1000,1000,1443.195,1437.479,1431.033,1425.255,1421.303,1420.877,1417.76,1000,1000,1000,1000,1000,1000,1000,1000,1000,1000,1000,1000,1000,1000,1000,1000,1000,1000,1000,1000,1000,1000,1000,1000,1000,1000,1000,1000,1000,1000,1000
1000,1000,1000,1000,1000,1000,1000,1000,1000,1000,1000,1000,1000,1000,1000,1000,1198.124,1200.435,1202.867,1209.678,1213.327,1219.165,1224.76,1232.3,1233.03,1238.868,1239.354,1244.706,1244.706,1247.625,1252.003,1254.922,1261.247,1270.003,1278.76,1286.544,1300.652,1303.571,1192.765,1192.841,1192.917,1193.153,1193.586,1194.019,1194.749,1195.54,1195.92,1196.057,1197.242,1197.577,1199.036,1200.739,1202.624,1203.719,1206.881,1208.462,1211.016,1215.273,1220.016,1223.787,1226.219,1229.625,1231.084,1232.787,1233.516,1243.976,1251.03,1000,1267.084,1263.679,1263.193,1268.057,1269.517,1274.868,1279.733,1286.544,1292.382,1299.193,1301.139,1309.409,1312.328,1208.295,1208.599,1209.154,1209.427,1210.21,1210.743,1211.761,1212.506,1214.026,1215.638,1216.733,1217.219,1218.496,1219.53,1220.381,1223.057,1226.949,1229.625,1232.908,1235.584,1238.868,1240.327,1243.003,1244.463,1250.787,1252.003,1255.652,1262.22,1270.976,1275.355,1280.22,1287.517,1290.923,1297.247,1300.166,1308.923,1315.734,1322.058,1326.923,1223.825,1224.015,1224.167,1224.6,1225.071,1225.885,1226.554,1228.226,1229.229,1229.777,1231.875,1234.307,1236.253,1238.017,1241.787,1243.246,1246.773,1247.625,1249.328,1252.49,1255.895,1258.084,1263.436,1268.787,1273.166,1278.517,1285.085,1290.923,1299.193,1302.112,1308.436,1320.599,1343.464,1000,1000,1000,1000,1000,1000,1252.064,1250.969,1249.328,1247.199,1000,1000,1000,1000,1000,1280.706,1279.004,1277.179,1275.568,1000,1000,1000,1000,1000,1000,1000,1000,1000,1000,1000,1000,1000,1000,1000,1271.463,1272.436,1270.976,1275.112,1275.598,1280.22,1283.625,1291.409,1294.815,1305.031,1307.463,1315.247,1322.058,1330.328,1336.167,1344.923,1352.221,1358.059,1254.922,1255.188,1255.378,1255.918,1256.207,1256.823,1257.689,1259.848,1261.125,1263.436,1264.166,1267.389,1268.848,1271.828,1274.017,1278.274,1280.95,1283.139,1286.544,1290.679,1295.058,1298.707,1303.571,1308.193,1311.112,1317.68,1325.464,1333.248,1339.572,1342.977,1351.734,1354.653,1368.761,1378.491,1000,1000,1000,1000,1158.11,1154.218,1153.245,1155.191,1158.11,1161.029,1162.002,1162.002,1155.191,1147.407,1139.623,1135.245,1129.407,1123.083,1118.704,1114.569,1110.434,1107.758,1105.812,1104.109,1102.163,1101.677,1099.731,1099.245,1099.245,1098.515,1098.515,1099.245,1099.731,1100.461,1101.677,1102.163,1104.109,1106.542,1108.488,1111.164,1114.569,1118.704,1121.623,1125.515,1126.975,1131.353,1132.813,1135.245,1138.65,1137.677,1135.245,1137.677,1136.704,1140.596,1143.029,1144.975,1144.975,1145.461,1146.434,1147.407,1147.407,1152.272,1151.299,1151.299,1151.299,1143.029,1000,1000,1000,1000,1000,1000,1351.271,1351.719,1351.803,1352.586,1000,1000,1223.787,1194.84,1186.327,1185.84,1185.11,1182.192,1182.192,1183.408,1000,1000,1000,1000,1000,1000,1000,1000,1000,1000,1000,1000,1234.976,1225.246,1225.246,1224.273,1227.192,1234.976,1000,1000,1000,1000,1000,1000,1000,1000,1000,1000,1000,1000,1000,1000,1000,1000,1000,1000,1000,1166.502,1163.948,1160.664,1159.934,1160.299,1169.299,1000,1000,1000,1000,1440.519,1446.6,1459.249,1461.682,1464.601,1478.222,1000,1000,1000,1000,1000,1000,1000,1000,1000,1430.06,1000,1000,1000,1000,1000,1000,1000,1000,1000,1000,1000,1000,1000,1000,1000,1000,1000,1000,1000,1000,1000,1000,1000,1000,1000,1000,1000,1000,1000,1000,1000,1000,1000,1000,1000,1000,1000,1000,1000,1000,1000,1000,1000,1000,1000,1000,1489.016,1491.084,1492.695,1492.695,1491.753,1491.236,1488.697,1488.112,1486.911,1574.061,1553.142,1549.25,1530.277,1515.439,1501.331,1490.385,1000,1000,1000,1469.222,1467.763,1466.06,1466.668,1469.77,1472.871,1477.249,1488.925,1492.817,1493.547,1000,1000,1000,1000,1606.17,1599.845,1598.751,1596.501,1000,1000,1000,1000,1000,1000,1000,1000,1000,1000,1000,1000,1000,1000,1000,1000,1000,1000,1000,1000,1000,1000,1000,1000,1000,1000,1000,1000,1000,1000,1000,1000,1000,1000,1000,1000,1000,1593.194,1592.388,1591.765,1683.036,1663.09,1651.414,1634.873,1619.792,1000,1593.035,1581.602,1574.852,1569.075,1566.323,1564.924,1564.332,1628.062,1619.305,1605.197,1595.954,1576.251,1567.25,1559.223,1553.629,1549.25,1545.602,1543.473,1540.767,1538.373,1537.59,1624.657,1601.792,1572.602,1558.494,1546.818,1538.547,1530.399,1526.02,1519.088,1513.387,1511.464,1509.958,1600.332,1589.143,1578.44,1571.142,1566.764,1549.737,1537.331,1526.628,1513.371,1503.033,1500.419,1492.695,1489.26,1487.489,1486.607,1555.088,1560.926,1550.223,1533.682,1519.574,1510.088,1497.196,1483.452,1480.168,1476.52,1471.715,1465.634,1463.232,1459.948,1555.575,1548.764,1534.656,1515.196,1508.871,1492.817,1478.466,1468.979,1463.263,1453.898,1448.607,1444.168,1442.708,1439.303,1438.102,1436.597,1537.088,1512.277,1501.574,1483.087,1478.709,1468.492,1460.709,1441.857,1437.114,1427.81,1423.492,1419.6,1420.299,1417.38,1000,1000,1000,1000,1000,1000,1000,1438.087,1000,1000,1000,1000,1000,1000,1000,1000,1000,1000,1000,1000,1000,1000,1000,1000,1000,1000,1000,1000,1000,1000,1000
1000,1000,1000,1000,1000,1000,1000,1000,1000,1000,1000,1000,1000,1000,1000,1000,1197.394,1199.948,1201.165,1204.57,1208.705,1213.327,1221.111,1228.408,1231.084,1235.949,1237.895,1238.868,1241.787,1245.679,1251.03,1251.03,1255.895,1259.301,1267.084,1274.868,1290.436,1294.815,1192.689,1192.841,1192.917,1193.153,1193.525,1193.936,1194.552,1195.54,1195.92,1196.482,1197.759,1198.094,1199.036,1200.922,1203.172,1204.266,1207.246,1209.922,1212.111,1215.638,1219.043,1223.787,1225.246,1227.922,1230.598,1232.787,1234.003,1243.976,1251.517,1000,1268.544,1267.084,1264.652,1268.544,1269.517,1274.868,1281.679,1286.544,1290.436,1298.22,1298.22,1305.517,1309.409,1208.333,1208.599,1209.215,1209.663,1210.636,1211.107,1211.898,1212.506,1213.661,1215.212,1216.307,1217.462,1218.983,1218.983,1219.834,1222.449,1226.584,1229.138,1232.908,1235.584,1237.895,1238.868,1241.3,1243.49,1249.084,1250.787,1254.436,1261.003,1268.544,1273.895,1280.22,1286.058,1288.49,1296.274,1298.22,1306.004,1312.815,1318.653,1324.004,1329.842,1224.015,1224.129,1224.6,1224.927,1225.778,1226.204,1227.618,1228.53,1229.229,1231.206,1233.516,1235.645,1237.408,1240.692,1242.517,1245.192,1246.409,1248.841,1252.976,1255.409,1258.084,1262.22,1267.084,1271.22,1277.787,1284.112,1289.463,1295.788,1297.247,1302.112,1312.815,1000,1000,1000,1000,1000,1268.544,1253.584,1250.969,1248.841,1245.922,1243.794,1000,1000,1000,1000,1000,1000,1000,1000,1000,1000,1000,1000,1000,1000,1000,1000,1000,1000,1000,1000,1000,1000,1000,1000,1270.976,1274.139,1275.598,1277.301,1276.328,1284.355,1286.301,1291.409,1296.274,1303.571,1309.896,1317.193,1322.058,1332.275,1338.112,1344.923,1350.761,1355.14,1360.978,1255.036,1255.226,1255.621,1256.29,1257.233,1258.191,1259.666,1261.916,1263.193,1264.895,1266.537,1268.24,1271.098,1273.652,1276.328,1279.125,1282.287,1284.598,1289.706,1291.896,1299.923,1303.085,1309.653,1313.301,1318.166,1324.491,1329.356,1337.139,1342.004,1349.788,1352.707,1365.356,1374.599,1000,1000,1000,1000,1158.11,1155.191,1152.272,1152.272,1155.191,1153.245,1153.245,1153.245,1146.434,1140.596,1133.786,1129.407,1124.056,1119.677,1115.299,1111.164,1108.488,1105.812,1104.109,1102.163,1100.947,1099.731,1098.515,1097.542,1097.542,1097.542,1096.812,1098.028,1098.515,1099.245,1100.461,1101.677,1102.65,1104.596,1105.812,1109.704,1112.38,1116.029,1118.704,1123.083,1125.515,1127.948,1130.38,1134.272,1136.218,1139.623,1136.218,1138.65,1138.65,1144.002,1145.461,1148.38,1145.461,1147.407,1145.461,1146.434,1147.407,1152.272,1151.299,1151.299,1149.353,1137.677,1000,1000,1000,1000,1000,1351.415,1000,1351.271,1351.149,1351.643,1350.731,1000,1232.057,1197.759,1185.84,1184.381,1184.381,1180.246,1180.975,1000,1000,1000,1000,1000,1000,1000,1000,1000,1000,1000,1000,1000,1234.976,1224.273,1224.273,1224.273,1230.111,1245.192,1000,1000,1000,1000,1000,1000,1000,1000,1000,1000,1000,1000,1000,1000,1000,1000,1000,1000,1000,1163.097,1161.029,1158.11,1157.745,1157.745,1168.813,1000,1000,1000,1000,1000,1000,1000,1457.79,1468.006,1479.195,1000,1000,1000,1000,1000,1000,1000,1000,1432.857,1431.762,1439.181,1445.627,1000,1000,1000,1000,1000,1000,1000,1000,1000,1000,1000,1000,1000,1000,1000,1000,1000,1000,1000,1000,1000,1000,1000,1000,1000,1000,1000,1000,1000,1000,1000,1000,1000,1000,1000,1000,1000,1000,1000,1000,1000,1000,1000,1000,1000,1000,1492.483,1492.695,1491.418,1491.084,1489.016,1488.195,1486.994,1578.926,1555.088,1546.331,1527.358,1509.358,1500.115,1489.898,1482.236,1476.155,1473.175,1469.222,1468.736,1466.06,1466.425,1469.526,1471.715,1474.817,1485.641,1490.871,1487.466,1000,1000,1000,1619.427,1606.17,1601.548,1599.663,1597.96,1000,1000,1000,1000,1000,1000,1000,1000,1000,1000,1000,1000,1000,1000,1000,1000,1000,1000,1000,1000,1000,1000,1000,1000,1000,1000,1000,1000,1000,1000,1000,1000,1000,1000,1000,1000,1000,1592.274,1591.803,1687.901,1673.792,1652.387,1643.63,1625.63,1613.711,1600.089,1588.535,1578.926,1573.818,1569.075,1567.099,1565.616,1564.636,1637.792,1624.17,1610.548,1599.845,1580.386,1570.656,1561.291,1554.358,1548.946,1544.264,1542.713,1539.855,1538.228,1537.43,1622.711,1593.521,1000,1556.061,1547.791,1538.061,1531.98,1526.75,1520.365,1514.436,1512.611,1510.346,1509.92,1597.9,1582.332,1573.088,1567.737,1546.818,1534.656,1523.953,1511.547,1503.033,1500.723,1493.304,1489.381,1487.367,1486.683,1562.872,1561.899,1550.223,1534.656,1520.547,1509.358,1500.115,1488.925,1484.79,1480.168,1475.06,1468.249,1465.057,1461.149,1459.591,1459.363,1545.358,1525.899,1518.115,1500.115,1480.898,1472.141,1466.06,1455.357,1451.465,1446.418,1443.499,1439.729,1438.102,1436.445,1532.223,1513.25,1501.088,1488.925,1485.52,1477.249,1464.601,1444.168,1436.627,1000,1000,1000,1420.695,1417.137,1000,1000,1000,1000,1000,1000,1455.357,1000,1438.573,1000,1000,1000,1000,1000,1000,1000,1000,1000,1000,1000,1000,1000,1000,1000,1000,1000,1000,1000,1000,1000,1000
1000,1000,1000,1000,1000,1000,1000,1000,1000,1000,1000,1000,1000,1000,1000,1000,1199.219,1202.381,1202.867,1205.057,1206.881,1211.138,1220.381,1224.76,1227.679,1233.76,1235.949,1235.219,1238.868,1245.679,1250.057,1252.49,1261.247,1266.111,1270.976,1281.679,1295.788,1300.652,1192.841,1193.069,1193.107,1193.297,1193.86,1194.445,1195.418,1196.786,1197.394,1197.911,1199.036,1199.462,1200.253,1201.895,1204.266,1205.969,1209.192,1212.111,1214.057,1216.003,1217.705,1220.868,1223.3,1227.922,1232.3,1235.949,1239.598,1248.841,1256.868,1000,1267.084,1263.193,1260.76,1263.193,1265.625,1270.976,1279.733,1284.598,1290.436,1294.328,1294.328,1301.139,1305.517,1315.247,1208.599,1209.093,1209.283,1210.317,1210.864,1211.351,1211.898,1213.844,1215.03,1216.307,1217.219,1218.983,1219.287,1220.077,1222.814,1226.584,1229.138,1232.908,1235.584,1237.408,1239.354,1241.787,1243.003,1247.382,1250.787,1253.949,1259.544,1265.868,1272.436,1278.76,1285.085,1287.517,1298.22,1301.139,1307.95,1311.842,1317.68,1322.058,1330.815,1224.015,1224.129,1224.722,1225.071,1225.581,1225.778,1227.192,1227.922,1228.378,1230.354,1232.543,1234.854,1236.496,1239.354,1241.422,1243.976,1246.409,1248.476,1252.49,1254.922,1258.571,1261.733,1266.355,1268.787,1275.112,1278.517,1282.652,1287.031,1292.382,1295.788,1306.49,1330.328,1000,1000,1000,1000,1000,1254.192,1252.672,1248.354,1000,1000,1000,1000,1294.206,1293.842,1287.274,1000,1000,1280.524,1276.723,1000,1000,1000,1000,1000,1000,1000,1000,1000,1000,1000,1000,1000,1000,1000,1265.747,1271.949,1276.328,1277.301,1279.004,1283.139,1286.301,1290.679,1295.544,1302.112,1309.896,1317.193,1322.058,1326.437,1333.248,1339.085,1345.896,1349.788,1356.113,1254.96,1255.264,1255.675,1256.366,1257.127,1257.932,1259.513,1261.733,1263.193,1264.895,1266.537,1268.544,1270.733,1274.017,1275.476,1278.274,1280.95,1284.112,1290.193,1293.355,1299.923,1302.355,1309.653,1313.788,1319.139,1325.464,1330.815,1338.599,1342.977,1347.842,1350.761,1362.437,1373.626,1000,1000,1000,1000,1152.272,1152.272,1151.299,1151.299,1149.353,1153.245,1149.353,1147.407,1139.623,1134.272,1127.948,1123.083,1118.704,1116.029,1111.164,1107.758,1105.326,1104.109,1102.163,1100.947,1100.461,1099.731,1098.515,1097.542,1098.515,1096.812,1096.326,1096.812,1097.542,1097.542,1099.245,1100.947,1102.65,1104.596,1105.812,1108.488,1110.434,1113.839,1116.029,1120.164,1123.083,1125.515,1126.975,1131.353,1133.786,1138.65,1136.704,1143.029,1145.461,1144.975,1147.407,1151.299,1142.056,1144.975,1145.461,1145.461,1148.38,1157.137,1158.11,1160.056,1163.948,1152.272,1000,1000,1000,1350.974,1351.027,1351.088,1000,1351.21,1351.339,1351.339,1350.503,1000,1000,1198.489,1185.11,1185.11,1183.894,1181.462,1180.246,1000,1000,1000,1000,1000,1000,1000,1000,1000,1000,1000,1000,1252.003,1234.003,1225.246,1223.3,1222.327,1228.165,1252.976,1000,1000,1000,1000,1000,1000,1000,1000,1000,1000,1000,1000,1000,1000,1000,1000,1000,1000,1000,1162.245,1160.299,1158.475,1158.11,1157.38,1163.462,1000,1000,1000,1000,1000,1448.06,1459.249,1472.384,1477.736,1487.952,1000,1000,1000,1000,1000,1000,1000,1430.668,1431.397,1428.722,1433.587,1441.857,1000,1000,1000,1000,1000,1000,1000,1000,1000,1000,1000,1000,1000,1000,1000,1000,1000,1000,1000,1000,1000,1000,1000,1000,1000,1000,1000,1000,1000,1000,1000,1000,1000,1000,1000,1000,1000,1000,1000,1000,1000,1000,1000,1000,1487.937,1489.138,1492.3,1492.118,1490.78,1490.476,1489.26,1487.937,1486.949,1580.872,1555.088,1541.953,1526.385,1510.088,1500.115,1489.898,1481.385,1475.06,1000,1468.492,1468.249,1465.634,1465.239,1469.222,1474.087,1477.979,1491.844,1498.412,1489.898,1000,1000,1000,1619.792,1609.21,1605.501,1599.845,1000,1000,1000,1000,1000,1000,1000,1000,1000,1000,1000,1000,1000,1000,1000,1000,1000,1000,1000,1000,1000,1000,1000,1000,1000,1000,1000,1000,1000,1000,1000,1000,1000,1000,1000,1000,1000,1595.558,1592.571,1591.803,1683.036,1667.954,1647.035,1633.9,1617.603,1605.683,1594.981,1584.156,1576.798,1570.899,1568.467,1565.776,1564.978,1564.37,1644.603,1000,1610.548,1598.873,1579.17,1566.764,1558.494,1550.406,1546.818,1542.531,1541.375,1539.292,1537.962,1634.386,1612.494,1584.278,1563.115,1549.98,1544.142,1535.872,1531.25,1525.412,1519.574,1514.284,1000,1510.11,1605.197,1594.008,1581.359,1573.088,1564.818,1546.818,1533.439,1523.466,1511.182,1503.763,1499.81,1493.668,1489.381,1487.428,1486.759,1567.737,1560.926,1551.196,1532.709,1517.628,1505.466,1496.709,1485.276,1481.02,1478.344,1474.452,1468.006,1465.452,1461.894,1459.796,1459.363,1544.385,1527.845,1518.601,1504.006,1484.547,1477.249,1467.52,1457.303,1451.1,1446.175,1442.708,1438.908,1437.038,1436.088,1528.331,1510.331,1499.141,1492.817,1488.925,1483.087,1469.222,1452.438,1441.37,1430.303,1424.222,1420.482,1418.931,1000,1000,1000,1000,1000,1000,1000,1000,1000,1000,1000,1000,1000,1000,1000,1000,1000,1000,1000,1000,1000,1000,1000,1000,1000,1000,1000,1000,1000,1000,1000,1000
1000,1000,1000,1000,1000,1000,1000,1000,1000,1000,1000,1000,1000,1000,1000,1000,1198.489,1200.8,1200.8,1203.232,1202.867,1207.732,1216.003,1221.111,1222.327,1230.354,1233.76,1233.76,1240.327,1249.571,1250.057,1254.922,1263.679,1268.057,1271.949,1287.517,1296.76,1303.571,1192.993,1193.153,1193.107,1193.404,1193.86,1194.552,1195.54,1197.242,1197.759,1198.641,1199.219,1200.07,1200.496,1202.928,1204.813,1207.489,1210.651,1213.205,1215.273,1217.705,1219.043,1222.327,1224.273,1227.922,1231.084,1237.652,1240.814,1248.841,1251.517,1263.193,1259.787,1256.868,1255.409,1260.76,1262.22,1267.084,1276.328,1283.625,1288.49,1292.382,1294.328,1300.166,1303.085,1312.328,1208.485,1208.918,1209.032,1209.922,1210.423,1210.53,1211.229,1212.658,1214.604,1215.638,1217.462,1218.496,1218.496,1218.983,1221.841,1225.489,1228.773,1232.908,1236.071,1236.922,1238.381,1240.327,1241.787,1245.679,1249.571,1253.219,1257.598,1262.949,1269.517,1274.868,1281.679,1289.463,1298.22,1300.166,1307.95,1312.815,1315.734,1322.058,1331.788,1223.977,1224.091,1224.6,1224.927,1225.231,1225.406,1226.675,1227.77,1228.378,1230.598,1233.516,1235.098,1236.253,1238.625,1241.057,1242.881,1245.192,1247.625,1252.49,1254.436,1257.355,1261.247,1265.139,1267.571,1273.166,1276.571,1279.247,1284.112,1287.031,1290.923,1302.112,1000,1000,1000,1000,1000,1000,1255.895,1251.213,1246.773,1000,1000,1000,1296.639,1291.166,1291.896,1289.342,1287.274,1284.051,1280.281,1276.267,1000,1000,1000,1000,1000,1000,1000,1000,1000,1000,1000,1000,1000,1000,1000,1266.72,1271.463,1275.112,1277.301,1279.49,1281.922,1286.301,1289.463,1296.274,1302.599,1312.328,1315.247,1324.004,1326.437,1333.248,1337.139,1343.95,1348.815,1356.113,1254.922,1255.188,1255.621,1256.29,1257.02,1257.811,1259.361,1260.73,1262.098,1264.409,1266.233,1268.24,1268.848,1271.463,1274.382,1276.693,1279.612,1283.625,1287.517,1292.382,1299.193,1303.571,1309.653,1312.572,1317.68,1321.572,1325.95,1335.193,1342.004,1346.869,1351.734,1363.41,1369.734,1000,1000,1000,1000,1152.272,1150.326,1149.353,1148.38,1147.407,1145.461,1142.056,1139.623,1134.272,1128.921,1123.083,1121.137,1116.029,1112.38,1108.488,1106.542,1104.109,1102.163,1100.947,1099.731,1099.245,1098.028,1096.812,1096.326,1096.326,1095.353,1094.623,1095.839,1095.353,1095.839,1098.028,1099.731,1101.677,1103.38,1105.326,1107.028,1109.218,1111.164,1113.839,1116.758,1118.704,1121.623,1124.056,1126.975,1131.839,1137.677,1139.623,1142.056,1142.056,1140.596,1144.002,1148.38,1144.975,1148.38,1151.299,1152.272,1154.218,1162.002,1164.921,1163.948,1161.029,1000,1000,1000,1000,1350.693,1350.579,1350.776,1000,1351.027,1350.868,1351.803,1000,1000,1000,1197.03,1185.84,1187.543,1187.056,1186.327,1187.056,1000,1000,1000,1000,1000,1000,1000,1000,1000,1000,1000,1000,1237.895,1226.219,1220.381,1218.435,1219.408,1227.192,1000,1000,1000,1000,1000,1000,1000,1000,1000,1000,1000,1000,1000,1000,1000,1000,1000,1000,1000,1000,1163.462,1161.88,1160.664,1161.029,1159.934,1169.786,1000,1000,1000,1000,1430.303,1442.465,1449.519,1462.168,1473.357,1483.087,1000,1000,1000,1000,1000,1000,1000,1000,1000,1000,1000,1000,1000,1000,1000,1000,1000,1000,1000,1000,1000,1000,1000,1000,1000,1000,1000,1000,1000,1000,1000,1000,1000,1000,1000,1000,1000,1000,1000,1000,1000,1000,1000,1000,1000,1000,1000,1000,1000,1000,1000,1000,1000,1000,1000,1000,1488.804,1490.78,1492.695,1493.486,1491.236,1490.932,1489.381,1488.021,1486.721,1576.98,1553.142,1542.926,1524.926,1512.52,1503.033,1492.331,1483.087,1478.709,1473.479,1470.013,1469.77,1466.242,1465.634,1471.959,1475.79,1483.939,1491.358,1499.385,1489.898,1000,1000,1000,1617.116,1608.116,1604.042,1598.568,1597.565,1000,1000,1000,1000,1000,1000,1000,1000,1000,1000,1000,1000,1000,1000,1000,1000,1000,1000,1000,1000,1000,1000,1000,1000,1000,1000,1000,1000,1000,1000,1000,1000,1000,1000,1000,1000,1000,1591.955,1683.036,1675.738,1661.144,1639.738,1629.035,1615.656,1603.981,1591.21,1582.332,1574.061,1569.957,1567.463,1566.034,1564.924,1564.522,1000,1624.17,1608.116,1600.332,1577.953,1567.737,1556.912,1549.554,1545.845,1542.014,1540.22,1539.079,1537.787,1619.305,1596.927,1575.521,1556.791,1548.277,1544.142,1534.047,1530.764,1526.385,1520.365,1516.23,1000,1510.437,1509.958,1601.305,1583.305,1576.494,1565.791,1544.872,1530.277,1519.088,1507.898,1501.088,1498.108,1492.878,1489.625,1487.557,1486.873,1568.71,1553.142,1539.52,1523.953,1509.358,1502.547,1494.52,1487.466,1483.087,1479.439,1473.844,1468.736,1464.692,1462.016,1459.705,1557.521,1542.439,1532.709,1518.601,1509.358,1494.763,1486.736,1471.168,1460.1,1452.438,1446.661,1442.708,1439.029,1437.266,1436.049,1524.926,1504.493,1492.817,1485.52,1480.168,1474.817,1463.141,1449.276,1439.546,1431.397,1425.255,1420.695,1000,1000,1000,1000,1000,1000,1000,1000,1000,1000,1000,1000,1000,1000,1000,1000,1000,1000,1000,1000,1000,1000,1000,1000,1000,1000,1000,1000,1000,1000,1000,1000,1000
1000,1000,1000,1000,1000,1000,1000,1000,1000,1000,1000,1000,1000,1000,1000,1000,1000,1201.165,1202.016,1202.016,1203.719,1209.192,1216.489,1220.381,1227.192,1233.03,1235.949,1235.949,1243.246,1250.057,1254.436,1259.301,1268.057,1270.976,1270.976,1282.652,1288.49,1296.76,1192.727,1193.031,1193.153,1193.647,1194.179,1194.856,1196.057,1197.242,1198.094,1198.641,1199.644,1200.253,1200.739,1202.624,1204.509,1207.246,1209.557,1212.111,1214.057,1217.705,1219.043,1221.841,1224.273,1228.895,1231.084,1237.652,1241.3,1249.571,1251.03,1259.787,1258.328,1254.436,1252.49,1257.355,1259.301,1263.679,1274.868,1284.598,1290.436,1294.328,1296.274,1300.166,1302.112,1309.409,1208.409,1208.766,1209.032,1210.013,1210.423,1210.636,1211.624,1212.962,1214.026,1215.395,1216.976,1218.192,1218.192,1218.739,1220.928,1224.76,1226.949,1230.841,1233.76,1234.246,1236.922,1239.354,1242.517,1245.679,1250.787,1252.49,1256.382,1259.544,1267.084,1272.436,1279.247,1287.517,1296.274,1299.193,1304.058,1309.896,1313.788,1322.058,1330.815,1224.053,1224.129,1224.539,1224.851,1225.231,1225.231,1226.098,1227.055,1227.77,1229.989,1233.273,1235.098,1236.253,1238.381,1241.057,1242.517,1244.706,1246.773,1251.152,1251.152,1253.949,1257.355,1262.22,1265.139,1272.436,1276.571,1279.977,1283.625,1285.571,1290.436,1299.68,1000,1000,1000,1000,1000,1000,1258.814,1251.821,1000,1000,1000,1000,1294.571,1290.801,1291.166,1289.342,1288.612,1284.902,1281.193,1277.362,1000,1000,1000,1000,1000,1000,1000,1000,1000,1000,1000,1000,1000,1000,1000,1266.72,1268.544,1273.652,1275.598,1278.517,1280.706,1283.625,1288.004,1294.085,1301.139,1311.355,1315.247,1323.031,1324.004,1330.328,1332.275,1340.058,1344.923,1357.086,1254.922,1255.188,1255.568,1256.131,1256.625,1257.233,1258.753,1260.03,1261.49,1263.436,1265.443,1266.78,1268.848,1271.463,1274.017,1276.328,1279.125,1284.112,1288.49,1292.869,1298.707,1301.869,1307.707,1309.653,1315.247,1322.058,1328.383,1333.248,1340.545,1344.923,1348.815,1361.464,1370.707,1000,1000,1000,1000,1151.299,1152.272,1147.407,1150.326,1146.434,1144.975,1137.677,1135.245,1127.948,1124.056,1119.677,1116.758,1113.109,1110.434,1106.542,1105.326,1102.65,1101.677,1099.731,1099.245,1098.028,1097.542,1096.326,1095.839,1095.353,1094.136,1093.65,1093.65,1093.163,1093.65,1095.839,1098.028,1100.461,1102.65,1104.596,1106.542,1107.758,1109.218,1111.65,1113.839,1116.029,1118.704,1121.137,1125.029,1129.407,1000,1142.056,1145.461,1143.029,1145.461,1145.461,1150.326,1144.975,1147.407,1148.38,1149.353,1149.353,1160.056,1164.921,1164.921,1160.056,1000,1000,1000,1000,1350.868,1350.868,1351.088,1351.415,1351.803,1351.719,1352.92,1000,1000,1000,1196.3,1184.381,1185.84,1185.11,1183.894,1184.381,1000,1000,1000,1000,1000,1157.016,1000,1000,1000,1000,1000,1000,1227.192,1220.381,1216.489,1214.057,1214.057,1223.3,1000,1000,1000,1000,1000,1000,1000,1000,1000,1000,1000,1000,1000,1000,1000,1000,1000,1000,1000,1000,1157.745,1158.11,1157.38,1157.38,1157.745,1168.813,1000,1000,1000,1000,1000,1000,1000,1467.033,1485.033,1496.709,1508.871,1000,1000,1000,1000,1000,1000,1000,1000,1000,1000,1000,1000,1000,1000,1000,1000,1000,1000,1000,1000,1000,1000,1000,1000,1000,1000,1000,1000,1000,1000,1000,1000,1000,1000,1000,1000,1000,1000,1000,1000,1000,1000,1000,1000,1000,1000,1000,1000,1000,1000,1000,1000,1000,1000,1000,1000,1489.898,1492.3,1493.304,1491.601,1491.084,1489.625,1487.861,1486.759,1578.926,1555.088,1543.899,1524.926,1513.25,1501.331,1492.817,1481.871,1478.344,1472.263,1468.979,1469.222,1467.094,1465.634,1472.871,1476.155,1481.02,1487.952,1497.196,1485.641,1000,1000,1000,1617.116,1608.846,1603.19,1597.778,1596.501,1000,1000,1000,1000,1000,1000,1000,1000,1000,1000,1000,1000,1000,1000,1000,1000,1000,1000,1000,1000,1000,1000,1000,1000,1000,1000,1000,1000,1000,1000,1000,1000,1000,1000,1000,1000,1000,1591.651,1677.198,1673.792,1661.144,1640.224,1627.576,1615.17,1603.494,1592.183,1582.697,1573.818,1569.957,1567.6,1566.43,1565.266,1564.788,1655.792,1635.846,1616.386,1602.764,1581.359,1568.71,1557.277,1549.554,1546.088,1542.348,1540.493,1538.791,1537.962,1000,1000,1000,1558.494,1547.791,1540.98,1531.98,1528.939,1523.466,1519.331,1516.23,1512.976,1510.597,1510.072,1601.305,1587.197,1576.494,1565.791,1544.872,1532.709,1517.628,1509.115,1000,1500.115,1493.304,1490.324,1487.861,1486.873,1570.656,1548.277,1534.656,1518.115,1506.682,1500.115,1494.033,1489.412,1483.452,1477.614,1470.56,1467.094,1463.536,1461.56,1459.895,1459.325,1546.331,1530.764,1518.115,1504.006,1491.358,1481.628,1468.979,1457.303,1450.735,1445.627,1441.34,1000,1000,1000,1528.331,1514.223,1496.709,1488.925,1485.033,1474.33,1460.709,1450.735,1440.519,1431.762,1425.803,1420.299,1418.627,1000,1000,1000,1000,1000,1000,1000,1000,1000,1000,1000,1000,1000,1000,1000,1000,1000,1000,1000,1000,1000,1000,1000,1000,1000,1000,1000,1000,1000,1000,1000,1000
1000,1000,1000,1000,1000,1000,1000,1000,1000,1000,1000,1000,1000,1000,1000,1000,1000,1000,1201.165,1202.016,1204.57,1208.219,1216.976,1218.678,1225.976,1229.868,1236.679,1235.949,1245.679,1249.571,1254.922,1257.355,1265.625,1269.031,1273.895,1283.625,1290.436,1295.788,1192.727,1192.955,1193.107,1193.464,1194.095,1194.643,1195.92,1196.786,1197.759,1198.276,1199.219,1199.462,1200.496,1202.381,1205.361,1208.219,1211.381,1214.057,1216.003,1219.53,1222.327,1225.246,1227.922,1232.3,1234.733,1238.868,1243.49,1251.03,1253.949,1257.355,1255.409,1251.517,1250.301,1255.409,1257.355,1263.193,1274.868,1285.571,1290.436,1297.247,1299.193,1304.058,1305.517,1312.328,1208.409,1208.721,1208.971,1209.663,1210.423,1210.317,1211.351,1212.506,1213.479,1214.604,1216.489,1217.462,1217.949,1218.739,1220.685,1224.395,1226.219,1229.625,1231.571,1231.571,1234.611,1237.408,1240.814,1245.192,1250.787,1253.949,1257.598,1261.003,1268.057,1273.895,1280.22,1289.463,1296.274,1300.166,1303.085,1307.95,1311.842,1322.058,1327.896,1224.053,1224.129,1224.334,1224.539,1224.851,1224.995,1225.778,1227.055,1227.922,1229.777,1232.3,1233.76,1235.098,1235.949,1239.354,1239.963,1242.881,1244.706,1249.814,1250.179,1255.409,1258.571,1262.949,1266.355,1272.436,1275.112,1276.571,1280.706,1283.625,1287.031,1295.788,1000,1000,1000,1000,1000,1000,1000,1251.517,1000,1000,1000,1000,1293.842,1291.166,1291.896,1291.531,1290.801,1287.274,1281.436,1277.544,1000,1000,1000,1000,1000,1000,1000,1000,1000,1000,1000,1000,1000,1000,1000,1264.409,1266.72,1271.949,1274.139,1276.814,1280.706,1283.625,1286.787,1292.139,1300.652,1312.328,1316.22,1322.058,1322.058,1329.356,1331.302,1338.112,1342.977,1356.113,1254.96,1255.188,1255.568,1255.918,1256.716,1256.914,1258.328,1259.666,1261.307,1262.767,1264.895,1266.537,1267.632,1269.76,1272.557,1275.476,1279.125,1283.625,1286.544,1291.896,1295.058,1302.355,1305.761,1307.707,1312.572,1319.626,1325.95,1331.788,1338.599,1344.923,1352.707,1361.464,1366.329,1000,1000,1000,1000,1148.38,1151.299,1152.272,1149.353,1147.407,1143.029,1136.218,1129.407,1125.029,1121.623,1118.218,1114.569,1110.434,1107.758,1104.596,1102.65,1101.677,1099.731,1098.515,1097.542,1096.812,1095.839,1094.623,1094.136,1093.163,1091.947,1091.461,1091.947,1091.461,1092.677,1094.136,1096.326,1098.515,1100.947,1102.65,1104.109,1105.812,1107.758,1109.704,1111.164,1113.839,1116.029,1117.245,1120.164,1124.056,1000,1132.813,1138.65,1137.677,1141.083,1145.461,1145.461,1143.029,1146.434,1149.353,1153.245,1157.137,1162.975,1168.813,1168.813,1000,1000,1000,1000,1451.465,1350.389,1350.541,1000,1351.21,1352.373,1352.175,1352.92,1000,1000,1215.516,1197.759,1182.678,1183.894,1184.381,1185.11,1183.894,1000,1000,1000,1000,1000,1154.948,1161.029,1000,1000,1000,1000,1000,1226.219,1217.462,1218.435,1214.057,1215.516,1226.219,1000,1000,1000,1152.204,1000,1000,1000,1000,1000,1000,1000,1000,1000,1000,1000,1000,1000,1392.425,1000,1000,1159.934,1157.38,1155.678,1154.948,1157.745,1163.462,1000,1000,1000,1000,1000,1000,1000,1462.168,1000,1000,1000,1000,1000,1000,1000,1000,1000,1000,1000,1000,1000,1000,1000,1000,1000,1000,1000,1000,1000,1000,1000,1000,1000,1000,1000,1000,1000,1000,1000,1000,1000,1000,1000,1000,1000,1000,1000,1000,1000,1000,1000,1000,1000,1000,1000,1000,1000,1000,1000,1000,1000,1000,1000,1000,1000,1000,1000,1488.287,1490.78,1492.118,1492.118,1490.932,1489.625,1487.633,1486.569,1570.656,1554.115,1541.953,1523.953,1513.25,1504.979,1490.871,1483.087,1479.803,1474.087,1469.222,1470.56,1466.851,1464.874,1469.222,1475.06,1477.614,1486.128,1495.493,1489.898,1000,1000,1000,1612.129,1607.143,1603.737,1597.96,1598.568,1000,1000,1000,1000,1000,1000,1000,1000,1000,1000,1000,1000,1000,1000,1000,1000,1000,1000,1000,1000,1000,1000,1000,1000,1000,1000,1000,1000,1000,1000,1000,1000,1000,1000,1000,1000,1000,1686.928,1678.171,1670.873,1661.144,1642.17,1629.035,1613.711,1600.089,1588.17,1578.926,1572.176,1568.619,1567.099,1565.951,1565.266,1564.522,1651.9,1624.17,1605.683,1593.278,1581.359,1568.71,1560.075,1549.554,1545.602,1541.223,1539.612,1538.228,1000,1000,1000,1000,1560.683,1549.494,1541.953,1534.534,1530.764,1523.77,1520.608,1517.932,1513.113,1510.49,1509.996,1596.927,1579.413,1569.196,1553.629,1535.872,1522.736,1512.52,1505.588,1502.06,1497.256,1492.695,1489.761,1487.633,1486.569,1567.737,1542.926,1530.277,1519.088,1508.628,1500.115,1494.52,1491.844,1483.939,1476.155,1470.56,1467.337,1462.518,1460.534,1459.705,1555.575,1538.547,1522.98,1515.196,1500.115,1492.817,1486.006,1472.871,1458.884,1453.898,1447.208,1442.1,1439.577,1438.315,1436.164,1525.899,1512.277,1493.79,1483.087,1478.709,1467.763,1456.573,1449.762,1441.37,1433.222,1427.81,1422.093,1418.323,1415.7,1414.682,1508.871,1000,1000,1000,1000,1000,1000,1000,1000,1000,1000,1000,1000,1000,1000,1000,1000,1000,1000,1000,1000,1000,1000,1000,1000,1000,1000,1000,1000,1000
1000,1000,1000,1000,1000,1000,1000,1000,1000,1000,1000,1000,1000,1000,1000,1000,1000,1000,1203.232,1205.422,1207.246,1208.705,1215.273,1217.462,1222.814,1228.408,1234.49,1235.219,1244.706,1251.03,1254.436,1256.868,1265.625,1270.003,1275.841,1285.571,1294.815,1298.707,1192.803,1192.955,1193.153,1193.586,1194.179,1194.354,1195.783,1196.634,1197.577,1197.911,1199.219,1199.644,1200.739,1202.381,1204.813,1207.489,1209.557,1212.841,1214.057,1219.043,1222.814,1226.219,1227.922,1232.787,1233.516,1236.435,1241.3,1247.382,1251.517,1258.328,1249.571,1248.111,1246.652,1253.949,1256.868,1262.22,1270.49,1281.679,1287.517,1295.301,1299.193,1305.517,1305.517,1308.436,1208.257,1208.599,1208.766,1209.427,1210.119,1210.21,1211.351,1212.81,1213.145,1214.604,1215.638,1216.307,1217.219,1218.192,1219.834,1223.057,1224.76,1227.679,1230.354,1230.841,1234.246,1236.922,1240.327,1244.463,1251.517,1253.949,1257.598,1262.22,1268.057,1274.868,1282.652,1293.842,1297.247,1304.058,1305.031,1309.896,1312.815,1322.058,1330.815,1224.015,1224.091,1224.433,1224.6,1224.782,1225.071,1225.991,1226.675,1227.922,1229.412,1231.631,1232.787,1234.854,1235.949,1239.354,1241.422,1244.341,1245.922,1249.814,1250.665,1254.436,1256.382,1260.03,1264.652,1270.003,1272.436,1275.112,1279.247,1281.436,1283.625,1290.923,1000,1000,1000,1000,1000,1000,1000,1254.922,1000,1000,1000,1000,1295.423,1291.896,1291.531,1291.896,1291.896,1288.977,1283.504,1278.639,1000,1000,1000,1000,1000,1000,1000,1000,1000,1000,1000,1000,1000,1000,1000,1263.557,1265.747,1268.057,1270.976,1273.652,1277.787,1277.787,1284.355,1291.409,1299.193,1307.463,1313.788,1320.599,1320.599,1326.437,1329.356,1336.167,1343.95,1358.059,1254.96,1255.264,1255.621,1255.986,1256.29,1256.823,1258.191,1259.209,1260.912,1262.341,1264.166,1265.99,1267.632,1269.76,1272.193,1276.328,1278.274,1283.139,1286.544,1291.896,1295.058,1299.193,1303.571,1307.707,1313.301,1317.68,1325.95,1330.815,1339.572,1344.923,1351.734,1359.518,1366.329,1000,1000,1000,1146.434,1147.407,1151.299,1150.326,1153.245,1147.407,1143.029,1134.272,1127.948,1122.596,1118.704,1115.299,1111.65,1108.488,1105.812,1103.38,1101.677,1100.461,1099.245,1097.542,1096.812,1095.353,1094.136,1093.163,1092.677,1091.461,1090.974,1090.001,1090.001,1090.001,1091.461,1093.65,1095.839,1098.028,1099.731,1101.677,1102.65,1104.109,1105.812,1107.758,1108.488,1111.164,1113.109,1113.839,1116.029,1120.164,1000,1131.353,1136.704,1136.704,1138.65,1144.975,1144.975,1145.461,1148.38,1151.299,1154.218,1159.083,1162.975,1167.84,1166.867,1000,1000,1000,1000,1431.519,1432.492,1441.735,1350.313,1350.465,1351.977,1352.692,1353.68,1000,1000,1208.219,1193.381,1183.894,1185.84,1186.327,1190.948,1197.03,1000,1000,1000,1000,1000,1155.921,1162.245,1159.934,1000,1000,1000,1000,1000,1217.462,1221.354,1217.462,1217.462,1227.192,1000,1000,1000,1000,1152.204,1000,1000,1000,1000,1000,1000,1000,1000,1000,1000,1000,1391.368,1391.839,1000,1000,1000,1158.11,1157.016,1156.286,1159.57,1000,1000,1000,1000,1000,1000,1000,1000,1457.79,1000,1000,1000,1414.72,1000,1000,1000,1000,1000,1000,1000,1000,1000,1000,1000,1000,1000,1000,1000,1000,1000,1000,1000,1000,1000,1000,1000,1000,1000,1000,1000,1000,1000,1000,1000,1000,1000,1000,1000,1000,1000,1000,1000,1000,1000,1000,1000,1000,1000,1000,1000,1000,1000,1000,1000,1000,1000,1000,1000,1000,1490.324,1491.084,1490.78,1489.381,1488.021,1487.04,1577.953,1559.953,1550.223,1540.493,1525.899,1515.439,1503.52,1487.466,1478.344,1473.844,1469.526,1466.425,1468.006,1465.817,1464.509,1468.736,1476.52,1478.344,1486.128,1493.547,1489.898,1000,1000,1000,1607.386,1605.501,1601.062,1596.835,1595.862,1000,1000,1000,1000,1000,1000,1000,1000,1000,1000,1000,1000,1000,1000,1000,1000,1000,1000,1000,1000,1000,1000,1000,1000,1000,1000,1000,1000,1000,1000,1000,1000,1000,1000,1000,1000,1000,1591.651,1681.09,1670.873,1660.171,1644.603,1626.116,1613.711,1599.116,1589.021,1579.899,1572.602,1569.257,1567.737,1566.125,1565.266,1564.484,1645.576,1614.927,1597.413,1587.926,1578.44,1565.305,1557.642,1548.156,1544.507,1541.071,1539.079,1537.787,1000,1000,1588.17,1573.088,1560.683,1551.926,1540.007,1533.682,1527.48,1521.459,1517.689,1516.412,1511.638,1510.186,1608.116,1594.008,1575.521,1565.791,1545.358,1531.493,1518.115,1508.628,1503.398,1499.506,1494.094,1490.78,1488.804,1487.306,1582.818,1573.088,1546.331,1533.682,1520.547,1507.898,1497.682,1492.817,1487.466,1478.709,1473.479,1468.736,1465.634,1462.138,1460.184,1459.477,1547.304,1533.682,1520.547,1513.736,1498.655,1491.358,1480.168,1467.52,1459.736,1452.073,1447.208,1443.317,1439.303,1437.691,1436.24,1530.277,1513.25,1498.169,1479.195,1466.547,1457.06,1450.249,1445.141,1441.857,1435.046,1429.33,1421.668,1418.323,1415.138,1000,1000,1000,1000,1000,1000,1000,1000,1000,1000,1000,1000,1000,1000,1000,1000,1000,1000,1000,1000,1000,1000,1000,1000,1000,1000,1000,1000,1000,1000,1000
1000,1000,1000,1000,1000,1000,1000,1000,1000,1000,1000,1000,1000,1000,1000,1000,1000,1000,1000,1202.381,1205.057,1209.678,1214.786,1218.678,1224.76,1229.868,1234.49,1238.868,1245.679,1250.057,1253.463,1257.355,1261.733,1268.057,1274.868,1282.652,1290.436,1296.76,1192.689,1192.803,1193.031,1193.404,1193.86,1193.791,1194.856,1195.54,1196.193,1196.786,1198.276,1199.219,1200.253,1202.138,1204.813,1206.577,1208.462,1212.111,1214.057,1219.53,1224.273,1228.408,1229.625,1232.787,1232.3,1235.219,1240.084,1245.436,1251.03,1259.301,1252.976,1249.571,1248.111,1255.895,1258.328,1263.193,1270.49,1280.706,1285.571,1292.382,1296.274,1301.139,1303.085,1307.463,1315.247,1208.523,1208.812,1209.215,1209.838,1210.119,1211.107,1211.898,1212.658,1213.661,1215.212,1215.395,1216.307,1216.976,1218.496,1220.928,1223.422,1226.949,1229.625,1231.206,1233.76,1236.922,1239.841,1243.976,1249.571,1253.219,1256.868,1261.49,1268.057,1273.895,1280.22,1290.436,1293.842,1300.166,1301.139,1306.977,1308.923,1319.626,1324.977,1223.787,1223.901,1224.167,1224.243,1224.486,1224.995,1225.687,1226.675,1228.074,1229.594,1231.206,1233.03,1234.55,1235.402,1238.625,1241.057,1243.246,1246.409,1250.665,1251.638,1254.436,1256.868,1258.571,1262.949,1267.571,1273.166,1275.841,1279.977,1280.706,1284.112,1287.031,1299.68,1000,1000,1000,1000,1310.382,1000,1000,1248.354,1000,1000,1000,1298.463,1291.896,1292.26,1292.625,1294.571,1291.896,1285.754,1280.281,1000,1000,1000,1000,1000,1000,1000,1000,1000,1000,1000,1000,1000,1000,1000,1265.747,1267.571,1268.057,1271.463,1273.652,1277.301,1280.22,1285.085,1289.463,1295.544,1306.49,1312.815,1319.626,1320.599,1326.437,1330.328,1338.112,1345.896,1358.059,1254.998,1255.264,1255.621,1256.062,1256.45,1257.02,1258.191,1258.905,1260.365,1261.916,1263.436,1265.199,1266.537,1269.76,1272.922,1276.693,1279.125,1284.112,1286.058,1290.679,1294.085,1298.707,1304.301,1308.193,1311.112,1316.707,1323.518,1329.356,1337.626,1345.896,1352.707,1357.572,1364.383,1000,1000,1000,1145.461,1146.434,1149.353,1148.38,1150.326,1147.407,1142.056,1133.786,1125.029,1118.704,1114.569,1111.164,1109.218,1106.542,1104.596,1102.163,1100.947,1099.245,1098.028,1095.839,1094.623,1093.163,1092.677,1090.974,1090.974,1090.001,1090.001,1089.515,1090.001,1090.001,1091.461,1093.65,1095.353,1096.812,1098.515,1099.731,1100.947,1102.65,1104.109,1105.812,1107.028,1109.218,1110.434,1111.65,1114.569,1118.704,1123.083,1130.38,1136.704,1133.786,1138.65,1136.704,1140.596,1144.002,1148.38,1146.434,1152.272,1155.191,1157.137,1158.11,1158.11,1000,1000,1000,1000,1428.6,1433.465,1435.411,1452.438,1350.275,1351.339,1352.266,1354.41,1000,1000,1211.138,1190.219,1180.975,1181.462,1182.678,1185.11,1195.57,1000,1000,1000,1000,1000,1154.34,1158.475,1000,1000,1000,1000,1000,1000,1213.084,1215.516,1215.03,1215.03,1224.273,1000,1000,1000,1000,1000,1244.706,1000,1000,1000,1000,1000,1000,1000,1000,1000,1000,1391.216,1000,1000,1000,1159.934,1157.745,1155.921,1156.286,1158.84,1000,1000,1000,1000,1000,1000,1000,1000,1000,1000,1000,1000,1000,1000,1000,1415.776,1000,1000,1000,1000,1000,1000,1000,1000,1000,1000,1000,1000,1000,1000,1000,1000,1000,1000,1000,1000,1000,1000,1000,1000,1000,1000,1000,1000,1000,1000,1000,1000,1000,1000,1000,1000,1000,1000,1000,1000,1000,1000,1000,1000,1000,1000,1000,1000,1000,1000,1000,1000,1000,1489.503,1490.628,1490.932,1490.172,1487.937,1487.139,1575.034,1551.196,1532.709,1529.791,1513.979,1505.466,1000,1000,1471.411,1467.52,1464.692,1463.232,1465.057,1464.874,1464.357,1467.763,1473.844,1474.087,1478.709,1484.79,1484.79,1000,1000,1000,1603.433,1601.062,1597.383,1594.981,1595.406,1000,1000,1000,1000,1000,1000,1000,1000,1000,1000,1000,1000,1000,1000,1000,1000,1000,1000,1000,1000,1000,1000,1000,1000,1000,1000,1000,1000,1000,1000,1000,1000,1000,1000,1000,1000,1000,1591.575,1680.117,1671.846,1652.387,1639.738,1621.981,1608.602,1594.981,1588.17,1578.561,1572.845,1569.957,1567.874,1565.951,1565.084,1653.846,1631.954,1607.629,1594.008,1585.251,1579.656,1569.196,1560.926,1550.71,1545.845,1540.919,1539.079,1537.506,1000,1603.737,1585.251,1571.142,1562.629,1553.629,1541.953,1537.21,1528.939,1523.466,1519.331,1516.655,1511.464,1510.034,1597.9,1585.251,1567.737,1556.061,1539.764,1529.791,1518.601,1509.844,1507.412,1502.06,1497.013,1492.483,1489.898,1487.489,1581.845,1563.845,1542.926,1533.682,1522.007,1508.628,1501.331,1496.223,1490.385,1481.02,1477.979,1471.107,1467.337,1462.381,1460.313,1459.363,1546.331,1532.709,1522.493,1512.763,1494.277,1488.682,1000,1000,1457.668,1452.073,1446.661,1443.317,1439.029,1438.102,1436.354,1525.899,1509.358,1492.817,1472.141,1462.655,1451.952,1444.168,1439.546,1435.046,1429.695,1425.803,1421.303,1417.897,1000,1000,1000,1000,1000,1000,1000,1000,1000,1000,1000,1000,1000,1000,1000,1000,1000,1000,1000,1000,1000,1000,1000,1000,1000,1000,1000,1000,1000,1000,1000,1000
1000,1000,1000,1000,1000,1000,1000,1000,1000,1000,1000,1000,1000,1000,1000,1000,1000,1000,1000,1201.165,1205.057,1209.678,1216.003,1218.678,1226.462,1229.868,1232.3,1237.408,1243.246,1242.273,1248.598,1253.463,1255.895,1262.706,1271.949,1277.787,1287.517,1294.815,1192.651,1192.765,1192.917,1193.153,1193.525,1193.35,1194.27,1194.856,1195.783,1196.634,1199.036,1199.462,1200.739,1202.138,1204.813,1205.361,1207.246,1210.651,1212.111,1216.854,1222.327,1225.246,1226.949,1230.598,1230.598,1231.814,1236.435,1240.084,1248.111,1251.03,1251.517,1246.652,1249.571,1253.949,1259.301,1263.193,1271.949,1279.733,1284.598,1291.409,1296.274,1300.166,1305.517,1309.409,1316.22,1208.523,1208.865,1209.215,1209.838,1210.119,1210.986,1211.488,1212.05,1213.145,1214.786,1215.212,1216.733,1218.192,1219.834,1222.449,1224.395,1227.679,1229.989,1231.206,1233.273,1236.071,1238.381,1242.517,1248.354,1252.49,1258.328,1262.949,1269.517,1276.328,1282.652,1289.463,1292.869,1301.139,1301.139,1306.004,1309.896,1318.653,1319.626,1325.95,1331.788,1223.977,1224.129,1224.6,1225.155,1225.885,1226.432,1227.618,1228.712,1229.989,1231.875,1234.854,1235.949,1239.354,1241.422,1244.341,1247.138,1250.665,1251.638,1254.436,1256.382,1259.057,1264.652,1270.733,1279.247,1281.436,1286.544,1287.031,1290.923,1290.436,1302.112,1000,1000,1000,1316.22,1000,1000,1000,1252.672,1000,1000,1000,1302.599,1295.788,1294.206,1293.355,1294.571,1292.26,1284.598,1000,1000,1000,1000,1000,1000,1000,1000,1000,1000,1000,1000,1000,1000,1000,1000,1265.747,1265.382,1267.571,1270.976,1270.976,1275.112,1278.517,1284.355,1289.463,1294.085,1304.058,1309.896,1316.22,1319.626,1325.95,1329.356,1339.085,1346.869,1358.059,1254.96,1255.264,1255.469,1255.986,1256.366,1257.02,1257.811,1259.057,1260.03,1261.733,1263.436,1265.199,1266.78,1270.125,1273.287,1276.693,1279.125,1283.139,1285.571,1289.706,1291.166,1295.788,1299.923,1304.301,1308.923,1316.22,1322.058,1326.923,1336.167,1342.977,1349.788,1356.599,1369.734,1000,1000,1000,1147.407,1144.002,1148.38,1148.38,1149.353,1146.434,1142.056,1130.38,1123.083,1116.758,1112.38,1108.488,1106.542,1104.109,1102.163,1099.731,1098.515,1096.812,1096.326,1094.623,1093.65,1092.677,1091.461,1090.488,1090.001,1089.028,1089.028,1088.542,1089.028,1089.515,1090.488,1092.677,1094.136,1095.353,1096.812,1098.028,1099.245,1100.947,1102.65,1104.596,1105.812,1107.758,1108.488,1110.434,1113.109,1117.245,1121.137,1130.38,1138.65,1140.596,1146.434,1144.975,1145.461,1144.975,1148.38,1145.461,1149.353,1153.245,1155.191,1156.164,1153.245,1000,1000,1000,1000,1434.438,1434.438,1446.6,1350.503,1350.655,1351.483,1352.479,1352.798,1350.921,1000,1216.003,1192.894,1180.246,1180.246,1181.462,1184.381,1194.111,1000,1000,1000,1000,1000,1000,1159.205,1000,1000,1000,1000,1000,1000,1211.138,1217.462,1217.462,1218.435,1229.138,1000,1000,1000,1000,1000,1000,1000,1000,1000,1000,1000,1000,1000,1000,1000,1000,1000,1000,1000,1000,1159.57,1154.948,1153.124,1152.82,1154.948,1000,1000,1000,1000,1000,1000,1000,1000,1000,1000,1000,1000,1512.763,1414.758,1000,1415.138,1000,1000,1000,1000,1000,1000,1000,1000,1000,1000,1000,1000,1000,1000,1000,1000,1000,1000,1000,1000,1000,1000,1000,1000,1000,1000,1000,1000,1000,1000,1000,1000,1000,1000,1000,1000,1000,1000,1000,1000,1000,1000,1000,1000,1000,1000,1000,1000,1000,1000,1000,1000,1000,1000,1489.761,1490.78,1489.761,1487.861,1000,1000,1000,1000,1000,1000,1000,1000,1000,1465.057,1462.138,1462.016,1461.347,1463.384,1464.175,1464.175,1466.668,1472.567,1471.411,1476.52,1482.236,1485.641,1000,1000,1000,1604.589,1602.339,1598.386,1596.318,1000,1000,1000,1000,1000,1000,1000,1000,1000,1000,1000,1000,1000,1000,1000,1000,1000,1000,1000,1000,1000,1000,1000,1000,1000,1000,1000,1000,1000,1000,1000,1000,1000,1000,1000,1000,1000,1000,1688.874,1681.09,1672.819,1650.927,1644.603,1624.657,1612.494,1596.927,1590.724,1579.899,1574.305,1569.075,1567.22,1565.472,1564.712,1647.522,1630.008,1605.683,1592.548,1580.386,1574.548,1564.453,1556.548,1548.399,1544.689,1540.63,1538.707,1537.392,1625.63,1605.683,1587.683,1571.629,1563.845,1556.061,1541.466,1535.385,1528.209,1521.459,1516.838,1514.588,1511.053,1611.035,1592.062,1578.44,1563.359,1551.196,1535.872,1525.655,1518.115,1509.479,1505.223,1499.81,1494.763,1490.628,1488.697,1487.139,1577.953,1561.899,1542.926,1534.656,1519.088,1507.412,1499.385,1494.52,1487.101,1479.439,1476.885,1471.959,1468.006,1463.08,1460.389,1459.325,1538.547,1520.547,1513.736,1509.358,1488.682,1484.06,1000,1000,1453.898,1450.735,1446.175,1443.742,1439.166,1437.798,1436.354,1528.331,1510.331,1494.763,1469.952,1459.492,1450.249,1440.033,1437.843,1433.952,1000,1425.012,1422.336,1000,1000,1000,1000,1000,1000,1000,1000,1000,1000,1000,1000,1000,1000,1000,1000,1000,1000,1000,1000,1000,1000,1000,1000,1000,1000,1000,1000,1000,1000,1000,1000,1000
1000,1000,1000,1000,1000,1000,1000,1000,1000,1000,1000,1000,1000,1000,1000,1000,1000,1000,1000,1000,1204.084,1205.057,1209.192,1213.814,1220.381,1226.462,1233.03,1238.868,1244.706,1243.246,1246.165,1247.625,1250.057,1256.868,1270.003,1274.868,1287.517,1295.788,1192.689,1302.599,1192.841,1193.031,1193.35,1193.297,1194.27,1194.856,1195.54,1196.786,1198.641,1199.219,1200.496,1202.138,1203.962,1205.117,1207.489,1211.381,1212.841,1217.341,1222.327,1224.76,1226.949,1229.625,1230.111,1231.814,1234.733,1239.598,1248.111,1254.436,1255.895,1252.49,1251.03,1252.976,1259.787,1263.193,1269.517,1276.328,1280.706,1285.571,1291.409,1298.22,1306.49,1312.328,1208.219,1208.599,1208.812,1209.032,1209.504,1209.747,1210.423,1211.229,1211.898,1212.962,1214.786,1215.03,1216.489,1217.949,1219.834,1222.145,1225.125,1228.043,1231.206,1232.908,1234.246,1236.435,1237.408,1239.841,1246.165,1250.787,1256.382,1262.22,1268.057,1272.922,1278.76,1285.085,1289.463,1296.274,1300.166,1306.977,1312.815,1319.626,1322.058,1326.923,1223.787,1224.091,1224.243,1224.661,1225.231,1225.991,1226.554,1227.618,1228.53,1229.412,1231.388,1233.516,1235.098,1238.381,1239.963,1243.611,1246.409,1249.814,1251.638,1255.409,1256.868,1260.03,1265.139,1271.22,1275.841,1279.977,1283.625,1286.544,1288.004,1287.031,1299.68,1000,1000,1000,1000,1000,1000,1264.044,1256.26,1000,1000,1000,1000,1300.288,1296.274,1294.571,1295.423,1293.355,1286.058,1000,1000,1000,1000,1000,1000,1000,1000,1000,1000,1000,1000,1000,1000,1000,1000,1264.409,1266.233,1268.057,1269.517,1271.949,1275.598,1281.436,1284.355,1288.004,1294.815,1302.112,1309.896,1314.761,1317.68,1324.977,1328.383,1336.167,1343.95,1359.032,1254.922,1255.34,1255.621,1256.207,1256.45,1257.02,1257.689,1258.601,1259.513,1261.125,1262.767,1265.443,1267.389,1270.125,1272.557,1275.841,1278.76,1280.463,1284.112,1286.544,1291.896,1294.571,1299.923,1305.761,1311.842,1316.22,1321.572,1326.923,1335.193,1341.518,1349.788,1355.626,1364.383,1000,1000,1000,1146.434,1147.407,1150.326,1146.434,1148.38,1144.975,1142.056,1130.38,1124.056,1114.569,1109.704,1106.542,1104.596,1101.677,1099.731,1098.028,1096.326,1095.353,1094.623,1093.163,1091.947,1090.974,1090.001,1089.028,1088.542,1088.542,1088.542,1088.055,1088.542,1089.515,1090.488,1091.947,1094.136,1095.353,1096.326,1097.542,1097.542,1099.731,1101.677,1103.38,1104.109,1106.542,1106.542,1108.488,1110.434,1114.569,1120.164,1129.407,1136.704,1139.623,1144.002,1148.38,1149.353,1149.353,1152.272,1152.272,1153.245,1158.11,1159.083,1162.975,1000,1000,1000,1000,1417.897,1428.6,1429.573,1438.33,1350.313,1452.438,1350.776,1351.21,1351.271,1000,1000,1213.084,1193.381,1182.192,1181.462,1183.408,1188.273,1193.381,1000,1000,1000,1000,1000,1000,1000,1000,1000,1000,1000,1000,1212.111,1214.057,1219.408,1220.381,1220.381,1228.165,1000,1000,1000,1152.485,1152.052,1237.895,1209.678,1206.759,1000,1000,1000,1000,1000,1000,1000,1000,1000,1000,1000,1000,1161.516,1157.016,1154.948,1156.286,1157.38,1000,1000,1000,1000,1000,1000,1000,1000,1000,1000,1000,1000,1486.979,1000,1000,1000,1000,1000,1000,1000,1000,1000,1000,1000,1000,1000,1000,1000,1000,1000,1000,1000,1000,1000,1000,1000,1000,1000,1000,1000,1000,1000,1000,1000,1000,1000,1000,1000,1000,1000,1000,1000,1000,1000,1000,1000,1000,1000,1000,1000,1000,1000,1000,1000,1000,1000,1000,1000,1000,1000,1000,1000,1000,1000,1000,1000,1000,1000,1000,1000,1000,1000,1000,1000,1460.534,1461.043,1461.56,1462.928,1463.992,1464.874,1466.851,1472.263,1472.263,1477.614,1482.236,1487.952,1000,1000,1000,1603.737,1600.089,1597.383,1596.014,1000,1000,1000,1000,1000,1000,1000,1000,1000,1000,1000,1000,1000,1000,1000,1000,1000,1000,1000,1000,1000,1000,1000,1000,1000,1000,1000,1000,1000,1000,1000,1000,1000,1000,1000,1000,1000,1000,1000,1688.874,1673.792,1649.954,1648.008,1627.089,1612.494,1598.629,1589.021,1576.494,1571.933,1567.342,1565.951,1564.833,1656.765,1629.035,1614.927,1598.386,1586.467,1577.953,1574.061,1564.453,1553.994,1546.818,1543.899,1540.357,1538.228,1537.354,1620.278,1595.467,1576.494,1568.224,1557.277,1554.845,1540.493,1534.047,1525.412,1520.912,1516.23,1514.132,1510.909,1611.035,1587.197,1576.494,1559.467,1545.358,1530.277,1521.277,1513.371,1507.047,1502.06,1498.959,1494.094,1490.035,1488.591,1487.192,1580.872,1564.818,1546.331,1532.223,1516.898,1504.979,1497.196,1491.844,1485.641,1479.803,1477.979,1473.844,1468.736,1463.384,1460.534,1560.44,1527.845,1514.223,1506.925,1499.141,1484.06,1481.628,1000,1000,1457.668,1453.898,1448.06,1445.384,1441.006,1438.315,1436.445,1529.304,1506.439,1489.898,1467.276,1457.06,1448.06,1440.519,1439.546,1434.316,1430.06,1426.958,1423.249,1000,1000,1000,1000,1000,1000,1000,1000,1000,1000,1000,1000,1000,1000,1000,1000,1000,1000,1000,1000,1000,1000,1000,1000,1000,1000,1000,1000,1000,1000,1000,1000,1000
1000,1000,1000,1000,1000,1000,1000,1000,1000,1000,1000,1000,1000,1000,1000,1000,1000,1000,1000,1000,1204.084,1206.881,1208.705,1216.489,1221.597,1227.679,1233.76,1240.814,1243.246,1245.679,1249.571,1252.003,1252.49,1261.247,1270.976,1274.868,1286.544,1296.76,1303.571,1192.651,1192.917,1193.153,1193.464,1193.525,1194.354,1195.068,1195.783,1197.242,1198.641,1199.462,1200.496,1201.895,1203.172,1205.117,1206.577,1210.286,1212.476,1216.003,1218.678,1220.868,1223.3,1226.219,1227.435,1231.084,1235.219,1238.868,1244.706,1252.976,1254.436,1250.301,1248.841,1252.976,1256.868,1260.76,1266.111,1271.949,1276.328,1281.679,1287.517,1295.301,1304.058,1310.382,1317.193,1208.485,1208.721,1208.971,1209.215,1209.587,1210.119,1210.743,1211.229,1212.506,1214.026,1215.212,1216.489,1218.739,1220.928,1223.422,1225.854,1228.773,1232.422,1233.76,1234.611,1237.895,1239.354,1240.327,1246.165,1250.301,1253.949,1258.328,1262.949,1268.544,1272.436,1278.76,1284.112,1293.842,1299.193,1308.923,1313.788,1322.058,1321.085,1324.004,1329.842,1224.015,1224.205,1224.661,1225.231,1225.991,1226.432,1227.466,1228.378,1229.412,1231.388,1233.76,1235.645,1238.625,1240.692,1243.246,1246.409,1249.328,1250.179,1252.49,1253.463,1255.409,1259.544,1265.868,1273.166,1277.787,1282.166,1285.085,1287.031,1285.571,1000,1000,1000,1000,1000,1000,1000,1000,1000,1000,1000,1000,1000,1300.652,1295.423,1293.355,1292.625,1290.801,1000,1000,1000,1000,1000,1000,1000,1000,1000,1000,1000,1000,1000,1000,1000,1000,1000,1267.571,1267.206,1267.571,1269.517,1271.463,1274.139,1279.004,1283.625,1290.193,1292.625,1302.112,1305.031,1312.815,1314.761,1324.004,1328.383,1336.167,1345.896,1357.086,1254.96,1255.302,1255.469,1255.986,1256.29,1256.914,1257.568,1258.464,1259.513,1261.733,1262.524,1265.199,1267.936,1269.517,1271.828,1274.747,1277.544,1279.977,1282.774,1286.058,1289.22,1292.869,1298.22,1305.031,1309.653,1314.761,1319.139,1325.464,1330.815,1337.139,1342.977,1351.734,1000,1000,1000,1000,1144.002,1145.461,1147.407,1144.975,1144.002,1140.596,1136.704,1127.948,1120.164,1111.65,1109.218,1104.109,1101.677,1098.515,1098.028,1096.326,1095.353,1093.65,1093.65,1091.947,1090.974,1090.974,1090.001,1088.542,1088.055,1087.569,1087.082,1086.596,1087.082,1088.542,1089.515,1091.461,1093.163,1094.136,1094.623,1096.326,1096.326,1098.515,1100.461,1102.163,1102.65,1105.326,1105.326,1107.758,1109.704,1114.569,1122.596,1132.813,1139.623,1143.029,1149.353,1147.407,1151.299,1154.218,1160.056,1158.11,1160.056,1162.975,1163.948,1163.948,1000,1000,1000,1000,1412.546,1420.816,1423.735,1437.357,1453.411,1000,1350.617,1350.921,1351.088,1350.275,1000,1215.516,1192.165,1183.894,1181.462,1183.894,1188.759,1000,1000,1000,1000,1000,1000,1000,1000,1000,1000,1000,1000,1000,1209.678,1212.111,1214.057,1216.489,1216.489,1225.246,1000,1000,1000,1152.052,1263.679,1225.733,1205.786,1202.867,1000,1000,1000,1000,1000,1000,1000,1000,1000,1000,1000,1000,1162.732,1159.934,1156.651,1158.475,1159.934,1000,1000,1000,1000,1000,1000,1000,1000,1445.141,1455.357,1453.898,1458.276,1461.682,1485.033,1000,1414.53,1000,1000,1000,1000,1000,1000,1000,1000,1000,1000,1000,1000,1000,1000,1000,1000,1000,1000,1000,1000,1000,1000,1000,1000,1000,1000,1000,1000,1000,1000,1000,1000,1000,1000,1000,1000,1000,1000,1000,1000,1000,1000,1000,1000,1000,1000,1000,1000,1000,1000,1000,1000,1000,1000,1000,1000,1000,1000,1000,1000,1000,1000,1000,1000,1000,1000,1000,1559.467,1558.494,1459.667,1460.777,1461.894,1463.992,1464.874,1468.006,1472.567,1473.175,1478.709,1000,1000,1000,1000,1000,1607.386,1599.42,1596.683,1594.707,1000,1000,1000,1000,1000,1000,1000,1000,1000,1000,1000,1000,1000,1000,1000,1000,1000,1000,1000,1000,1000,1000,1000,1000,1000,1000,1000,1000,1000,1000,1000,1000,1000,1000,1000,1000,1000,1000,1684.009,1675.738,1663.09,1641.197,1642.657,1621.981,1607.629,1595.467,1587.318,1576.494,1571.751,1567.342,1565.7,1564.712,1652.873,1629.035,1613.954,1605.197,1592.548,1582.089,1575.034,1567.25,1551.683,1545.602,1542.896,1539.976,1538.084,1537.316,1623.684,1596.44,1576.494,1567.494,1558.494,1551.196,1540.007,1532.831,1523.77,1519.574,1516.047,1513.387,1510.909,1509.958,1584.278,1573.575,1559.953,1546.331,1533.439,1526.142,1516.169,1508.628,1502.669,1499.81,1495.736,1491.236,1489.138,1487.633,1486.531,1566.764,1546.331,1530.277,1511.304,1500.115,1494.033,1487.466,1480.655,1476.52,1475.425,1471.107,1466.851,1463.08,1460.868,1459.363,1531.737,1520.547,1513.736,1502.547,1485.276,1480.898,1465.087,1000,1454.992,1452.073,1446.418,1445.141,1440.033,1437.889,1436.445,1537.088,1513.25,1494.763,1470.682,1460.709,1450.249,1440.884,1439.181,1435.046,1429.087,1425.012,1000,1000,1000,1000,1000,1000,1000,1000,1000,1000,1000,1000,1000,1000,1000,1000,1000,1000,1000,1000,1000,1000,1000,1000,1000,1000,1000,1000,1000,1000,1000,1000,1000,1000
1000,1000,1000,1000,1000,1000,1000,1000,1000,1000,1000,1000,1000,1000,1000,1000,1000,1000,1000,1000,1000,1205.908,1209.192,1215.273,1219.165,1224.76,1229.868,1236.679,1238.868,1241.787,1247.138,1252.49,1252.49,1264.652,1274.868,1280.706,1289.463,1297.734,1302.599,1303.571,1192.727,1192.993,1193.35,1193.647,1194.27,1194.962,1195.54,1197.09,1197.911,1198.276,1199.644,1200.922,1202.381,1204.813,1208.219,1211.746,1214.786,1216.489,1218.678,1221.354,1223.3,1226.219,1230.111,1234.733,1237.652,1241.3,1243.976,1248.841,1249.571,1247.382,1247.382,1252.976,1257.355,1259.787,1265.625,1270.976,1273.895,1279.247,1281.679,1290.436,1301.139,1310.382,1314.274,1208.447,1208.675,1208.812,1208.918,1209.283,1209.747,1210.53,1211.351,1212.81,1214.786,1216.064,1216.733,1218.983,1221.537,1223.787,1226.219,1229.138,1232.422,1232.908,1234.611,1236.922,1239.354,1240.327,1245.192,1249.571,1253.219,1257.598,1262.949,1267.084,1270.003,1275.355,1281.193,1287.517,1293.842,1303.085,1307.95,1314.761,1316.707,1323.031,1329.842,1223.901,1224.129,1224.6,1225.071,1225.581,1226.554,1227.329,1228.226,1229.229,1230.962,1232.3,1233.76,1235.949,1237.104,1239.598,1242.881,1246.409,1247.625,1251.152,1252.976,1255.409,1258.571,1265.868,1272.436,1277.058,1281.436,1287.031,1288.004,1288.004,1000,1000,1000,1000,1000,1000,1283.139,1000,1260.76,1252.672,1000,1000,1000,1305.517,1297.49,1294.206,1292.625,1290.071,1000,1000,1000,1000,1000,1000,1000,1000,1000,1000,1000,1000,1000,1000,1000,1000,1000,1265.747,1265.747,1266.72,1270.003,1271.949,1274.139,1281.436,1285.571,1290.193,1296.274,1301.139,1309.896,1311.355,1319.626,1323.031,1328.383,1333.248,1341.031,1354.167,1361.951,1255.226,1255.424,1255.796,1256.366,1257.02,1257.689,1258.601,1259.848,1260.73,1263.01,1265.99,1267.389,1269.517,1271.098,1273.652,1276.328,1278.274,1282.287,1283.139,1288.49,1291.896,1299.193,1303.085,1308.193,1313.788,1317.68,1323.518,1330.328,1336.167,1342.004,1351.734,1000,1000,1000,1000,1144.002,1145.461,1146.434,1144.975,1143.029,1139.623,1135.245,1126.975,1118.704,1111.164,1104.596,1101.677,1099.245,1096.326,1095.839,1094.623,1093.163,1091.947,1091.947,1090.974,1090.001,1090.001,1089.515,1088.542,1087.569,1086.596,1085.744,1085.744,1086.231,1087.082,1088.055,1090.488,1091.947,1093.163,1094.623,1095.839,1095.839,1097.542,1098.515,1099.731,1100.947,1103.38,1104.109,1106.542,1109.704,1114.569,1122.596,1131.839,1140.596,1145.461,1155.191,1154.218,1155.191,1154.218,1155.191,1154.218,1155.191,1158.11,1162.002,1165.894,1000,1000,1000,1000,1412.546,1422.762,1430.546,1441.735,1350.541,1350.465,1350.921,1351.339,1351.339,1000,1000,1000,1192.894,1181.462,1179.273,1182.192,1188.759,1198.975,1000,1000,1000,1000,1000,1000,1000,1000,1000,1000,1000,1000,1207.732,1208.705,1209.678,1210.651,1212.111,1219.408,1000,1000,1000,1152.721,1152.09,1232.057,1203.354,1197.03,1000,1000,1000,1000,1000,1000,1000,1000,1000,1000,1000,1164.313,1161.029,1158.11,1155.678,1157.016,1158.11,1000,1000,1000,1000,1000,1000,1000,1438.087,1445.871,1459.736,1458.276,1463.141,1464.601,1000,1504.979,1515.682,1414.994,1415.776,1000,1000,1000,1000,1000,1000,1000,1000,1000,1000,1000,1000,1000,1000,1000,1000,1000,1000,1000,1000,1000,1000,1000,1000,1000,1000,1000,1000,1000,1000,1000,1000,1000,1000,1000,1000,1000,1000,1000,1000,1000,1000,1000,1000,1000,1000,1000,1000,1000,1000,1000,1508.385,1000,1000,1000,1000,1000,1000,1000,1000,1000,1000,1000,1000,1000,1542.439,1548.764,1459.477,1460.313,1461.241,1463.384,1465.057,1467.337,1471.411,1474.452,1477.249,1483.939,1000,1000,1000,1000,1000,1598.386,1596.014,1593.992,1000,1000,1000,1000,1000,1000,1000,1000,1000,1000,1000,1000,1000,1000,1000,1000,1000,1000,1000,1000,1000,1000,1000,1000,1000,1000,1000,1000,1000,1000,1000,1000,1000,1000,1000,1000,1000,1000,1673.792,1667.954,1649.954,1632.927,1632.441,1619.792,1604.467,1594.494,1586.953,1576.798,1570.717,1566.536,1565.031,1661.63,1639.738,1621.738,1614.927,1608.116,1598.873,1586.467,1577.953,1568.224,1553.994,1546.331,1544.264,1539.733,1538.152,1537.278,1620.278,1591.089,1580.386,1568.224,1558.007,1548.277,1000,1000,1000,1519.088,1516.838,1512.976,1511.372,1510.224,1589.143,1574.548,1564.818,1547.791,1538.547,1529.791,1519.574,1510.331,1503.398,1500.723,1497.804,1492.3,1490.035,1487.937,1486.569,1563.845,1543.899,1529.791,1511.304,1501.331,1491.844,1487.101,1479.803,1476.52,1474.087,1470.013,1465.817,1462.381,1460.777,1459.363,1537.574,1522.493,1514.223,1500.115,1484.547,1479.682,1000,1000,1000,1000,1443.985,1443.742,1439.44,1437.517,1436.202,1536.115,1514.223,1492.817,1474.33,1469.222,1455.357,1443.681,1440.519,1434.681,1427.201,1422.762,1421.059,1000,1000,1000,1000,1000,1000,1000,1000,1000,1000,1000,1000,1000,1000,1000,1000,1000,1000,1000,1000,1000,1000,1000,1000,1000,1000,1000,1000,1000,1000,1000,1000,1000
1000,1000,1000,1000,1000,1000,1000,1000,1000,1000,1000,1000,1000,1000,1000,1000,1000,1000,1000,1000,1000,1203.719,1206.881,1212.597,1214.786,1218.192,1227.679,1234.49,1238.868,1243.246,1247.625,1249.571,1249.571,1255.895,1265.625,1273.895,1283.625,1292.869,1297.734,1302.599,1192.765,1192.955,1193.107,1193.404,1193.715,1193.936,1194.27,1196.33,1197.242,1197.577,1199.462,1200.739,1201.895,1204.266,1207.489,1210.286,1214.057,1215.273,1216.854,1220.016,1222.327,1224.76,1228.895,1234.003,1237.652,1243.49,1242.76,1245.436,1245.436,1243.976,1243.976,1250.301,1254.436,1258.328,1263.679,1268.544,1271.949,1279.247,1283.625,1293.355,1301.139,1310.382,1314.274,1208.295,1208.447,1208.721,1208.918,1209.154,1209.747,1210.53,1210.986,1212.658,1214.786,1216.307,1216.976,1218.983,1221.233,1223.422,1225.125,1228.043,1230.354,1231.206,1232.422,1235.098,1238.381,1240.327,1243.49,1248.354,1251.517,1255.652,1261.003,1266.598,1270.003,1275.355,1279.247,1284.112,1291.896,1300.166,1308.923,1316.707,1321.085,1326.923,1331.788,1223.939,1224.129,1224.661,1225.071,1225.778,1226.432,1227.466,1228.074,1229.229,1230.78,1232.543,1233.76,1236.253,1237.104,1240.327,1243.246,1245.922,1246.409,1250.665,1251.638,1255.409,1260.03,1267.084,1273.895,1277.058,1279.977,1285.085,1285.085,1000,1000,1000,1000,1000,1000,1000,1000,1000,1262.706,1253.28,1000,1000,1000,1000,1300.288,1294.571,1290.801,1000,1000,1000,1000,1000,1000,1000,1000,1000,1000,1000,1000,1000,1000,1000,1000,1000,1000,1264.409,1264.409,1266.72,1269.031,1270.976,1274.625,1280.22,1283.625,1292.139,1296.274,1305.031,1312.328,1314.761,1317.68,1324.004,1328.383,1334.22,1343.95,1352.221,1361.951,1255.074,1255.226,1255.515,1256.062,1256.716,1257.568,1258.601,1260.03,1261.49,1263.193,1265.199,1267.389,1268.544,1270.125,1272.922,1275.841,1277.544,1281.314,1285.085,1286.544,1291.896,1297.49,1303.085,1306.977,1314.761,1318.166,1323.518,1330.815,1336.167,1343.95,1356.599,1000,1000,1000,1000,1140.596,1144.002,1145.461,1144.002,1140.596,1138.65,1133.786,1126.488,1120.164,1111.164,1105.812,1100.947,1098.028,1094.623,1094.136,1093.163,1091.947,1091.461,1090.974,1090.488,1090.001,1090.001,1089.515,1088.542,1087.082,1085.258,1083.92,1083.433,1083.92,1085.258,1086.596,1089.515,1090.974,1092.677,1093.65,1094.623,1095.353,1095.839,1096.812,1098.028,1099.731,1101.677,1103.38,1105.812,1108.488,1114.569,1121.137,1130.38,1144.002,1147.407,1154.218,1154.218,1156.164,1156.164,1157.137,1159.083,1158.11,1162.002,1164.921,1000,1000,1000,1000,1000,1422.762,1429.573,1432.492,1445.627,1350.579,1000,1350.579,1350.974,1350.465,1000,1000,1000,1190.219,1181.462,1181.462,1183.408,1190.219,1198.489,1000,1000,1000,1000,1000,1000,1000,1000,1000,1000,1000,1000,1209.678,1207.732,1209.678,1210.651,1212.111,1221.354,1000,1000,1000,1152.781,1152.242,1242.76,1208.705,1198.975,1000,1000,1000,1000,1000,1000,1000,1000,1000,1000,1000,1164.313,1161.88,1158.84,1157.38,1158.11,1161.029,1000,1000,1000,1000,1000,1000,1000,1000,1445.871,1462.168,1464.601,1471.411,1477.736,1510.817,1515.682,1414.834,1415.244,1000,1000,1000,1000,1000,1000,1000,1000,1000,1000,1000,1000,1000,1000,1000,1000,1000,1000,1000,1000,1000,1000,1000,1000,1000,1000,1000,1000,1000,1000,1000,1000,1000,1000,1000,1000,1000,1000,1000,1000,1000,1000,1000,1000,1000,1000,1000,1465.33,1469.952,1477.736,1495.736,1512.277,1524.926,1435.897,1436.399,1437.106,1438.421,1442.283,1447.756,1000,1000,1000,1000,1496.223,1504.006,1510.331,1523.953,1529.791,1557.521,1459.796,1460.458,1462.791,1465.452,1468.979,1473.175,1476.52,1479.803,1485.641,1487.952,1000,1000,1000,1000,1599.177,1596.318,1594.099,1000,1000,1000,1000,1000,1000,1000,1000,1000,1000,1000,1000,1000,1000,1000,1000,1000,1000,1000,1000,1000,1000,1000,1000,1000,1000,1000,1000,1000,1000,1000,1000,1000,1000,1000,1000,1000,1000,1669.901,1661.144,1643.63,1635.359,1630.008,1619.062,1606.413,1596.927,1585.251,1577.345,1571.325,1567.099,1565.031,1564.332,1641.684,1625.143,1616.386,1610.548,1595.954,1585.737,1575.034,1563.48,1549.798,1544.933,1542.348,1539.186,1537.901,1537.316,1619.305,1591.089,1580.872,1570.169,1556.791,1549.007,1000,1000,1519.088,1517.689,1515.469,1512.368,1511.053,1510.186,1590.116,1573.575,1565.791,1548.277,1537.818,1529.791,1518.601,1506.682,1500.115,1497.56,1494.763,1490.628,1489.26,1488.021,1486.645,1570.656,1548.277,1528.818,1505.466,1497.196,1486.614,1482.236,1476.52,1473.479,1469.222,1466.668,1463.992,1461.666,1460.389,1459.325,1538.547,1521.52,1511.79,1498.655,1485.276,1477.249,1460.587,1000,1448.911,1446.418,1441.887,1441.705,1438.908,1437.266,1436.088,1435.974,1522.007,1495.736,1476.276,1466.547,1452.438,1441.857,1439.181,1435.046,1426.958,1422.336,1419.235,1000,1000,1000,1000,1000,1000,1000,1000,1000,1000,1000,1000,1000,1000,1000,1000,1000,1000,1000,1000,1000,1000,1000,1000,1000,1000,1000,1000,1000,1000,1000,1000,1000
1000,1000,1000,1000,1000,1000,1000,1000,1000,1000,1000,1000,1000,1000,1000,1000,1000,1000,1000,1000,1000,1000,1209.678,1214.786,1212.111,1216.003,1224.76,1229.868,1234.49,1243.733,1247.625,1251.03,1250.057,1257.355,1261.733,1270.003,1275.841,1285.571,1288.49,1297.734,1301.625,1192.841,1192.917,1193.297,1193.525,1194.095,1194.552,1196.938,1196.938,1197.394,1199.036,1200.496,1201.165,1204.509,1207.854,1209.922,1214.057,1215.273,1216.489,1220.503,1222.814,1225.246,1228.408,1235.219,1238.381,1244.706,1242.76,1252.976,1000,1248.111,1242.76,1252.976,1253.949,1259.787,1262.22,1269.517,1270.49,1277.301,1279.247,1289.463,1295.301,1303.085,1309.409,1317.193,1208.295,1208.599,1208.766,1209.032,1209.504,1210.423,1210.986,1212.962,1214.604,1216.489,1216.489,1218.192,1219.53,1221.537,1223.787,1226.949,1229.625,1231.571,1232.908,1234.611,1237.408,1238.381,1241.3,1246.652,1250.301,1255.165,1259.544,1264.409,1266.598,1272.922,1276.814,1283.625,1289.463,1298.22,1306.004,1314.761,1321.085,1327.896,1331.788,1223.901,1224.091,1224.38,1224.927,1225.687,1226.554,1227.466,1228.378,1229.047,1230.78,1232.057,1232.787,1235.098,1235.645,1238.017,1241.057,1243.976,1245.192,1249.814,1250.665,1252.976,1257.355,1262.22,1264.652,1270.733,1273.166,1278.517,1276.571,1000,1000,1000,1000,1000,1000,1000,1000,1000,1263.193,1254.557,1000,1000,1000,1000,1302.112,1295.423,1289.342,1287.639,1000,1000,1000,1000,1000,1000,1000,1000,1000,1000,1000,1519.088,1000,1000,1000,1000,1000,1262.706,1264.895,1267.206,1268.544,1269.517,1274.625,1278.517,1285.571,1291.409,1297.004,1302.112,1310.382,1315.247,1321.572,1320.599,1329.356,1328.383,1342.977,1348.815,1360.978,1255.036,1255.264,1255.568,1256.29,1256.716,1257.811,1258.905,1260.365,1261.125,1263.01,1264.652,1266.537,1267.632,1268.544,1271.463,1275.476,1276.328,1280.463,1284.598,1288.004,1292.382,1298.22,1303.085,1308.193,1314.761,1318.166,1323.031,1327.896,1333.248,1338.599,1351.734,1000,1000,1000,1000,1140.596,1144.975,1146.434,1144.002,1141.083,1138.65,1135.245,1126.975,1119.677,1110.434,1104.596,1100.461,1096.812,1094.136,1093.163,1091.947,1090.974,1090.488,1090.488,1089.515,1089.028,1089.028,1088.542,1087.569,1086.231,1084.406,1083.069,1083.069,1083.069,1083.92,1085.744,1088.055,1090.488,1091.947,1093.163,1093.65,1093.65,1094.623,1095.839,1097.542,1098.515,1099.731,1102.163,1104.109,1106.542,1111.164,1122.596,1135.245,1144.975,1149.353,1155.191,1154.218,1156.164,1156.164,1156.164,1159.083,1158.11,1162.002,1000,1000,1000,1000,1000,1000,1000,1426.654,1427.627,1431.519,1350.351,1000,1350.313,1350.822,1000,1000,1000,1000,1189.489,1185.11,1185.11,1187.056,1191.435,1204.327,1000,1000,1000,1000,1000,1000,1000,1000,1000,1000,1000,1000,1214.057,1212.111,1209.678,1210.651,1207.732,1216.489,1000,1000,1000,1152.926,1152.538,1244.706,1205.786,1193.381,1000,1000,1000,1000,1000,1000,1000,1000,1000,1000,1162.732,1158.84,1158.11,1157.016,1157.016,1158.11,1161.88,1000,1000,1000,1000,1000,1000,1000,1000,1000,1000,1457.79,1470.438,1000,1000,1499.628,1513.736,1000,1000,1000,1000,1000,1000,1000,1000,1000,1000,1000,1000,1000,1000,1000,1000,1000,1000,1000,1000,1000,1000,1000,1000,1000,1000,1000,1000,1000,1000,1000,1000,1000,1000,1000,1000,1000,1000,1000,1423.735,1425.803,1426.35,1427.201,1428.114,1430.06,1439.181,1446.6,1457.06,1465.817,1472.871,1480.168,1494.763,1511.304,1528.331,1435.974,1436.597,1437.691,1439.166,1443.073,1449.215,1453.168,1461.438,1000,1000,1484.06,1492.817,1500.601,1518.115,1522.493,1544.385,1459.325,1459.895,1462.138,1466.425,1469.526,1473.175,1475.425,1476.52,1480.168,1481.385,1000,1000,1000,1000,1597.778,1594.342,1592.571,1000,1000,1000,1000,1000,1000,1000,1000,1000,1000,1000,1000,1000,1000,1000,1000,1000,1000,1000,1000,1000,1000,1000,1000,1000,1000,1000,1000,1000,1000,1000,1000,1000,1000,1000,1000,1000,1000,1667.954,1660.171,1642.657,1635.359,1624.657,1617.116,1601.792,1593.521,1000,1000,1000,1568.315,1565.616,1564.636,1645.576,1625.143,1614.927,1605.683,1593.278,1580.872,1574.548,1562.629,1000,1000,1543.473,1538.532,1000,1629.522,1611.521,1585.251,1581.845,1571.142,1556.791,1544.142,1000,1528.209,1519.088,1517.263,1516.838,1512.368,1510.84,1510.148,1583.305,1563.359,1557.521,1544.142,1534.656,1527.358,1518.115,1507.047,1500.723,1497.56,1495.006,1490.476,1488.91,1487.633,1486.493,1566.764,1546.331,1529.791,1509.358,1500.115,1488.439,1482.236,1475.425,1472.263,1467.094,1464.692,1463.08,1461.453,1460.389,1459.439,1548.764,1526.872,1513.736,1497.196,1487.222,1476.033,1463.263,1457.668,1453.168,1449.215,1443.742,1442.465,1439.577,1437.182,1435.897,1531.25,1515.196,1488.925,1477.249,1472.141,1458.763,1444.654,1439.181,1433.222,1424.465,1421.059,1418.627,1000,1000,1000,1000,1000,1000,1000,1000,1000,1000,1000,1000,1000,1000,1000,1000,1000,1000,1000,1000,1000,1000,1000,1000,1000,1000,1000,1000,1000,1000,1000,1000,1000
1000,1000,1000,1000,1000,1000,1000,1000,1000,1000,1000,1000,1000,1000,1000,1000,1000,1000,1000,1000,1000,1000,1000,1215.273,1211.138,1215.273,1222.814,1229.138,1232.3,1245.679,1247.138,1254.436,1251.03,1260.274,1261.247,1270.003,1269.031,1278.76,1280.706,1294.815,1294.815,1192.651,1192.651,1192.955,1193.069,1193.647,1193.936,1195.92,1196.193,1196.193,1197.577,1199.219,1199.827,1202.138,1205.117,1206.273,1209.922,1212.111,1213.205,1216.489,1220.016,1221.354,1224.76,1231.814,1234.733,1241.3,1000,1000,1000,1244.706,1238.868,1251.517,1252.49,1259.301,1261.247,1269.517,1270.49,1276.328,1279.247,1287.517,1292.382,1299.193,1306.49,1314.274,1208.257,1208.561,1208.766,1209.032,1209.504,1210.317,1211.107,1212.962,1214.786,1216.489,1216.489,1217.949,1219.287,1220.685,1222.814,1226.584,1228.043,1229.989,1232.057,1233.76,1236.922,1239.841,1243.49,1247.868,1251.517,1254.436,1261.003,1264.409,1268.057,1272.922,1277.787,1281.193,1287.517,1293.842,1303.085,1309.896,1317.68,1324.004,1329.842,1331.788,1223.939,1224.205,1224.782,1225.489,1226.31,1227.466,1228.378,1229.047,1230.354,1232.3,1233.03,1234.55,1235.098,1236.8,1239.963,1242.152,1243.976,1248.476,1251.152,1252.49,1257.355,1262.22,1265.139,1269.517,1271.22,1275.841,1275.841,1000,1000,1000,1000,1000,1000,1000,1000,1000,1265.382,1257.355,1000,1000,1000,1000,1000,1295.423,1288.977,1287.031,1000,1000,1000,1000,1000,1000,1000,1000,1000,1000,1000,1000,1000,1000,1000,1000,1000,1261.49,1263.193,1265.382,1268.057,1270.003,1272.922,1278.517,1283.625,1287.517,1294.085,1299.68,1311.355,1312.328,1321.572,1322.058,1330.328,1333.248,1344.923,1349.788,1357.086,1363.896,1255.074,1255.302,1255.986,1256.366,1257.689,1258.753,1259.848,1260.73,1261.916,1263.436,1265.199,1266.233,1267.632,1271.098,1274.382,1277.058,1279.612,1284.112,1286.544,1291.896,1295.058,1303.085,1308.193,1313.788,1319.626,1323.518,1326.923,1333.248,1337.626,1351.734,1000,1000,1000,1000,1138.65,1140.596,1144.002,1143.029,1142.056,1138.65,1136.218,1127.948,1120.164,1109.218,1103.38,1099.245,1096.326,1093.65,1092.677,1091.947,1091.461,1090.974,1090.488,1089.515,1089.028,1089.028,1088.542,1087.569,1086.596,1083.92,1082.582,1082.582,1083.069,1083.92,1086.231,1089.028,1090.488,1091.461,1091.947,1092.677,1093.163,1094.136,1095.839,1096.812,1098.515,1099.731,1101.677,1103.38,1105.812,1111.164,1123.083,1138.65,1150.326,1155.191,1159.083,1157.137,1158.11,1154.218,1153.245,1155.191,1156.164,1154.218,1153.245,1000,1000,1000,1000,1000,1413.519,1420.816,1421.789,1430.546,1350.275,1446.6,1452.438,1350.731,1350.313,1000,1000,1000,1187.543,1183.894,1184.381,1187.543,1192.165,1203.354,1000,1000,1000,1000,1000,1000,1000,1000,1000,1000,1000,1238.868,1216.489,1209.678,1206.273,1206.273,1205.3,1215.516,1000,1000,1152.994,1152.781,1152.485,1247.625,1201.408,1000,1000,1000,1000,1000,1000,1000,1000,1000,1159.57,1161.029,1161.88,1158.475,1158.11,1156.651,1156.286,1157.016,1161.88,1000,1000,1000,1000,1000,1000,1000,1000,1000,1000,1000,1000,1000,1000,1000,1000,1000,1000,1000,1000,1000,1000,1000,1000,1000,1000,1000,1000,1000,1000,1000,1000,1000,1000,1000,1000,1000,1000,1000,1000,1000,1000,1000,1000,1000,1000,1000,1000,1505.952,1000,1000,1000,1415.085,1416.803,1417.897,1419.934,1424.465,1425.012,1426.107,1427.81,1432.492,1439.181,1447.087,1455.844,1463.141,1471.411,1480.168,1492.817,1510.331,1524.926,1435.897,1436.597,1438.786,1440.489,1445.384,1452.073,1455.722,1461.925,1467.52,1476.033,1482.114,1489.168,1497.196,1511.304,1516.169,1534.656,1552.656,1459.667,1461.043,1464.692,1466.668,1471.107,1474.452,1478.709,1480.168,1483.452,1000,1000,1000,1000,1597.778,1593.78,1592.221,1000,1000,1000,1000,1000,1000,1000,1000,1000,1000,1000,1000,1000,1000,1000,1000,1000,1000,1000,1000,1000,1000,1000,1000,1000,1000,1000,1000,1000,1000,1000,1000,1000,1000,1000,1000,1000,1000,1655.306,1644.603,1635.359,1630.981,1619.792,1615.17,1601.792,1589.386,1579.899,1577.041,1571.325,1569.44,1566.977,1565.031,1652.873,1632.927,1615.413,1603.737,1591.818,1579.656,1570.169,1560.075,1551.926,1546.331,1542.348,1000,1537.278,1620.278,1604.71,1588.17,1587.683,1576.98,1561.899,1547.791,1541.466,1530.399,1520.121,1517.689,1516.412,1511.745,1510.544,1611.035,1582.332,1559.953,1553.629,1539.764,1534.656,1523.953,1515.196,1504.858,1499.81,1494.094,1492.695,1489.381,1487.633,1486.759,1569.683,1553.142,1538.547,1527.845,1510.088,1502.547,1490.385,1483.939,1476.52,1472.871,1466.851,1463.992,1462.381,1460.868,1459.895,1459.287,1548.764,1521.52,1506.925,1492.817,1482.844,1473.357,1460.952,1456.452,1452.073,1446.965,1441.705,1441.006,1438.543,1436.772,1538.061,1527.358,1511.304,1487.466,1476.276,1467.763,1458.276,1441.37,1432.492,1427.81,1419.934,1417.76,1000,1000,1000,1000,1000,1000,1000,1000,1000,1000,1000,1000,1000,1000,1000,1000,1000,1000,1000,1000,1000,1000,1000,1000,1000,1000,1000,1000,1000,1000,1000,1000,1000,1000
1000,1000,1000,1000,1000,1000,1000,1000,1000,1000,1000,1000,1000,1000,1000,1000,1000,1000,1000,1000,1000,1000,1000,1000,1207.246,1213.814,1221.111,1229.868,1233.76,1246.165,1243.733,1252.003,1248.598,1254.922,1258.328,1264.652,1261.247,1267.084,1270.003,1281.679,1282.652,1294.815,1297.734,1192.727,1192.993,1193.715,1194.019,1195.783,1196.193,1195.92,1197.09,1197.911,1197.759,1198.641,1000,1000,1000,1000,1000,1000,1000,1000,1000,1000,1000,1000,1000,1000,1000,1000,1000,1246.652,1251.517,1258.328,1263.193,1270.49,1273.895,1278.274,1279.247,1286.544,1292.382,1297.247,1306.49,1315.247,1208.219,1208.447,1208.721,1208.971,1209.504,1210.636,1211.624,1213.327,1215.212,1216.064,1215.638,1216.733,1217.949,1219.287,1221.537,1225.854,1226.949,1229.625,1231.571,1233.273,1236.435,1238.868,1243.003,1247.382,1250.301,1252.49,1261.003,1264.409,1269.517,1276.328,1281.193,1281.679,1287.517,1292.869,1300.166,1306.977,1316.707,1323.031,1329.842,1332.761,1224.015,1224.167,1224.782,1225.315,1226.098,1227.192,1228.53,1229.229,1230.78,1233.03,1233.273,1234.55,1235.402,1236.8,1238.99,1240.692,1243.611,1247.99,1251.638,1254.922,1259.544,1262.949,1265.868,1267.084,1269.517,1272.436,1273.166,1000,1000,1000,1273.804,1273.082,1000,1000,1000,1000,1000,1260.76,1254.922,1000,1000,1000,1000,1302.112,1291.531,1288.247,1000,1000,1000,1000,1000,1000,1000,1000,1000,1000,1000,1000,1000,1000,1000,1000,1000,1256.26,1259.179,1262.706,1265.747,1268.057,1271.463,1277.787,1282.652,1287.517,1292.139,1298.22,1307.95,1308.923,1322.058,1324.004,1328.383,1332.275,1341.031,1344.923,1353.194,1360.978,1362.924,1255.226,1255.796,1256.131,1257.127,1258.191,1259.666,1260.03,1261.49,1262.524,1263.922,1265.443,1267.084,1270.49,1272.557,1275.841,1279.612,1283.625,1285.571,1289.706,1294.085,1300.652,1306.247,1315.247,1319.139,1322.058,1324.491,1330.815,1334.22,1346.869,1000,1000,1000,1000,1000,1142.056,1144.975,1143.029,1142.056,1138.65,1135.245,1127.948,1116.758,1108.488,1102.163,1098.028,1095.353,1093.163,1091.461,1090.974,1090.488,1090.488,1090.001,1089.515,1089.515,1089.028,1088.542,1087.569,1086.596,1084.406,1083.069,1083.069,1083.433,1083.92,1086.231,1089.028,1090.974,1091.461,1091.947,1091.947,1092.677,1093.163,1094.623,1095.839,1097.542,1098.515,1100.461,1102.163,1104.596,1111.164,1126.488,1136.218,1152.272,1156.164,1161.029,1157.137,1159.083,1152.272,1149.353,1149.353,1150.326,1147.407,1146.434,1000,1000,1000,1000,1000,1417.897,1424.708,1430.546,1432.492,1350.313,1453.411,1451.465,1350.617,1350.427,1000,1000,1000,1185.84,1181.462,1182.192,1182.678,1189.489,1198.489,1000,1000,1000,1000,1000,1000,1000,1000,1000,1000,1140.11,1251.03,1222.327,1213.084,1211.138,1210.651,1209.678,1000,1000,1000,1152.994,1152.721,1152.721,1258.814,1000,1000,1000,1000,1000,1000,1000,1182.86,1000,1000,1000,1160.664,1161.029,1156.651,1156.651,1154.705,1155.313,1154.948,1159.205,1000,1000,1000,1000,1000,1000,1000,1000,1000,1000,1000,1000,1000,1000,1000,1000,1000,1000,1000,1000,1000,1000,1000,1000,1000,1000,1000,1000,1000,1000,1000,1000,1000,1000,1000,1000,1000,1000,1000,1000,1000,1000,1000,1000,1000,1000,1455.357,1000,1487.952,1489.898,1507.898,1414.644,1414.834,1415.556,1416.286,1418.171,1421.303,1423.005,1426.35,1430.668,1433.587,1442.708,1451.465,1461.438,1465.33,1477.736,1486.493,1496.709,1510.331,1528.331,1538.061,1436.772,1438.786,1439.729,1443.317,1450.127,1453.168,1456.087,1462.29,1468.006,1476.033,1000,1497.682,1513.736,1522.98,1538.547,1552.656,1459.751,1460.458,1464.357,1465.634,1469.526,1473.479,1477.249,1477.249,1481.385,1000,1000,1000,1000,1595.558,1592.449,1591.765,1000,1000,1000,1000,1000,1000,1000,1000,1000,1000,1000,1000,1000,1000,1000,1000,1000,1000,1000,1000,1000,1000,1000,1000,1000,1000,1000,1000,1000,1000,1000,1000,1000,1000,1000,1000,1000,1000,1662.117,1648.008,1641.197,1631.468,1618.332,1612.494,1603.981,1592.183,1584.521,1579.899,1574.305,1570.322,1567.463,1565.084,1652.873,1633.9,1615.413,1600.332,1588.413,1576.251,1563.48,1555.088,1549.25,1545.176,1542.014,1000,1537.316,1620.278,1597.9,1587.683,1585.251,1574.548,1559.953,1549.98,1542.439,1528.574,1520.365,1517.446,1514.132,1510.779,1509.92,1592.062,1574.548,1559.467,1552.169,1541.953,1532.709,1520.061,1000,1504.493,1498.959,1493.912,1491.418,1488.804,1487.245,1582.818,1562.872,1549.25,1536.115,1000,1507.412,1499.385,1488.925,1482.601,1477.614,1474.452,1468.492,1464.874,1463.08,1460.952,1459.948,1555.575,1542.439,1514.223,1500.601,1486.736,1479.682,1470.195,1460.1,1455.357,1451.465,1445.141,1441.158,1439.44,1437.517,1436.049,1528.331,1515.196,1501.088,1480.168,1472.871,1462.655,1455.844,1441.37,1431.762,1000,1419.6,1417.38,1416.392,1000,1000,1000,1000,1000,1000,1000,1000,1000,1000,1000,1000,1000,1000,1000,1000,1000,1000,1000,1000,1000,1000,1000,1000,1000,1000,1000,1000,1000,1000,1000,1000,1000
1000,1000,1000,1000,1000,1000,1000,1000,1000,1000,1000,1000,1000,1000,1000,1000,1000,1000,1000,1000,1000,1000,1000,1000,1000,1000,1000,1000,1000,1000,1000,1249.571,1244.706,1246.165,1000,1254.922,1000,1256.868,1261.733,1271.949,1272.922,1285.571,1287.517,1291.896,1000,1193.35,1193.586,1194.749,1000,1000,1000,1000,1000,1000,1000,1000,1000,1000,1000,1000,1000,1000,1000,1000,1000,1000,1000,1000,1000,1000,1000,1242.03,1247.382,1255.895,1263.193,1269.517,1274.868,1279.247,1281.679,1285.571,1291.409,1295.301,1305.517,1312.328,1208.219,1208.409,1208.766,1208.971,1209.504,1210.423,1211.351,1212.354,1214.209,1215.212,1215.395,1216.976,1217.705,1219.53,1221.537,1225.125,1226.219,1230.354,1231.206,1233.273,1236.922,1239.354,1243.003,1247.868,1250.787,1252.49,1259.544,1263.679,1268.057,1273.895,1280.22,1282.652,1287.517,1295.301,1304.058,1306.977,1314.761,1319.626,1323.031,1324.977,1223.863,1224.053,1224.722,1225.406,1226.098,1227.466,1229.594,1230.354,1232.3,1234.55,1235.098,1235.645,1235.949,1236.8,1238.99,1239.963,1242.881,1247.138,1250.665,1254.436,1259.544,1263.922,1266.355,1269.517,1270.003,1273.166,1274.625,1000,1000,1000,1274.23,1273.88,1000,1000,1000,1000,1000,1264.044,1258.449,1000,1000,1000,1000,1000,1291.531,1285.45,1000,1000,1000,1000,1000,1000,1000,1000,1000,1000,1000,1000,1000,1000,1000,1000,1000,1259.179,1260.76,1263.557,1264.044,1267.206,1270.003,1273.652,1278.517,1285.085,1290.193,1294.085,1303.571,1307.95,1315.247,1323.031,1328.383,1334.22,1339.085,1347.842,1347.842,1356.113,1358.059,1255.036,1255.469,1256.062,1257.02,1257.932,1259.057,1259.513,1260.547,1261.916,1263.436,1265.443,1267.084,1270.733,1272.557,1276.328,1278.76,1283.139,1285.085,1290.193,1294.085,1300.652,1306.977,1313.788,1316.707,1320.599,1327.896,1331.788,1335.193,1345.896,1000,1000,1000,1000,1000,1141.083,1143.029,1142.056,1143.029,1140.596,1137.677,1129.407,1118.218,1107.758,1101.677,1096.812,1094.136,1092.677,1090.974,1090.488,1090.001,1090.001,1089.515,1089.028,1088.542,1088.542,1087.569,1087.082,1086.231,1084.771,1083.92,1083.433,1083.92,1084.771,1087.082,1089.028,1090.001,1090.488,1091.461,1091.461,1092.677,1093.65,1094.623,1095.839,1097.542,1098.515,1099.731,1101.677,1103.38,1109.218,1124.056,1140.596,1153.245,1158.11,1162.002,1161.029,1157.137,1154.218,1154.218,1154.218,1154.218,1153.245,1151.299,1144.975,1000,1000,1000,1000,1410.113,1415.465,1427.627,1424.708,1446.6,1439.303,1439.303,1443.681,1441.735,1000,1000,1000,1182.678,1179.759,1179.759,1182.192,1189.489,1198.975,1000,1000,1000,1000,1000,1000,1000,1000,1000,1000,1140.3,1252.003,1224.273,1214.057,1213.084,1211.138,1210.651,1230.111,1000,1000,1152.85,1152.66,1152.721,1258.814,1000,1000,1000,1000,1000,1000,1000,1000,1000,1000,1000,1158.475,1158.11,1155.678,1155.313,1154.036,1154.34,1154.036,1158.11,1000,1000,1000,1000,1000,1000,1000,1000,1000,1000,1000,1000,1000,1000,1000,1000,1000,1000,1000,1000,1000,1000,1000,1000,1000,1000,1000,1000,1000,1000,1000,1000,1000,1393.785,1395.427,1396.066,1000,1395.427,1396.765,1401.904,1405.066,1409.87,1421.303,1424.708,1436.87,1444.411,1452.925,1464.601,1482.114,1485.033,1502.547,1414.644,1414.796,1415.366,1415.86,1418.171,1420.482,1423.735,1427.505,1432.492,1435.411,1445.141,1451.952,1459.492,1463.141,1474.817,1480.168,1493.79,1508.385,1527.358,1538.061,1436.962,1439.729,1439.881,1443.073,1449.823,1453.168,1454.263,1459.736,1464.601,1472.141,1000,1492.087,1510.331,1521.52,1539.52,1559.467,1460.123,1460.868,1464.357,1465.452,1468.249,1473.175,1478.709,1479.439,1485.276,1000,1000,1000,1000,1594.464,1592.221,1000,1000,1000,1000,1000,1000,1000,1000,1000,1000,1000,1000,1000,1000,1000,1000,1000,1000,1000,1000,1000,1000,1000,1000,1000,1000,1000,1000,1000,1000,1000,1000,1000,1000,1000,1000,1000,1000,1000,1672.819,1655.306,1640.224,1627.576,1613.711,1602.764,1597.413,1589.021,1579.899,1576.798,1572.602,1567.737,1566.034,1564.924,1651.9,1631.954,1612.494,1594.008,1578.44,1568.224,1558.007,1552.899,1547.852,1544.507,1541.071,1538.023,1634.386,1614.44,1592.062,1585.251,1581.845,1571.629,1560.683,1551.196,1542.439,1529.669,1522.554,1517.02,1512.976,1510.544,1608.116,1581.359,1569.196,1555.088,1546.331,1539.764,1528.574,1517.142,1000,1504.128,1497.56,1493.304,1490.628,1488.697,1487.245,1486.493,1566.764,1550.223,1532.709,1000,1503.52,1494.033,1487.101,1480.655,1476.52,1473.844,1468.492,1464.509,1463.232,1460.617,1459.591,1549.737,1536.601,1512.763,1496.223,1484.06,1476.033,1468.006,1460.1,1455.722,1450.492,1444.898,1440.823,1438.664,1437.106,1436.049,1527.358,1510.331,1496.709,1480.168,1468.492,1460.222,1454.141,1438.695,1429.33,1000,1419.235,1417.502,1000,1000,1000,1000,1000,1000,1000,1000,1000,1000,1000,1000,1000,1000,1000,1000,1000,1000,1000,1000,1000,1000,1000,1000,1000,1000,1000,1000,1000,1000,1000,1000,1000,1000
1000,1000,1000,1000,1000,1000,1000,1000,1000,1000,1000,1000,1000,1000,1000,1000,1000,1000,1000,1000,1000,1000,1000,1000,1000,1000,1000,1000,1000,1000,1000,1000,1000,1000,1000,1000,1000,1000,1000,1000,1000,1000,1000,1000,1000,1000,1000,1000,1000,1000,1000,1000,1000,1000,1000,1000,1000,1000,1000,1000,1000,1000,1000,1000,1000,1000,1000,1000,1000,1000,1000,1240.814,1248.841,1256.868,1263.679,1270.49,1275.355,1278.274,1279.247,1279.733,1289.463,1292.382,1302.112,1314.274,1208.295,1208.295,1208.637,1208.812,1209.283,1210.21,1211.624,1212.202,1214.209,1214.604,1215.638,1216.489,1217.462,1219.834,1221.537,1224.03,1226.219,1229.989,1231.206,1235.098,1238.381,1239.841,1243.49,1247.382,1250.301,1252.49,1259.544,1264.409,1268.057,1275.355,1281.193,1283.625,1286.058,1294.815,1298.22,1303.085,1309.896,1317.68,1323.031,1329.842,1224.091,1224.129,1224.722,1225.231,1225.991,1226.675,1228.895,1229.777,1230.962,1232.787,1234.55,1234.854,1236.253,1236.8,1238.381,1239.354,1242.152,1245.192,1248.841,1252.003,1255.409,1259.057,1261.247,1265.868,1269.517,1273.166,1275.112,1000,1000,1000,1273.964,1273.804,1273.432,1000,1000,1000,1000,1270.49,1265.747,1000,1000,1000,1000,1000,1000,1285.754,1278.821,1275.446,1000,1000,1000,1000,1000,1000,1000,1000,1000,1000,1000,1000,1000,1000,1000,1259.179,1260.76,1262.341,1263.557,1266.72,1269.031,1272.436,1277.301,1281.922,1285.571,1291.409,1297.734,1304.058,1312.328,1319.626,1324.004,1331.302,1338.112,1343.95,1345.896,1355.14,1357.086,1254.96,1255.378,1255.735,1256.541,1257.811,1258.328,1259.057,1260.182,1261.307,1263.01,1265.686,1266.537,1270.125,1272.193,1275.476,1276.693,1279.977,1283.625,1287.517,1291.896,1299.193,1305.761,1310.382,1316.22,1320.599,1323.031,1329.356,1335.193,1344.923,1000,1000,1000,1000,1000,1139.623,1143.029,1143.029,1143.029,1140.596,1136.218,1128.921,1116.758,1105.812,1099.245,1096.326,1093.65,1091.461,1090.488,1090.001,1089.028,1089.028,1088.542,1088.055,1087.569,1088.055,1086.596,1086.596,1085.744,1084.771,1083.92,1083.92,1084.406,1085.258,1087.082,1088.542,1090.001,1090.001,1090.974,1090.974,1091.947,1093.163,1094.623,1095.839,1096.812,1098.028,1099.245,1100.947,1102.163,1108.488,1121.137,1139.623,1153.245,1158.11,1162.975,1160.056,1161.029,1155.191,1151.299,1150.326,1153.245,1153.245,1150.326,1148.38,1000,1000,1000,1402.329,1407.194,1411.086,1422.762,1421.789,1442.708,1436.384,1437.357,1447.573,1446.6,1000,1000,1000,1185.11,1178.056,1178.543,1182.192,1189.489,1000,1000,1000,1000,1000,1387.735,1000,1000,1000,1000,1000,1000,1140.3,1223.3,1215.03,1212.111,1209.678,1210.651,1234.976,1000,1000,1152.485,1152.432,1152.485,1261.733,1000,1000,1000,1000,1000,1000,1000,1000,1000,1000,1000,1156.651,1156.286,1154.34,1154.34,1153.124,1153.124,1152.272,1154.705,1000,1000,1000,1000,1000,1000,1000,1000,1000,1000,1000,1000,1000,1000,1000,1000,1000,1000,1000,1000,1000,1000,1000,1000,1000,1000,1421.059,1440.276,1445.627,1460.709,1479.195,1391.596,1391.786,1392.508,1393.907,1394.682,1395.123,1395.731,1398.316,1401.661,1404.458,1408.411,1416.681,1420.33,1428.6,1439.789,1450.006,1457.79,1468.979,1474.817,1486.979,1504.006,1414.53,1415.039,1415.86,1418.034,1419.6,1421.911,1425.803,1431.762,1435.897,1445.141,1450.249,1455.357,1458.276,1467.763,1475.79,1488.925,1504.493,1529.304,1436.125,1437.798,1441.523,1441.705,1444.654,1448.911,1452.073,1452.803,1458.519,1464.601,1472.141,1000,1000,1517.142,1527.845,1547.304,1459.515,1460.313,1460.952,1463.84,1464.175,1000,1473.175,1476.52,1478.344,1483.087,1000,1000,1000,1000,1594.464,1592.274,1000,1000,1000,1000,1000,1000,1000,1000,1000,1000,1000,1000,1000,1000,1000,1000,1000,1000,1000,1000,1000,1000,1000,1000,1000,1000,1000,1000,1000,1000,1000,1000,1000,1000,1000,1000,1000,1000,1000,1673.792,1655.306,1640.224,1625.63,1611.278,1600.575,1594.008,1586.467,1577.953,1575.399,1570.139,1566.536,1565.396,1564.636,1645.576,1629.035,1610.548,1587.926,1574.548,1563.967,1554.358,1551.926,1547.061,1543.656,1540.357,1538.152,1631.468,1616.386,1593.521,1589.143,1581.845,1568.224,1558.007,1546.088,1537.21,1526.385,1521.155,1515.469,1512.611,1510.49,1509.882,1583.305,1575.521,1557.034,1544.872,1535.872,1527.358,1000,1000,1502.304,1495.979,1491.236,1489.625,1487.937,1486.835,1575.034,1562.872,1544.872,1528.818,1519.574,1505.466,1494.52,1488.439,1482.236,1476.885,1473.175,1468.006,1463.688,1462.138,1460.063,1558.494,1539.52,1524.926,1505.466,1490.628,1480.168,1473.357,1466.06,1459.736,1456.452,1451.1,1445.384,1441.705,1439.166,1437.106,1436.164,1531.25,1513.25,1496.709,1481.141,1470.682,1460.709,1452.925,1438.695,1430.668,1000,1000,1000,1000,1000,1000,1000,1000,1000,1000,1000,1000,1000,1000,1000,1000,1000,1000,1000,1000,1000,1000,1000,1000,1000,1000,1000,1000,1000,1000,1000,1000,1000,1000,1000,1000,1000
1000,1000,1000,1000,1000,1000,1000,1000,1000,1000,1000,1000,1000,1000,1000,1000,1000,1000,1000,1000,1000,1000,1000,1000,1000,1000,1000,1000,1000,1000,1000,1000,1000,1000,1000,1000,1000,1000,1000,1000,1000,1000,1000,1000,1000,1000,1000,1000,1000,1000,1000,1000,1000,1227.618,1228.226,1228.895,1229.047,1230.354,1000,1000,1000,1000,1242.881,1242.881,1241.787,1241.787,1000,1000,1000,1000,1000,1235.949,1246.652,1253.949,1261.247,1266.111,1272.922,1276.328,1278.274,1281.679,1291.409,1296.274,1303.085,1315.247,1208.257,1208.333,1208.599,1208.918,1209.587,1210.636,1211.761,1212.506,1214.026,1214.422,1214.786,1216.307,1217.462,1219.53,1221.537,1223.787,1225.125,1228.773,1231.571,1236.071,1240.814,1243.003,1245.679,1247.868,1249.571,1252.003,1260.274,1265.868,1269.517,1277.787,1282.652,1284.112,1283.625,1293.842,1296.274,1299.193,1307.95,1316.707,1321.085,1329.842,1224.167,1224.243,1224.722,1224.995,1225.687,1226.204,1228.074,1229.229,1230.962,1232.543,1234.307,1234.55,1235.949,1236.8,1238.017,1238.625,1241.422,1244.341,1247.99,1252.003,1255.409,1259.057,1262.22,1266.355,1267.084,1271.949,1275.841,1000,1000,1000,1273.721,1273.5,1273.371,1273.804,1000,1000,1000,1000,1268.057,1263.557,1257.719,1000,1000,1000,1000,1000,1000,1274.747,1000,1000,1000,1000,1000,1000,1000,1000,1000,1000,1000,1000,1000,1000,1000,1000,1259.909,1261.49,1262.706,1264.895,1267.206,1270.003,1275.112,1279.004,1285.085,1292.625,1297.734,1302.112,1306.004,1313.788,1317.68,1326.437,1335.193,1336.167,1341.031,1347.842,1352.221,1363.896,1255.226,1255.675,1256.45,1257.446,1258.328,1259.361,1260.365,1261.916,1263.193,1265.99,1267.936,1270.125,1271.828,1274.382,1275.476,1278.274,1282.774,1288.49,1291.896,1299.193,1307.707,1308.923,1316.707,1322.058,1326.923,1332.761,1337.626,1347.842,1000,1000,1000,1000,1000,1136.704,1138.65,1141.083,1141.083,1138.65,1135.245,1126.975,1116.758,1104.109,1098.515,1095.353,1092.677,1090.974,1090.488,1089.515,1088.542,1089.028,1088.542,1088.055,1087.569,1087.569,1086.596,1086.231,1085.258,1084.771,1083.92,1083.92,1084.771,1085.258,1086.231,1088.055,1089.028,1089.028,1090.488,1090.974,1091.461,1092.677,1093.65,1094.136,1095.839,1096.812,1099.245,1100.947,1103.38,1109.218,1120.164,1137.677,1151.299,1158.11,1162.002,1162.002,1162.975,1157.137,1153.245,1151.299,1153.245,1152.272,1152.272,1150.326,1000,1000,1000,1402.329,1405.735,1404.275,1419.843,1420.816,1431.519,1425.681,1441.735,1446.6,1444.654,1430.546,1000,1000,1180.246,1172.705,1172.705,1174.894,1187.056,1000,1000,1000,1000,1382.87,1389.924,1000,1000,1000,1000,1000,1140.414,1241.3,1217.462,1214.057,1212.111,1205.3,1210.651,1000,1000,1000,1151.976,1151.938,1152.052,1256.868,1000,1000,1000,1000,1000,1000,1000,1000,1000,1000,1000,1000,1158.11,1154.705,1154.705,1153.124,1152.82,1152.272,1155.313,1000,1000,1000,1000,1000,1000,1000,1000,1000,1000,1000,1000,1000,1000,1000,1000,1000,1000,1392.721,1395.275,1397.586,1404.519,1404.032,1417.897,1420.573,1417.897,1418.384,1428.114,1431.033,1445.141,1465.573,1486.493,1391.52,1392.28,1393.664,1394.15,1395.427,1395.427,1397.951,1400.627,1403.607,1405.37,1412.911,1416.194,1425.438,1437.357,1450.979,1455.844,1465.573,1468.006,1480.168,1494.763,1512.763,1415.039,1416.02,1418.475,1420.877,1423.249,1426.35,1431.762,1437.114,1443.681,1446.6,1452.438,1454.627,1463.871,1472.871,1490.385,1507.412,1533.196,1436.202,1438.102,1441.34,1441.705,1443.985,1448.06,1451.708,1000,1000,1000,1000,1000,1499.141,1513.736,1523.953,1540.493,1459.401,1460.063,1460.458,1462.138,1000,1000,1000,1479.074,1479.439,1000,1000,1000,1000,1000,1593.886,1592.571,1000,1000,1000,1000,1000,1000,1000,1000,1000,1000,1000,1000,1000,1000,1000,1000,1000,1000,1000,1000,1000,1000,1000,1000,1000,1000,1000,1000,1000,1000,1000,1000,1000,1000,1000,1000,1000,1000,1000,1674.765,1654.333,1641.197,1622.711,1609.332,1598.629,1591.21,1583.062,1576.798,1573.818,1569.592,1566.034,1565.084,1564.522,1642.657,1623.684,1604.224,1582.089,1568.224,1562.629,1552.899,1550.71,1545.602,1542.531,1539.292,1538.023,1633.413,1623.684,1600.818,1593.521,1580.386,1566.764,1556.061,1545.602,1536.723,1525.047,1520.365,1514.588,1511.289,1510.224,1610.062,1584.278,1578.44,1561.899,1549.25,1532.223,1523.466,1511.547,1503.033,1497.804,1494.337,1490.324,1489.381,1488.195,1486.911,1578.926,1563.845,1000,1529.791,1000,1503.52,1491.358,1486.128,1480.168,1475.425,1471.959,1468.492,1463.384,1461.347,1459.667,1551.683,1528.818,1518.115,1500.601,1486.736,1475.06,1468.492,1460.952,1454.263,1451.465,1447.208,1442.1,1440.033,1438.315,1436.711,1436.125,1533.196,1515.196,1492.331,1479.195,1465.33,1453.654,1445.627,1000,1000,1000,1422.336,1000,1000,1000,1000,1000,1000,1000,1000,1000,1000,1000,1000,1000,1000,1000,1000,1000,1000,1000,1000,1000,1000,1000,1000,1000,1000,1000,1000,1000,1000,1000,1000,1000,1000,1000
1000,1000,1000,1000,1000,1000,1000,1000,1000,1000,1000,1000,1000,1000,1000,1000,1000,1000,1000,1000,1000,1000,1000,1000,1000,1000,1000,1000,1000,1000,1000,1000,1000,1000,1254.436,1253.219,1249.571,1255.165,1255.652,1266.598,1265.139,1276.814,1285.085,1288.49,1290.923,1305.031,1314.761,1313.788,1329.842,1223.787,1224.129,1224.38,1224.782,1224.927,1225.489,1225.991,1226.204,1227.055,1229.047,1230.78,1232.787,1235.645,1238.99,1239.354,1239.354,1239.354,1238.381,1235.949,1000,1000,1000,1232.3,1248.111,1255.409,1263.193,1265.625,1271.949,1275.355,1280.706,1284.598,1295.301,1300.166,1305.517,1314.274,1317.193,1208.257,1208.447,1208.766,1209.215,1210.119,1210.986,1211.898,1213.145,1214.026,1214.786,1216.064,1216.976,1219.53,1220.928,1223.422,1225.854,1229.625,1231.206,1235.584,1240.327,1242.517,1243.49,1248.354,1249.571,1253.219,1259.544,1267.084,1269.517,1277.787,1280.22,1281.679,1282.652,1294.815,1295.301,1301.139,1309.896,1318.653,1321.085,1331.788,1224.205,1224.38,1224.722,1225.071,1225.687,1225.991,1227.466,1228.895,1230.78,1232.3,1233.76,1234.55,1235.645,1236.8,1237.713,1238.99,1241.057,1244.341,1247.138,1251.638,1253.949,1257.355,1261.733,1267.084,1268.057,1273.895,1278.517,1000,1000,1000,1273.432,1273.371,1273.576,1274.139,1000,1000,1000,1000,1262.706,1261.49,1259.179,1000,1000,1000,1000,1000,1000,1275.705,1000,1000,1000,1000,1000,1000,1000,1000,1000,1000,1000,1000,1000,1000,1000,1261.125,1260.76,1262.706,1264.895,1266.72,1268.057,1270.976,1275.112,1278.517,1284.355,1290.193,1295.544,1299.68,1303.571,1309.896,1317.193,1323.031,1328.383,1336.167,1342.004,1346.869,1354.167,1362.924,1255.112,1255.675,1256.29,1257.233,1258.191,1259.513,1260.547,1262.524,1263.436,1265.443,1267.632,1269.517,1269.76,1272.922,1275.112,1276.693,1280.95,1287.517,1291.896,1297.004,1304.301,1308.193,1311.112,1320.599,1325.95,1331.788,1339.572,1349.788,1357.572,1000,1000,1000,1000,1137.677,1137.677,1139.623,1139.623,1137.677,1133.786,1125.029,1113.839,1104.109,1097.542,1095.353,1092.677,1090.974,1089.515,1088.542,1087.569,1087.569,1087.569,1087.082,1087.082,1087.082,1086.231,1085.744,1084.771,1083.92,1083.069,1083.069,1083.433,1083.92,1085.744,1087.082,1088.542,1089.028,1090.488,1090.974,1091.461,1091.947,1092.677,1094.136,1094.623,1096.326,1098.028,1100.461,1103.38,1109.704,1121.137,1134.272,1148.38,1153.245,1159.083,1159.083,1160.056,1155.191,1153.245,1151.299,1155.191,1158.11,1162.002,1162.002,1000,1000,1000,1000,1408.167,1408.167,1425.681,1428.6,1438.33,1443.681,1453.411,1453.411,1000,1000,1000,1000,1180.246,1172.218,1171.245,1174.408,1182.678,1000,1000,1000,1000,1374.964,1383.843,1000,1000,1000,1000,1000,1000,1245.192,1217.462,1215.516,1212.111,1201.895,1206.759,1000,1000,1000,1152.052,1152.128,1152.287,1152.014,1000,1000,1000,1000,1000,1000,1000,1000,1000,1000,1000,1000,1000,1152.82,1152.82,1151.968,1151.968,1151.421,1153.124,1000,1000,1000,1000,1000,1000,1000,1000,1000,1000,1000,1370.039,1370.548,1371.262,1372.045,1375.937,1378.248,1385.91,1389.559,1395.275,1397.1,1400.87,1401.356,1408.897,1411.816,1410.6,1416.681,1425.924,1432.492,1444.168,1460.709,1480.168,1391.368,1391.839,1393.041,1394.029,1395.731,1395.731,1399.228,1402.755,1405.37,1406.951,1414.127,1417.167,1423.249,1434.438,1452.438,1455.357,1464.601,1463.141,1474.817,1487.952,1505.952,1414.72,1415.936,1418.627,1420.482,1424.222,1428.114,1432.492,1435.046,1440.033,1442.708,1448.06,1450.735,1460.222,1472.871,1487.466,1506.439,1529.304,1436.278,1437.517,1439.881,1439.729,1441.705,1442.708,1445.871,1445.384,1453.168,1000,1000,1000,1506.439,1516.169,1521.52,1539.52,1560.44,1459.705,1460.313,1461.894,1463.536,1467.52,1473.844,1476.155,1479.439,1000,1000,1000,1000,1000,1000,1000,1592.274,1000,1000,1000,1000,1000,1000,1000,1000,1000,1000,1000,1000,1000,1000,1000,1000,1000,1000,1000,1000,1000,1000,1000,1000,1000,1000,1000,1000,1000,1000,1000,1000,1000,1000,1000,1000,1000,1000,1680.117,1662.117,1643.63,1621.251,1607.629,1594.981,1587.683,1581.602,1576.798,1572.602,1568.467,1565.327,1564.712,1661.63,1638.765,1623.684,1611.521,1584.035,1000,1563.967,1555.088,1549.798,1544.933,1542.196,1539.079,1537.84,1537.316,1632.441,1605.683,1592.548,1580.872,1562.629,1550.71,1541.466,1533.196,1522.007,1517.932,1513.676,1511.289,1510.224,1610.062,1586.224,1574.548,1562.386,1549.737,1535.142,1523.953,1514.709,1505.588,1500.115,1495.25,1491.236,1490.324,1489.016,1487.367,1486.569,1573.088,1000,1528.818,1516.898,1501.817,1485.641,1481.385,1476.52,1471.107,1467.763,1465.239,1461.56,1460.389,1459.401,1548.764,1527.845,1517.142,1506.439,1490.628,1480.898,1472.141,1464.114,1454.627,1450.492,1444.411,1441.34,1439.44,1000,1436.445,1436.164,1529.304,1512.277,1490.385,1480.168,1461.925,1452.438,1442.708,1000,1000,1000,1423.492,1000,1000,1000,1000,1000,1000,1000,1000,1000,1000,1000,1000,1000,1000,1000,1000,1000,1000,1000,1000,1000,1000,1000,1000,1000,1000,1000,1000,1000,1000,1000,1000,1000,1000,1000
1000,1000,1000,1000,1000,1000,1000,1000,1000,1000,1000,1000,1000,1000,1000,1000,1000,1000,1000,1000,1000,1000,1000,1000,1000,1000,1000,1000,1000,1000,1000,1000,1000,1000,1245.679,1244.463,1242.517,1247.382,1249.571,1259.544,1259.544,1268.057,1275.355,1276.814,1279.247,1292.869,1304.058,1305.031,1317.68,1324.004,1330.815,1223.901,1224.167,1224.38,1224.782,1225.231,1225.581,1226.432,1227.466,1228.895,1230.354,1232.543,1235.098,1236.496,1236.8,1237.408,1237.104,1235.949,1000,1000,1000,1227.922,1243.49,1252.49,1258.328,1262.22,1268.544,1273.895,1279.247,1281.679,1292.382,1298.22,1301.139,1309.409,1315.247,1317.193,1208.485,1208.865,1209.504,1210.636,1211.624,1212.506,1213.479,1214.209,1215.03,1216.489,1217.949,1221.537,1222.449,1223.787,1225.854,1229.138,1229.625,1233.273,1237.895,1240.814,1243.003,1247.382,1250.787,1254.436,1260.274,1267.084,1268.544,1274.868,1277.787,1279.247,1281.193,1291.896,1294.815,1301.139,1309.896,1316.707,1319.626,1331.788,1224.167,1224.334,1224.722,1225.155,1225.581,1225.687,1226.797,1227.922,1229.777,1230.78,1232.787,1233.273,1234.55,1235.949,1238.017,1239.354,1242.152,1245.192,1248.841,1253.463,1257.355,1262.22,1267.084,1272.436,1272.436,1276.571,1278.517,1000,1000,1000,1273.5,1273.371,1273.432,1274.139,1000,1000,1000,1000,1000,1260.274,1259.179,1000,1000,1000,1000,1000,1277.544,1276.267,1273.371,1000,1000,1000,1000,1000,1000,1000,1000,1000,1000,1000,1000,1000,1000,1261.976,1262.706,1265.382,1265.747,1266.72,1267.571,1270.003,1274.625,1278.517,1284.355,1289.463,1294.085,1298.22,1301.139,1306.49,1310.382,1318.653,1328.383,1334.22,1340.058,1345.896,1358.059,1254.96,1255.34,1255.735,1256.29,1257.233,1257.932,1259.361,1260.912,1262.524,1263.679,1265.443,1267.632,1268.848,1270.733,1272.557,1275.112,1275.841,1281.801,1286.544,1292.382,1298.707,1303.571,1308.193,1312.572,1319.139,1323.518,1333.248,1342.977,1350.761,1360.491,1000,1000,1000,1000,1132.813,1136.218,1139.623,1140.596,1137.677,1133.786,1123.083,1113.839,1102.163,1096.812,1094.136,1091.947,1090.001,1088.542,1088.055,1086.596,1086.596,1087.569,1087.082,1087.082,1087.082,1085.744,1084.771,1084.406,1083.433,1082.582,1082.582,1082.582,1083.069,1084.406,1085.744,1087.569,1089.028,1090.488,1090.974,1091.947,1091.947,1092.677,1093.65,1094.623,1096.326,1098.028,1100.461,1102.65,1107.758,1118.704,1131.839,1144.002,1151.299,1156.164,1159.083,1160.056,1160.056,1156.164,1154.218,1157.137,1161.029,1163.948,1000,1000,1000,1000,1404.762,1404.275,1403.302,1415.465,1419.843,1429.573,1437.357,1453.411,1350.351,1000,1000,1000,1206.759,1179.759,1172.218,1171.245,1171.732,1180.246,1000,1000,1000,1000,1371.68,1000,1000,1000,1000,1000,1000,1000,1239.841,1216.489,1215.03,1211.138,1202.867,1208.705,1000,1000,1000,1152.052,1152.128,1152.128,1151.824,1000,1000,1000,1000,1000,1000,1000,1000,1000,1000,1000,1000,1000,1153.732,1152.272,1151.178,1151.178,1151.178,1152.272,1000,1000,1000,1000,1000,1000,1000,1450.006,1454.871,1457.79,1459.736,1370,1370.487,1371.528,1372.623,1375.724,1377.336,1383.052,1387.37,1393.573,1396.127,1398.438,1399.897,1405.492,1407.681,1409.87,1419.843,1428.114,1437.843,1449.033,1465.573,1479.195,1391.33,1391.596,1392.584,1393.238,1395.731,1395.579,1399.411,1402.451,1404.154,1405.066,1409.87,1414.127,1420.33,1433.708,1450.979,1459.249,1469.465,1471.411,1483.087,1492.817,1504.979,1414.796,1416.02,1418.475,1421.303,1425.255,1427.81,1431.397,1435.411,1437.843,1439.546,1442.708,1445.627,1453.654,1468.492,1486.493,1505.466,1522.98,1436.202,1437.038,1438.786,1439.44,1441.158,1441.006,1444.411,1446.175,1000,1000,1481.628,1489.898,1506.439,1510.331,1517.142,1533.682,1551.683,1459.477,1460.184,1461.56,1463.232,1467.763,1473.844,1475.425,1478.709,1000,1000,1000,1000,1000,1000,1000,1592.077,1000,1000,1000,1000,1000,1000,1000,1000,1000,1000,1000,1000,1000,1000,1000,1000,1000,1000,1000,1000,1000,1000,1000,1000,1000,1000,1000,1000,1000,1000,1000,1000,1000,1000,1000,1000,1000,1000,1677.198,1658.225,1637.792,1618.332,1602.278,1000,1000,1578.926,1573.332,1571.142,1566.855,1564.978,1564.522,1653.846,1630.008,1619.305,1606.656,1584.521,1000,1563.48,1556.183,1549.25,1544.081,1542.531,1539.079,1537.544,1537.126,1627.576,1603.737,1590.116,1583.305,1561.169,1549.98,1538.061,1532.466,1522.007,1517.689,1513.523,1511.942,1510.346,1509.92,1000,1000,1559.467,1547.791,1530.277,1522.736,1514.344,1505.952,1500.419,1496.223,1491.601,1490.476,1489.016,1487.139,1578.926,1570.656,1547.304,1525.899,1518.115,1504.25,1488.925,1482.601,1478.344,1471.959,1467.763,1463.992,1460.617,1459.553,1550.71,1535.628,1525.899,1519.574,1511.79,1490.628,1480.168,1468.492,1460.952,1451.465,1448.607,1442.891,1441.34,1439.44,1439.029,1437.342,1436.711,1539.034,1516.169,1488.925,1475.79,1458.276,1446.6,1438.695,1432.127,1427.201,1000,1423.249,1419.6,1416.909,1000,1000,1000,1000,1000,1000,1000,1000,1000,1000,1000,1000,1000,1000,1000,1000,1000,1000,1000,1000,1000,1000,1000,1000,1000,1000,1000,1000,1000,1000,1000,1000,1000
1000,1000,1000,1000,1000,1000,1000,1000,1000,1000,1000,1000,1000,1000,1000,1000,1000,1000,1000,1000,1000,1000,1000,1000,1000,1000,1000,1000,1000,1000,1000,1000,1000,1240.814,1240.327,1240.327,1239.841,1245.192,1246.652,1254.436,1257.598,1265.139,1270.976,1276.328,1278.76,1286.058,1293.842,1296.274,1306.977,1313.788,1318.653,1325.95,1223.825,1224.091,1224.38,1224.927,1225.406,1226.204,1226.797,1227.922,1229.229,1231.206,1233.516,1235.098,1235.402,1235.645,1235.098,1233.76,1000,1000,1000,1225.246,1242.03,1251.03,1256.868,1261.247,1267.084,1271.949,1279.247,1282.652,1292.382,1298.22,1299.193,1306.49,1311.355,1315.247,1208.485,1208.918,1209.663,1210.864,1212.05,1212.81,1213.844,1213.844,1214.786,1216.733,1217.462,1220.077,1222.449,1224.03,1225.489,1227.679,1229.989,1232.422,1236.071,1238.381,1242.517,1245.679,1249.084,1253.219,1260.274,1266.598,1272.436,1280.22,1282.652,1286.058,1288.49,1294.815,1296.274,1306.977,1313.788,1322.058,1326.923,1223.901,1224.205,1224.38,1224.661,1224.995,1225.315,1225.315,1226.098,1226.918,1228.53,1229.594,1232.3,1233.273,1234.55,1236.253,1238.381,1239.598,1242.881,1246.409,1249.328,1253.949,1256.868,1260.03,1265.139,1268.787,1270.733,1273.895,1277.058,1000,1000,1000,1273.188,1273.029,1273.576,1273.88,1274.853,1000,1000,1000,1000,1000,1000,1000,1000,1000,1000,1000,1279.612,1276.875,1000,1000,1000,1000,1000,1000,1000,1000,1000,1000,1000,1000,1000,1000,1000,1261.125,1259.909,1264.044,1265.382,1267.206,1269.031,1271.463,1275.598,1279.004,1283.625,1288.733,1294.085,1297.734,1300.652,1306.004,1310.382,1317.68,1325.95,1333.248,1342.004,1349.788,1357.086,1254.96,1255.378,1255.621,1256.131,1256.716,1257.02,1258.601,1260.182,1262.098,1263.01,1264.652,1266.233,1267.084,1269.152,1271.828,1274.017,1275.841,1279.977,1285.085,1290.679,1297.004,1302.355,1305.761,1308.923,1315.247,1320.599,1328.383,1337.139,1345.896,1355.626,1000,1000,1000,1000,1000,1136.704,1138.65,1137.677,1136.218,1131.839,1123.083,1107.758,1100.461,1095.839,1093.65,1091.461,1089.515,1088.542,1087.082,1086.596,1087.082,1088.055,1087.569,1088.055,1087.569,1085.258,1084.406,1083.433,1082.582,1081.731,1081.731,1082.217,1082.582,1083.433,1085.258,1087.569,1089.028,1090.488,1091.461,1091.947,1092.677,1091.947,1093.163,1094.136,1095.839,1096.812,1099.731,1101.677,1108.488,1118.218,1130.38,1143.029,1150.326,1155.191,1157.137,1159.083,1155.191,1153.245,1153.245,1155.191,1157.137,1161.029,1000,1000,1000,1000,1404.762,1401.843,1403.302,1411.086,1417.897,1426.654,1439.303,1452.438,1000,1000,1000,1000,1212.111,1183.894,1173.678,1173.191,1171.732,1175.381,1000,1000,1000,1000,1000,1000,1000,1000,1000,1000,1000,1000,1000,1216.489,1215.03,1211.138,1202.867,1208.705,1000,1000,1000,1151.938,1152.052,1152.014,1151.862,1000,1000,1000,1000,1000,1000,1000,1000,1000,1000,1000,1000,1000,1000,1154.34,1151.968,1151.725,1150.874,1150.874,1000,1000,1407.924,1412.059,1414.978,1422.276,1433.952,1445.141,1449.033,1448.06,1456.817,1369.734,1370.077,1370.669,1371.726,1374.022,1375.724,1379.708,1384.329,1389.924,1391.87,1395.762,1397.1,1401.356,1405.492,1407.681,1415.951,1425.195,1435.411,1447.573,1462.655,1474.33,1492.331,1391.254,1391.893,1392.508,1394.682,1394.971,1398.742,1401.417,1403.302,1404.762,1409.14,1413.276,1418.505,1429.573,1446.6,1453.898,1464.601,1470.438,1485.033,1486.006,1496.709,1414.568,1415.632,1417.38,1420.695,1423.978,1423.978,1427.81,1431.397,1433.587,1437.479,1445.627,1448.79,1455.357,1469.222,1484.06,1000,1000,1436.399,1437.889,1439.577,1440.337,1441.34,1440.489,1443.742,1445.384,1000,1468.492,1484.547,1492.817,1510.331,1509.358,1518.601,1531.737,1545.358,1560.44,1459.842,1460.868,1462.381,1466.668,1471.715,1472.567,1474.087,1000,1000,1000,1000,1000,1593.019,1592.571,1591.879,1000,1000,1000,1000,1000,1000,1000,1000,1000,1000,1000,1000,1000,1000,1000,1000,1000,1000,1000,1000,1000,1000,1000,1000,1000,1000,1000,1000,1000,1000,1000,1000,1000,1000,1000,1000,1000,1591.575,1667.954,1650.927,1637.792,1618.332,1601.792,1593.035,1000,1577.649,1573.332,1570.717,1566.749,1565.472,1564.56,1648.495,1629.035,1620.765,1605.197,1589.143,1569.196,1565.791,1555.453,1547.061,1541.679,1540.767,1538.152,1537.354,1634.386,1632.441,1610.548,1594.494,1584.278,1563.115,1545.602,1535.872,1530.034,1520.608,1516.047,1512.611,1511.129,1510.072,1606.17,1000,1000,1000,1546.331,1531.493,1523.466,1512.885,1505.588,1499.202,1495.736,1490.932,1490.476,1489.26,1487.367,1575.034,1567.737,1543.899,1524.926,1518.115,1506.682,1490.871,1482.236,1476.885,1471.715,1466.851,1462.791,1460.245,1459.287,1542.439,1527.845,1522.98,1516.169,1510.331,1487.952,1477.979,1465.573,1458.884,1449.823,1446.965,1443.073,1441.006,1438.664,1000,1436.893,1000,1527.358,1510.331,1482.601,1467.763,1455.357,1000,1437.114,1432.492,1000,1000,1000,1000,1000,1000,1000,1000,1000,1000,1000,1000,1000,1000,1000,1000,1000,1000,1000,1000,1000,1000,1000,1000,1000,1000,1000,1000,1000,1000,1000,1000,1000,1000,1000,1000,1000,1000
1000,1000,1000,1000,1000,1000,1000,1000,1000,1000,1000,1000,1000,1000,1000,1000,1000,1000,1000,1000,1000,1000,1000,1000,1000,1000,1000,1000,1000,1000,1000,1000,1234.246,1238.868,1240.814,1240.814,1240.814,1245.192,1246.652,1252.003,1256.382,1264.409,1271.463,1275.355,1277.787,1284.112,1289.463,1292.869,1302.112,1310.869,1316.707,1323.031,1330.815,1223.977,1224.243,1224.661,1225.071,1225.991,1226.31,1227.466,1228.895,1230.78,1233.03,1235.098,1235.402,1235.645,1235.402,1233.516,1000,1000,1000,1225.733,1240.814,1250.301,1255.895,1259.787,1266.111,1271.949,1279.247,1286.544,1294.328,1300.166,1301.139,1307.463,1311.355,1208.295,1208.523,1209.154,1209.922,1210.864,1211.351,1212.506,1213.145,1213.479,1214.209,1216.976,1218.192,1220.381,1223.422,1225.125,1226.219,1227.314,1229.138,1231.206,1234.611,1238.381,1243.49,1246.652,1249.571,1253.219,1256.868,1263.679,1268.544,1276.328,1280.22,1285.085,1288.49,1295.301,1300.166,1310.869,1316.707,1322.058,1326.923,1223.863,1224.091,1224.334,1224.6,1225.071,1225.406,1225.778,1226.554,1227.77,1229.412,1230.172,1232.057,1233.516,1234.307,1236.253,1238.625,1241.057,1245.557,1250.179,1254.436,1260.76,1265.139,1267.084,1271.949,1272.436,1271.949,1273.895,1275.841,1000,1000,1000,1273.31,1273.135,1273.5,1273.88,1274.534,1000,1000,1000,1000,1000,1000,1000,1000,1000,1000,1000,1279.004,1277.362,1274.534,1000,1000,1000,1000,1000,1000,1000,1000,1000,1000,1000,1000,1000,1000,1261.49,1259.544,1262.341,1263.557,1265.382,1266.233,1270.49,1275.112,1279.004,1284.355,1291.409,1294.085,1299.193,1303.571,1307.463,1309.896,1317.68,1322.058,1328.383,1339.085,1347.842,1357.086,1254.998,1255.515,1255.735,1255.986,1256.45,1256.914,1257.689,1259.361,1261.125,1262.341,1263.922,1265.99,1268.24,1270.125,1272.557,1275.841,1277.058,1281.314,1287.031,1290.679,1296.274,1301.139,1305.761,1308.193,1314.761,1322.058,1329.356,1337.626,1344.923,1356.599,1000,1000,1000,1000,1000,1133.786,1136.218,1136.218,1134.272,1129.407,1118.704,1107.758,1099.245,1094.623,1092.677,1090.488,1088.542,1088.055,1086.596,1086.231,1087.082,1088.055,1088.055,1088.055,1087.569,1085.258,1083.92,1083.433,1082.582,1082.217,1082.217,1081.731,1082.217,1083.069,1084.406,1086.231,1088.542,1090.001,1090.974,1091.461,1091.947,1091.947,1092.677,1093.65,1095.353,1095.839,1098.028,1100.461,1105.812,1111.65,1126.975,1137.677,1147.407,1152.272,1155.191,1156.164,1156.164,1153.245,1155.191,1154.218,1156.164,1000,1000,1000,1000,1000,1403.302,1399.897,1407.194,1415.951,1422.762,1420.816,1000,1000,1000,1000,1000,1000,1000,1180.246,1175.381,1173.678,1172.218,1177.57,1000,1000,1000,1000,1000,1000,1000,1000,1000,1000,1000,1000,1000,1216.489,1209.678,1205.3,1199.462,1205.3,1000,1000,1000,1263.679,1151.938,1151.938,1151.9,1000,1000,1000,1000,1000,1000,1000,1000,1000,1000,1000,1000,1000,1000,1153.428,1151.178,1150.874,1149.84,1150.387,1000,1000,1403.059,1407.924,1411.573,1419.843,1426.168,1437.357,1443.195,1447.087,1459.736,1369.886,1370.327,1370.73,1371.528,1373.277,1375.177,1377.822,1381.897,1386.64,1389.924,1393.086,1396.127,1400.87,1405.492,1407.681,1417.897,1426.654,1436.384,1448.06,1462.655,1474.33,1494.277,1391.406,1392.075,1392.668,1394.409,1394.682,1397.708,1400.14,1402.208,1404.762,1410.6,1415.83,1422.276,1429.573,1443.195,1451.465,1457.79,1466.547,1484.06,1488.925,1497.682,1414.758,1415.632,1416.909,1420.695,1424.222,1424.465,1428.114,1431.397,1432.857,1436.627,1442.708,1448.06,1456.573,1467.276,1482.601,1499.141,1000,1435.897,1436.772,1437.691,1438.315,1439.881,1440.033,1444.168,1447.208,1460.1,1470.195,1489.898,1494.763,1510.331,1509.358,1000,1524.926,1539.52,1552.656,1459.515,1460.389,1462.259,1465.239,1469.77,1472.871,1475.79,1474.817,1000,1000,1000,1000,1592.51,1592.449,1591.841,1000,1000,1000,1000,1000,1000,1000,1000,1000,1000,1000,1000,1000,1000,1000,1000,1000,1000,1000,1000,1000,1000,1000,1000,1000,1000,1000,1000,1000,1000,1000,1000,1000,1000,1000,1000,1000,1684.009,1662.117,1647.035,1632.927,1617.603,1601.305,1590.724,1000,1576.494,1572.176,1569.774,1566.855,1565.776,1564.56,1647.522,1624.17,1613.954,1601.305,1587.926,1570.656,1566.277,1555.088,1546.088,1541.223,1539.733,1537.734,1634.386,1629.522,1620.278,1599.845,1584.278,1571.629,1555.575,1540.98,1532.466,1528.574,1520.121,1516.412,1512.49,1510.909,1510.11,1602.278,1576.494,1568.71,1554.602,1543.412,1530.764,1521.763,1513.858,1505.952,1500.419,1496.223,1491.935,1490.628,1489.898,1487.367,1572.115,1558.007,1534.656,1519.088,1512.52,1503.52,1491.358,1482.601,1476.52,1471.411,1466.668,1463.688,1460.693,1459.401,1548.764,1534.656,1528.818,1523.953,1518.115,1491.358,1479.195,1464.114,1456.817,1448.364,1444.168,1441.34,1439.729,1437.691,1437.266,1436.65,1536.115,1514.223,1501.088,1474.817,1461.925,1452.438,1442.344,1437.114,1432.857,1427.201,1424.222,1422.093,1000,1000,1000,1000,1000,1000,1000,1000,1000,1000,1000,1000,1000,1000,1000,1000,1000,1000,1000,1000,1000,1000,1000,1000,1000,1000,1000,1000,1000,1000,1000,1000,1000,1000,1000
1000,1000,1000,1000,1000,1000,1000,1000,1000,1000,1000,1000,1000,1000,1000,1000,1000,1000,1000,1000,1000,1000,1000,1000,1000,1000,1000,1000,1220.077,1000,1000,1000,1233.273,1235.584,1238.868,1238.381,1239.354,1243.976,1245.192,1248.354,1254.436,1262.22,1269.517,1275.355,1279.247,1285.085,1287.517,1290.923,1298.22,1306.004,1309.896,1317.68,1324.977,1332.761,1223.977,1224.38,1224.851,1225.581,1226.098,1227.329,1228.53,1230.172,1232.057,1233.273,1233.273,1233.76,1232.787,1231.875,1000,1000,1000,1223.3,1240.814,1252.49,1259.787,1263.193,1271.949,1275.355,1284.598,1288.49,1297.247,1299.193,1302.112,1305.517,1311.355,1208.257,1208.561,1209.032,1209.838,1210.53,1211.351,1212.202,1213.327,1213.479,1215.03,1217.705,1218.983,1220.928,1224.395,1225.489,1226.584,1227.679,1229.138,1230.841,1234.611,1238.868,1243.976,1246.652,1250.301,1253.219,1255.652,1259.544,1268.057,1275.355,1281.193,1287.517,1293.842,1299.193,1303.085,1312.815,1319.626,1324.977,1330.815,1223.977,1224.167,1224.288,1224.486,1224.995,1225.489,1225.991,1226.918,1228.074,1229.594,1230.598,1232.787,1234.854,1236.496,1238.99,1241.787,1244.341,1249.328,1253.949,1257.355,1263.436,1268.057,1269.517,1275.112,1277.058,1277.787,1279.977,1281.436,1000,1000,1000,1273.082,1273.135,1273.371,1273.804,1274.336,1275.324,1000,1000,1000,1000,1000,1000,1000,1000,1000,1000,1000,1000,1000,1000,1000,1000,1000,1000,1000,1000,1000,1000,1000,1000,1000,1000,1000,1263.557,1259.544,1261.49,1263.193,1264.895,1265.747,1270.003,1273.652,1277.787,1281.922,1288.004,1293.355,1299.193,1304.058,1308.923,1314.761,1318.653,1325.95,1333.248,1337.139,1347.842,1354.167,1254.922,1255.226,1255.515,1255.796,1256.29,1256.541,1257.233,1259.361,1260.912,1262.098,1264.166,1265.686,1267.084,1267.936,1270.733,1273.652,1277.058,1279.977,1286.058,1288.004,1293.355,1298.707,1303.085,1306.247,1311.112,1319.139,1327.896,1335.193,1343.95,1358.545,1371.68,1000,1000,1000,1000,1131.839,1135.245,1134.272,1130.38,1126.488,1116.029,1105.812,1098.028,1093.65,1091.461,1090.001,1088.055,1087.082,1086.231,1085.258,1086.596,1087.082,1087.082,1087.082,1086.596,1084.771,1083.92,1083.433,1082.582,1081.731,1081.731,1081.366,1082.217,1083.069,1083.92,1085.744,1088.055,1089.515,1090.001,1090.488,1090.488,1090.488,1090.974,1091.947,1093.65,1094.136,1096.326,1099.245,1103.38,1111.164,1125.029,1135.245,1145.461,1149.353,1152.272,1152.272,1152.272,1152.272,1154.218,1155.191,1157.137,1000,1000,1000,1000,1000,1000,1394.546,1000,1000,1000,1000,1000,1000,1000,1000,1000,1000,1000,1177.57,1173.191,1173.191,1172.218,1178.543,1000,1000,1000,1000,1000,1000,1000,1000,1000,1000,1000,1000,1000,1227.192,1208.705,1204.327,1200.435,1205.3,1000,1000,1000,1151.938,1152.287,1152.128,1152.166,1263.679,1000,1000,1000,1000,1000,1000,1350.541,1351.027,1351.149,1000,1000,1000,1000,1152.82,1151.968,1151.725,1150.63,1149.84,1000,1000,1399.654,1403.546,1410.113,1415.951,1421.303,1432.492,1436.87,1444.168,1455.844,1369.772,1370.039,1370.434,1371.179,1372.623,1374.478,1377.336,1380.012,1384.329,1387.735,1393.573,1396.613,1401.843,1407.194,1413.032,1419.114,1430.06,1440.762,1453.411,1466.547,1475.303,1491.358,1391.33,1391.893,1392.349,1394.029,1394.682,1398.316,1401.417,1403.607,1407.681,1413.762,1418.992,1423.249,1430.789,1440.519,1448.06,1453.898,1464.114,1483.087,1492.817,1504.006,1414.796,1415.86,1416.909,1419.417,1423.005,1423.978,1426.654,1430.06,1434.681,1438.33,1444.168,1451.465,1458.276,1464.601,1477.249,1000,1000,1435.897,1436.445,1437.425,1438.208,1439.729,1440.337,1445.141,1449.519,1461.438,1471.655,1486.006,1489.168,1506.925,1516.169,1532.709,1537.574,1549.737,1459.401,1459.796,1460.693,1462.259,1465.239,1000,1471.107,1476.885,1000,1000,1000,1000,1000,1000,1592.274,1000,1000,1000,1000,1000,1000,1000,1000,1000,1000,1000,1000,1000,1000,1000,1000,1000,1000,1000,1000,1000,1000,1000,1000,1000,1000,1000,1000,1000,1000,1000,1000,1000,1000,1000,1000,1000,1000,1673.792,1654.333,1644.603,1631.468,1619.792,1603.494,1594.494,1582.332,1576.494,1571.751,1568.467,1565.396,1564.833,1656.765,1635.846,1621.738,1000,1604.224,1591.089,1574.548,1564.453,1553.629,1544.933,1540.919,1539.855,1537.681,1627.576,1620.278,1612.494,1587.683,1569.683,1559.223,1545.602,1533.682,1526.385,1525.412,1520.121,1516.412,1513.113,1511.372,1510.148,1594.981,1569.196,1563.359,1550.71,1541.953,1534.656,1524.439,1513.858,1505.223,1499.81,1494.094,1490.78,1489.503,1488.91,1486.797,1563.845,1550.223,1531.25,1513.25,1511.304,1503.033,1493.547,1483.087,1477.979,1471.411,1465.817,1462.655,1460.952,1459.439,1552.656,1543.412,1531.737,1521.52,1514.223,1491.358,1479.195,1467.033,1460.1,1449.823,1444.898,1441.887,1439.577,1437.425,1436.893,1436.354,1531.25,1511.304,1496.709,1474.33,1458.276,1449.762,1441.37,1434.681,1430.06,1000,1000,1419.417,1000,1000,1000,1000,1000,1000,1000,1000,1000,1000,1000,1000,1000,1000,1000,1000,1000,1000,1000,1000,1000,1000,1000,1000,1000,1000,1000,1000,1000,1000,1000,1000,1000,1000,1000
1000,1000,1000,1000,1000,1000,1000,1000,1000,1000,1000,1000,1000,1000,1000,1000,1000,1000,1000,1000,1000,1000,1000,1000,1000,1000,1000,1000,1000,1000,1000,1229.138,1232.422,1235.098,1237.408,1238.868,1240.327,1245.192,1246.165,1249.084,1255.165,1261.49,1268.057,1272.436,1275.355,1281.193,1284.112,1288.49,1294.815,1304.058,1306.977,1314.761,1322.058,1332.761,1223.977,1224.38,1224.782,1225.315,1225.778,1226.797,1227.922,1229.229,1230.598,1231.875,1231.875,1232.057,1231.875,1230.962,1234.55,1000,1000,1000,1240.084,1252.49,1259.787,1263.679,1269.517,1272.922,1279.247,1281.679,1290.436,1293.355,1300.166,1303.085,1310.382,1317.193,1208.523,1209.032,1209.838,1210.636,1211.351,1212.05,1212.962,1213.145,1214.604,1217.705,1220.381,1222.145,1225.854,1226.584,1225.489,1225.854,1228.043,1229.625,1234.246,1238.868,1244.463,1246.165,1249.571,1251.517,1253.949,1258.328,1266.598,1274.868,1284.112,1290.436,1296.274,1303.085,1306.977,1311.842,1317.68,1324.004,1326.923,1223.901,1224.129,1224.334,1224.661,1225.231,1225.687,1226.432,1227.329,1228.226,1229.777,1230.78,1232.787,1235.645,1237.408,1241.057,1244.341,1246.773,1250.665,1254.436,1258.084,1263.436,1270.733,1273.166,1277.787,1280.706,1282.166,1281.436,1281.436,1000,1000,1000,1272.983,1272.938,1273.082,1273.5,1273.804,1274.427,1275.568,1277.179,1000,1000,1000,1000,1000,1000,1000,1000,1000,1000,1000,1000,1000,1000,1000,1000,1000,1000,1000,1000,1506.196,1000,1000,1000,1000,1259.179,1257.355,1258.449,1259.544,1261.976,1263.557,1267.571,1270.976,1276.328,1280.22,1286.787,1292.625,1299.193,1302.599,1308.923,1312.815,1315.247,1321.572,1328.383,1337.139,1344.923,1354.167,1361.951,1255.074,1255.302,1255.735,1256.366,1256.541,1257.233,1258.601,1259.848,1260.912,1262.767,1265.199,1266.537,1268.24,1271.463,1275.112,1277.544,1280.95,1286.058,1289.22,1293.355,1297.49,1303.085,1305.761,1311.112,1317.68,1325.95,1332.761,1341.518,1352.707,1363.41,1000,1000,1000,1000,1131.353,1132.813,1131.353,1126.488,1120.164,1112.38,1104.109,1098.028,1093.65,1090.488,1088.542,1087.082,1085.744,1084.771,1084.406,1085.258,1085.258,1086.231,1086.231,1086.231,1084.406,1083.433,1083.069,1082.217,1081.731,1081.731,1081.731,1081.731,1082.582,1083.433,1084.771,1086.231,1088.055,1088.542,1089.515,1089.028,1088.542,1089.028,1090.488,1091.461,1093.163,1095.839,1098.028,1101.677,1107.758,1116.758,1130.38,1140.596,1144.975,1150.326,1150.326,1149.353,1149.353,1152.272,1148.38,1150.326,1000,1000,1000,1000,1000,1000,1000,1000,1000,1000,1000,1000,1000,1000,1000,1000,1000,1000,1173.191,1172.705,1173.191,1172.218,1177.083,1000,1000,1000,1000,1000,1000,1000,1000,1000,1329.059,1000,1000,1000,1000,1210.651,1203.84,1201.408,1206.759,1000,1000,1000,1152.166,1152.432,1152.09,1151.9,1254.922,1000,1000,1000,1000,1000,1443.681,1451.465,1350.617,1350.974,1351.483,1000,1000,1000,1151.725,1150.874,1150.387,1150.387,1149.597,1000,1000,1402.329,1405.735,1410.113,1413.519,1419.843,1429.573,1438.33,1446.114,1460.709,1369.963,1370.191,1370.434,1371.262,1372.38,1373.87,1376.302,1379.221,1382.444,1385.302,1391.87,1397.1,1404.519,1409.87,1415.951,1421.789,1430.06,1437.843,1452.438,1462.655,1470.438,1484.547,1391.33,1391.786,1392.136,1393.451,1394.682,1397.525,1399.411,1402.755,1406.951,1412.059,1418.992,1425.438,1431.276,1437.357,1445.141,1448.06,1459.249,1480.168,1492.817,1504.979,1414.91,1416.111,1416.909,1419.083,1421.668,1421.668,1424.769,1430.06,1435.897,1440.884,1449.276,1457.79,1463.871,1468.492,1487.466,1496.709,1000,1000,1000,1438.208,1439.881,1441.523,1443.317,1447.756,1454.992,1467.52,1472.871,1484.547,1488.682,1504.006,1515.196,1538.547,1536.601,1554.602,1459.553,1460.002,1460.693,1462.381,1464.692,1467.52,1469.77,1473.844,1000,1000,1000,1000,1000,1591.689,1000,1000,1000,1000,1000,1000,1000,1000,1000,1000,1000,1000,1000,1000,1000,1000,1000,1000,1000,1000,1000,1000,1000,1000,1000,1000,1000,1000,1000,1000,1000,1000,1000,1000,1000,1000,1000,1000,1000,1000,1647.035,1638.765,1629.035,1615.656,1599.602,1590.724,1579.899,1576.494,1572.419,1569.592,1566.034,1565.396,1656.765,1630.981,1613.954,1601.792,1590.359,1582.818,1569.683,1560.075,1550.71,1544.507,1539.976,1539.612,1537.544,1626.603,1611.521,1609.575,1585.251,1566.764,1554.845,1545.115,1531.615,1525.047,1524.074,1519.574,1515.834,1512.733,1510.84,1509.958,1587.197,1563.359,1556.061,1545.358,1537.818,1530.277,1519.574,1511.547,1504.493,1498.351,1493.486,1490.324,1488.484,1487.489,1576.98,1555.088,1537.574,1520.547,1507.412,1503.52,1496.709,1491.844,1483.939,1477.249,1470.864,1465.057,1462.016,1460.534,1459.401,1553.629,1544.385,1529.791,1515.196,1505.466,1487.222,1474.33,1462.776,1455.722,1448.06,1442.465,1441.006,1438.208,1437.038,1436.399,1436.164,1521.034,1508.385,1492.331,1474.33,1457.06,1449.276,1441.37,1434.316,1428.418,1425.012,1000,1000,1000,1000,1000,1000,1000,1000,1000,1000,1000,1000,1000,1000,1000,1000,1000,1000,1000,1000,1000,1000,1000,1000,1000,1000,1000,1000,1000,1000,1000,1000,1000,1000,1000,1000,1000
1000,1000,1000,1000,1000,1000,1000,1000,1000,1000,1000,1000,1000,1000,1000,1000,1000,1000,1000,1000,1000,1000,1000,1000,1000,1000,1000,1000,1000,1220.381,1223.787,1226.949,1230.841,1231.571,1235.098,1236.435,1239.841,1243.49,1243.976,1246.165,1252.49,1257.598,1264.409,1270.976,1274.868,1277.787,1282.652,1286.058,1293.842,1301.139,1306.977,1313.788,1321.085,1326.923,1223.863,1224.167,1224.6,1224.927,1225.581,1226.554,1227.618,1228.895,1229.989,1230.78,1230.78,1230.598,1231.206,1230.598,1000,1000,1000,1000,1243.49,1258.328,1263.193,1265.625,1270.49,1273.895,1276.328,1283.625,1291.409,1295.301,1302.112,1306.49,1310.382,1208.295,1208.561,1209.154,1209.663,1210.317,1210.743,1211.488,1212.202,1212.81,1213.661,1216.976,1219.287,1220.928,1224.395,1228.043,1226.949,1227.679,1231.206,1232.908,1235.584,1239.841,1244.463,1246.165,1248.354,1250.787,1254.436,1260.274,1268.057,1279.247,1287.517,1293.842,1297.247,1305.031,1305.031,1310.869,1315.734,1324.004,1330.815,1223.977,1224.167,1224.433,1224.661,1225.315,1226.098,1227.329,1228.226,1229.412,1230.354,1231.631,1233.516,1237.104,1239.354,1243.611,1245.557,1247.625,1250.665,1254.436,1255.895,1262.22,1268.057,1270.003,1275.112,1279.977,1281.436,1284.112,1282.652,1000,1000,1273.135,1272.778,1272.588,1272.854,1273.249,1273.432,1273.964,1274.64,1275.568,1277.027,1279.855,1000,1000,1000,1000,1122.383,1121.349,1120.589,1000,1000,1118.856,1118.856,1119.404,1000,1000,1000,1000,1000,1000,1000,1000,1000,1000,1000,1259.544,1257.719,1256.99,1259.544,1261.976,1263.557,1268.057,1271.949,1275.598,1278.517,1284.355,1290.679,1294.815,1301.139,1304.058,1310.382,1315.247,1321.572,1328.383,1334.22,1343.95,1348.815,1357.086,1254.922,1255.226,1255.621,1256.131,1256.716,1257.339,1258.328,1259.057,1260.547,1262.524,1264.166,1265.686,1266.78,1269.76,1271.828,1276.328,1279.612,1285.085,1288.004,1291.166,1296.274,1300.652,1305.031,1309.653,1316.22,1323.518,1331.788,1340.545,1350.761,1361.464,1000,1000,1000,1000,1127.948,1127.948,1126.488,1121.137,1115.299,1108.488,1101.677,1096.812,1093.163,1090.488,1088.542,1087.569,1086.231,1085.258,1083.92,1084.406,1083.92,1084.406,1084.406,1084.406,1083.433,1083.069,1082.217,1081.731,1081.366,1081.001,1081.001,1081.366,1081.731,1082.217,1083.433,1084.771,1086.231,1086.596,1087.569,1087.082,1087.569,1087.569,1088.542,1090.001,1091.461,1093.65,1096.812,1100.947,1105.812,1113.839,1126.488,1136.704,1143.029,1145.461,1146.434,1145.461,1146.434,1148.38,1147.407,1000,1000,1000,1000,1000,1000,1000,1000,1000,1000,1000,1000,1000,1000,1000,1000,1000,1000,1000,1172.218,1174.408,1175.867,1178.543,1182.192,1000,1000,1000,1000,1000,1000,1000,1329.211,1000,1329.325,1329.173,1329.059,1000,1000,1211.138,1197.03,1197.03,1199.462,1000,1000,1000,1152.166,1152.432,1152.052,1151.9,1256.868,1234.003,1234.003,1000,1000,1000,1440.276,1447.573,1453.411,1350.389,1350.776,1000,1000,1000,1152.576,1151.968,1150.874,1150.387,1148.624,1000,1000,1399.654,1404.275,1405.735,1410.6,1416.924,1424.708,1435.897,1444.168,1458.763,1472.871,1369.924,1370,1370.73,1371.437,1372.745,1374.478,1377.579,1379.221,1381.897,1389.194,1394.789,1401.356,1408.897,1413.519,1417.167,1424.465,1432.492,1443.195,1453.411,1463.628,1478.222,1391.254,1392.136,1392.759,1393.907,1395.427,1397.708,1398.742,1401.904,1406.708,1411.694,1419.357,1424.222,1429.087,1432.492,1440.519,1442.465,1452.925,1473.357,1489.898,1501.574,1414.72,1415.7,1416.392,1418.034,1420.299,1421.303,1424.465,1430.06,1436.262,1441.857,1446.114,1455.844,1463.871,1468.492,1487.952,1506.439,1000,1436.354,1437.6,1438.786,1441.523,1442.891,1445.871,1447.208,1452.803,1457.668,1467.033,1475.547,1485.276,1497.196,1511.79,1529.791,1533.682,1551.683,1459.591,1459.948,1460.534,1462.016,1000,1000,1470.317,1472.871,1000,1000,1000,1000,1000,1000,1000,1000,1000,1000,1000,1000,1000,1000,1000,1000,1000,1000,1000,1000,1000,1000,1000,1000,1000,1000,1000,1000,1000,1000,1000,1000,1000,1000,1000,1000,1000,1000,1000,1000,1000,1000,1000,1000,1000,1000,1000,1635.359,1626.116,1000,1000,1000,1577.649,1574.061,1570.534,1568.619,1565.951,1565.206,1653.846,1634.873,1613.954,1596.927,1585.251,1575.521,1565.305,1558.494,1551.318,1545.358,1541.679,1540.098,1537.506,1628.549,1609.575,1598.873,1579.413,1561.169,1000,1000,1530.399,1524.439,1523.466,1519.331,1515.834,1512.049,1510.3,1603.251,1578.44,1559.467,1552.169,1544.872,1537.331,1531.493,1519.088,1509.844,1501.331,1495.493,1491.236,1488.697,1487.557,1486.911,1572.115,1553.142,1535.142,1518.115,1509.358,1503.52,1496.709,1491.358,1483.939,1475.06,1468.492,1462.928,1460.777,1460.245,1459.363,1560.44,1546.331,1533.682,1516.169,1506.925,1487.952,1476.033,1464.114,1455.722,1448.06,1442.465,1440.823,1437.798,1436.49,1435.897,1531.25,1509.358,1495.736,1000,1474.33,1000,1000,1000,1000,1426.958,1000,1000,1000,1000,1000,1000,1000,1000,1000,1000,1000,1000,1000,1000,1000,1000,1000,1000,1000,1000,1000,1000,1000,1000,1000,1000,1000,1000,1000,1000,1000,1000,1000,1000,1000,1000,1000,1000
1000,1000,1000,1000,1000,1000,1000,1000,1000,1000,1000,1000,1000,1000,1000,1000,1000,1000,1000,1000,1000,1000,1000,1000,1000,1000,1000,1000,1000,1220.381,1222.449,1225.489,1229.989,1230.841,1233.76,1235.098,1238.381,1241.3,1243.003,1245.679,1252.003,1257.598,1262.949,1268.057,1270.976,1275.355,1278.76,1282.652,1290.923,1300.166,1307.95,1314.761,1324.004,1330.815,1223.939,1224.167,1224.722,1225.071,1225.778,1226.918,1228.074,1228.895,1229.777,1230.598,1230.962,1231.388,1231.875,1232.3,1236.496,1000,1000,1000,1245.922,1261.247,1265.625,1268.057,1274.868,1275.355,1277.301,1285.571,1292.382,1295.301,1304.058,1312.328,1314.274,1208.333,1208.485,1209.032,1209.359,1209.838,1210.53,1211.229,1211.898,1213.145,1214.604,1217.949,1221.537,1222.814,1225.854,1229.138,1228.773,1229.138,1232.057,1233.76,1236.435,1240.814,1244.463,1247.382,1250.301,1252.003,1255.652,1261.003,1265.868,1275.355,1281.679,1285.085,1290.436,1302.112,1303.085,1311.842,1318.653,1324.004,1326.923,1223.977,1224.167,1224.486,1224.661,1225.489,1226.432,1227.77,1228.712,1229.777,1230.962,1232.787,1234.064,1237.104,1240.327,1243.611,1245.557,1247.99,1252.003,1254.436,1258.084,1263.922,1271.949,1273.166,1278.517,1282.652,1284.112,1285.085,1282.652,1000,1000,1273.135,1272.74,1272.588,1272.854,1273.135,1273.371,1273.88,1274.336,1274.534,1275.203,1276.875,1000,1000,1000,1120.437,1120.027,1119.89,1119.647,1119.647,1119.282,1119.069,1118.963,1119.768,1120.893,1000,1000,1000,1000,1000,1000,1000,1000,1000,1000,1256.26,1256.625,1255.165,1258.449,1260.274,1262.341,1267.206,1270.49,1274.625,1277.787,1283.139,1287.517,1292.625,1297.734,1304.058,1307.95,1314.761,1320.599,1327.41,1334.22,1340.058,1345.896,1350.761,1362.924,1255.15,1255.515,1256.131,1256.914,1257.127,1258.191,1258.753,1260.365,1262.098,1263.679,1265.686,1267.084,1269.517,1272.557,1275.841,1279.125,1283.139,1287.031,1290.679,1295.788,1301.869,1305.761,1309.653,1318.166,1323.518,1331.788,1338.599,1348.815,1355.626,1368.761,1000,1000,1000,1121.623,1125.029,1121.623,1116.758,1111.65,1106.542,1100.947,1095.839,1091.947,1090.001,1088.055,1086.596,1085.744,1084.771,1083.069,1082.582,1082.217,1082.217,1082.582,1083.069,1082.582,1082.217,1081.731,1081.366,1081.001,1080.515,1081.001,1081.001,1081.001,1081.366,1082.582,1083.069,1083.92,1084.406,1085.744,1085.744,1086.231,1086.596,1088.055,1088.542,1090.001,1091.947,1095.839,1098.515,1104.109,1109.218,1117.245,1125.515,1134.272,1140.596,1142.056,1143.029,1144.975,1147.407,1147.407,1000,1000,1000,1000,1000,1000,1000,1000,1000,1000,1000,1000,1000,1000,1000,1000,1000,1000,1000,1166.137,1169.786,1169.786,1172.705,1175.381,1185.11,1000,1000,1000,1000,1000,1328.907,1328.869,1329.462,1329.371,1329.325,1329.135,1000,1000,1213.084,1197.03,1195.57,1198.003,1000,1000,1259.787,1152.128,1152.333,1151.976,1151.862,1254.922,1224.76,1224.76,1000,1000,1000,1424.708,1435.411,1444.654,1350.275,1350.579,1000,1000,1153.428,1151.725,1151.421,1150.387,1150.387,1148.867,1000,1000,1398.924,1404.275,1403.546,1413.032,1416.924,1422.276,1434.924,1445.141,1456.817,1369.734,1370.115,1370.381,1371.437,1372.258,1373.277,1375.177,1378.005,1380.802,1383.66,1391.14,1397.1,1402.816,1409.384,1414.735,1417.897,1425.195,1432.492,1442.708,1450.006,1463.628,1479.195,1391.406,1392.508,1393.557,1394.546,1396.248,1397.951,1399.411,1403.85,1408.046,1410.965,1417.167,1422.276,1427.384,1429.573,1438.573,1443.925,1454.384,1473.357,1497.682,1510.817,1414.948,1416.194,1416.803,1418.323,1420.117,1422.58,1425.255,1431.397,1436.627,1443.681,1444.168,1455.357,1465.33,1474.33,1492.817,1504.493,1000,1435.897,1436.65,1437.517,1440.337,1441.887,1444.654,1445.871,1452.438,1455.722,1465.087,1473.357,1486.006,1498.655,1518.601,1531.737,1535.628,1553.629,1459.705,1459.948,1460.389,1461.773,1463.536,1000,1469.222,1474.817,1000,1000,1000,1000,1000,1000,1000,1000,1000,1000,1000,1000,1000,1000,1000,1000,1000,1000,1000,1000,1000,1000,1000,1000,1000,1000,1000,1000,1000,1000,1000,1000,1000,1000,1000,1000,1000,1000,1000,1000,1000,1000,1000,1000,1000,1000,1000,1000,1000,1000,1000,1000,1578.561,1574.305,1570.899,1000,1565.396,1564.788,1642.657,1623.684,1603.737,1587.926,1577.953,1568.224,1562.142,1554.723,1549.25,1545.176,1542.196,1540.098,1537.59,1627.576,1609.575,1596.44,1576.98,1000,1000,1538.061,1530.034,1522.858,1522.858,1519.331,1515.834,1512.368,1510.544,1609.089,1578.44,1560.926,1549.737,1539.764,1530.764,1525.655,1515.196,1506.317,1498.655,1493.912,1490.035,1488.195,1487.139,1486.569,1561.899,1545.845,1526.385,1514.709,1507.898,1501.331,1493.547,1489.412,1482.601,1474.087,1467.337,1462.518,1460.534,1460.184,1459.325,1000,1000,1536.601,1515.196,1506.439,1488.682,1477.979,1464.114,1455.357,1447.756,1442.283,1440.337,1438.208,1436.772,1435.974,1537.088,1522.007,1507.412,1495.736,1481.141,1461.925,1000,1000,1431.033,1424.769,1421.303,1000,1000,1000,1000,1000,1000,1000,1000,1000,1000,1000,1000,1000,1000,1000,1000,1000,1000,1000,1000,1000,1000,1000,1000,1000,1000,1000,1000,1000,1000,1000,1000,1000,1000,1000,1000,1000
1000,1000,1000,1000,1000,1000,1000,1000,1000,1000,1000,1000,1000,1000,1000,1000,1000,1000,1000,1000,1000,1000,1000,1000,1000,1000,1000,1000,1000,1000,1219.53,1223.422,1227.679,1228.773,1229.989,1231.206,1233.76,1236.435,1237.895,1242.517,1248.354,1253.949,1258.328,1264.409,1268.057,1272.436,1276.814,1281.679,1290.923,1301.139,1307.95,1315.734,1324.977,1327.896,1223.825,1224.167,1224.6,1224.782,1225.489,1226.675,1227.192,1228.074,1228.895,1229.777,1230.354,1231.388,1231.631,1232.787,1236.8,1000,1000,1000,1243.49,1259.301,1263.679,1264.652,1269.517,1271.949,1274.868,1282.652,1290.436,1295.301,1304.058,1312.328,1315.247,1208.371,1208.637,1209.283,1209.838,1210.317,1211.624,1212.05,1212.81,1214.026,1215.82,1217.949,1222.449,1222.814,1224.76,1228.408,1228.043,1228.408,1232.908,1234.611,1236.922,1240.814,1243.976,1246.165,1250.301,1251.517,1257.598,1261.003,1266.598,1274.868,1282.652,1284.112,1291.896,1303.085,1304.058,1309.896,1321.085,1327.896,1331.788,1224.053,1224.243,1224.6,1224.927,1225.778,1226.797,1227.77,1228.895,1229.594,1230.78,1232.787,1234.307,1236.496,1239.598,1242.517,1245.192,1247.625,1250.179,1252.49,1256.382,1260.76,1268.787,1272.436,1277.787,1284.112,1288.49,1288.49,1286.544,1000,1000,1272.854,1272.512,1379.464,1272.55,1272.816,1272.983,1273.371,1273.576,1274.055,1274.23,1000,1000,1000,1119.647,1119.176,1118.75,1118.75,1118.461,1118.377,1118.552,1118.552,1118.659,1119.404,1120.589,1122.201,1000,1000,1000,1000,1000,1000,1000,1000,1000,1000,1256.625,1255.53,1258.449,1261.125,1263.557,1266.72,1270.003,1273.652,1275.598,1279.49,1284.355,1290.193,1295.544,1303.571,1307.463,1313.788,1321.572,1329.356,1333.248,1341.031,1344.923,1350.761,1357.086,1254.998,1255.469,1256.131,1256.914,1257.568,1258.464,1259.209,1260.365,1262.098,1263.679,1265.686,1266.537,1268.24,1270.49,1273.652,1277.058,1280.95,1285.571,1288.49,1294.571,1299.923,1306.247,1308.193,1314.761,1320.599,1329.356,1336.167,1344.923,1350.761,1361.464,1000,1000,1000,1118.704,1121.623,1118.704,1113.839,1108.488,1102.65,1099.245,1093.65,1090.974,1089.028,1088.055,1086.596,1085.258,1084.406,1082.582,1081.731,1081.366,1081.366,1081.366,1081.731,1081.366,1081.366,1081.001,1080.515,1080.15,1079.785,1080.15,1080.15,1080.15,1081.001,1082.217,1082.217,1082.582,1083.069,1083.92,1083.92,1084.771,1085.258,1086.596,1087.082,1088.542,1090.974,1094.136,1095.839,1100.947,1104.596,1111.65,1121.137,1129.407,1134.272,1140.596,1139.623,1143.029,1146.434,1148.38,1000,1000,1000,1000,1000,1000,1000,1000,1000,1000,1000,1000,1000,1000,1000,1000,1000,1000,1000,1159.205,1164.799,1167.475,1169.786,1171.245,1174.408,1000,1000,1000,1000,1000,1432.979,1431.033,1329.249,1329.287,1329.371,1329.287,1000,1000,1000,1198.975,1196.543,1200.435,1000,1000,1000,1152.242,1152.66,1152.204,1151.976,1151.824,1236.922,1234.003,1000,1000,1000,1428.6,1442.708,1447.573,1452.438,1350.389,1000,1000,1152.82,1151.178,1150.874,1150.387,1150.387,1148.624,1000,1000,1401.113,1405.005,1405.005,1412.059,1417.411,1422.276,1433.952,1443.195,1450.979,1469.952,1369.849,1370.153,1371.262,1372.38,1373.277,1374.995,1377.822,1380.498,1383.052,1390.654,1397.586,1404.032,1409.87,1415.951,1418.384,1423.735,1431.519,1444.168,1451.952,1459.736,1477.249,1391.14,1392.349,1393.132,1394.546,1396.248,1398.133,1399.654,1405.37,1409.14,1412.911,1418.019,1422.762,1428.6,1431.276,1439.303,1450.006,1460.709,1479.195,1504.979,1515.682,1414.948,1416.194,1417.502,1418.323,1420.117,1422.336,1423.978,1428.722,1437.114,1446.6,1448.79,1456.573,1465.33,1469.952,1485.52,1499.141,1000,1538.061,1436.711,1000,1441.006,1442.708,1445.384,1446.175,1451.465,1454.263,1462.776,1470.195,1481.628,1492.087,1509.358,1524.926,1530.764,1548.764,1459.553,1460.123,1460.245,1461.347,1463.688,1464.874,1468.979,1472.871,1000,1000,1000,1000,1000,1000,1000,1000,1000,1000,1000,1000,1000,1000,1000,1000,1000,1000,1000,1000,1000,1000,1000,1000,1000,1000,1000,1000,1000,1000,1000,1000,1000,1000,1000,1000,1000,1000,1000,1000,1000,1000,1000,1000,1000,1000,1000,1000,1000,1000,1000,1000,1577.041,1573.575,1570.899,1000,1565.616,1564.879,1646.549,1627.089,1609.089,1592.548,1577.953,1566.277,1560.075,1553.629,1549.798,1545.845,1543.078,1541.223,1538.152,1633.413,1609.575,1593.521,1578.44,1558.494,1549.494,1545.115,1000,1526.75,1524.439,1521.155,1515.105,1512.368,1510.3,1606.17,1572.115,1562.386,1548.277,1538.547,1529.791,1524.439,1511.182,1504.493,1496.77,1492.483,1489.138,1487.633,1486.797,1581.845,1560.926,1545.845,1527.845,1517.628,1507.412,1499.385,1489.898,1485.276,1478.344,1472.567,1466.06,1462.016,1459.895,1459.796,1552.656,1555.575,1546.331,1531.737,1511.79,1504.006,1487.222,1478.466,1465.573,1454.627,1447.208,1442.708,1439.881,1437.798,1436.445,1536.115,1525.899,1515.196,1505.466,1492.331,1481.141,1000,1449.762,1442.708,1432.492,1000,1000,1000,1000,1000,1000,1000,1000,1000,1000,1000,1000,1000,1000,1000,1000,1000,1000,1000,1000,1000,1000,1000,1000,1000,1000,1000,1000,1000,1000,1000,1000,1000,1000,1000,1000,1000,1000,1000
1000,1000,1000,1000,1000,1000,1000,1000,1000,1000,1000,1000,1000,1000,1000,1000,1000,1000,1000,1000,1000,1000,1000,1000,1000,1000,1000,1000,1000,1000,1219.53,1223.057,1227.314,1228.043,1229.138,1229.989,1232.422,1235.098,1237.408,1242.517,1248.354,1252.49,1257.598,1263.679,1265.868,1269.517,1276.328,1281.679,1290.923,1300.166,1310.869,1316.707,1325.95,1329.842,1223.901,1224.091,1224.433,1224.6,1225.231,1225.991,1226.675,1227.618,1228.895,1229.989,1231.388,1232.787,1234.064,1235.645,1241.057,1000,1000,1000,1000,1257.355,1262.22,1263.679,1267.084,1270.49,1270.49,1280.706,1288.49,1296.274,1304.058,1316.22,1317.193,1208.409,1208.721,1209.587,1209.922,1210.317,1211.107,1211.229,1211.624,1213.145,1214.786,1217.462,1222.145,1222.814,1223.787,1227.314,1227.314,1227.314,1231.206,1233.76,1236.435,1239.841,1242.517,1246.165,1250.787,1253.219,1260.274,1266.598,1269.517,1276.328,1281.193,1281.679,1288.49,1302.112,1302.112,1312.815,1318.653,1326.923,1330.815,1224.015,1224.167,1224.6,1224.995,1225.991,1226.797,1228.226,1229.412,1230.172,1230.78,1233.273,1234.064,1236.253,1238.99,1241.787,1243.976,1247.625,1249.814,1252.003,1258.571,1262.949,1268.787,1273.895,1279.247,1282.652,1287.031,1288.49,1285.085,1000,1000,1272.664,1379.464,1376.545,1272.512,1272.626,1272.854,1272.983,1273.188,1273.31,1000,1000,1000,1118.75,1118.203,1117.967,1117.693,1117.632,1117.572,1117.754,1117.898,1118.286,1118.856,1119.647,1120.589,1122.748,1000,1000,1000,1000,1000,1000,1000,1000,1000,1000,1257.355,1256.26,1259.179,1261.976,1263.557,1267.206,1271.463,1274.625,1276.328,1280.22,1283.625,1290.679,1294.815,1305.031,1307.463,1314.761,1317.68,1326.437,1329.356,1338.112,1344.923,1349.788,1358.059,1255.074,1255.469,1255.857,1256.541,1257.02,1257.811,1258.464,1259.666,1262.098,1263.679,1265.199,1267.936,1269.152,1270.49,1274.017,1276.693,1281.314,1286.544,1291.166,1295.058,1299.193,1305.761,1306.977,1313.301,1317.68,1323.518,1331.788,1339.572,1342.977,1354.653,1000,1000,1000,1116.029,1119.677,1116.758,1112.38,1105.812,1100.947,1097.542,1093.65,1090.488,1088.055,1087.569,1086.231,1084.771,1083.92,1082.217,1081.001,1081.001,1081.001,1081.001,1081.366,1080.515,1080.15,1079.785,1079.785,1079.785,1079.298,1079.298,1079.785,1079.785,1079.785,1081.001,1081.366,1081.366,1082.582,1083.069,1083.92,1084.771,1085.744,1086.231,1086.596,1087.569,1089.028,1091.947,1094.623,1098.515,1100.947,1107.758,1114.569,1123.083,1130.38,1136.218,1136.218,1140.596,1144.002,1148.38,1000,1000,1000,1000,1310.109,1310.618,1311.933,1313.545,1313.545,1314.335,1316.403,1318.166,1318.896,1321.268,1323.031,1325.585,1000,1339.572,1000,1000,1166.989,1167.962,1170.759,1167.475,1167.962,1000,1000,1000,1000,1000,1000,1426.168,1000,1329.211,1329.416,1328.907,1000,1000,1000,1198.975,1195.57,1200.435,1000,1000,1000,1152.128,1152.538,1151.976,1257.841,1250.544,1000,1000,1000,1000,1399.411,1419.843,1436.384,1441.735,1441.735,1000,1000,1000,1154.036,1151.421,1151.178,1150.083,1150.387,1148.38,1000,1000,1393.573,1398.924,1397.221,1407.194,1413.519,1419.843,1432.492,1441.249,1448.06,1466.06,1369.849,1370.282,1371.262,1372.38,1373.14,1374.66,1377.822,1381.349,1383.356,1389.559,1396.613,1403.302,1407.681,1413.519,1417.897,1423.005,1431.519,1441.735,1450.006,1458.763,1476.276,1494.277,1392.584,1393.345,1394.272,1395.731,1397.13,1397.708,1402.998,1406.343,1409.14,1416.194,1420.33,1426.411,1429.573,1441.979,1450.006,1464.601,1479.195,1501.574,1510.817,1414.994,1415.936,1417.38,1418.034,1419.6,1421.303,1423.978,1428.722,1436.262,1446.114,1452.438,1460.222,1469.222,1477.736,1491.358,1501.088,1515.196,1532.223,1436.316,1437.038,1439.577,1441.34,1443.317,1444.654,1449.215,1451.465,1457.303,1465.573,1477.249,1487.952,1504.006,1512.763,1520.547,1535.628,1552.656,1459.363,1459.948,1460.534,1462.381,1462.928,1467.337,1470.317,1000,1000,1000,1000,1000,1000,1000,1000,1000,1000,1000,1000,1000,1000,1000,1000,1000,1000,1000,1000,1000,1000,1000,1000,1000,1000,1000,1000,1000,1000,1000,1000,1000,1000,1000,1000,1000,1000,1000,1000,1000,1000,1000,1000,1000,1000,1000,1000,1000,1000,1000,1000,1573.818,1571.751,1570.139,1568.923,1566.642,1565.396,1653.846,1627.089,1601.305,1583.305,1569.683,1560.926,1556.183,1551.926,1548.156,1544.689,1542.196,1539.976,1537.787,1633.413,1612.494,1592.548,1585.251,1000,1554.845,1000,1000,1526.75,1522.007,1519.818,1513.979,1511.745,1510.034,1602.278,1566.764,1558.494,1543.412,1535.142,1523.466,1519.088,1507.898,1502.06,1494.581,1491.753,1488.804,1487.489,1486.835,1583.791,1562.872,1544.872,1526.385,1513.25,1504.25,1496.223,1488.925,1483.939,1477.979,1471.959,1466.668,1462.655,1000,1459.948,1558.494,1554.602,1000,1531.737,1000,1503.033,1488.682,1479.195,1462.29,1451.708,1444.654,1440.823,1438.786,1437.342,1436.202,1534.169,1523.953,1513.25,1504.493,1492.331,1481.141,1000,1449.276,1000,1431.397,1000,1422.093,1000,1000,1000,1000,1000,1000,1000,1000,1000,1000,1000,1000,1000,1000,1000,1000,1000,1000,1000,1000,1000,1000,1000,1000,1000,1000,1000,1000,1000,1000,1000,1000,1000,1000,1000,1000,1000
1000,1000,1000,1000,1000,1000,1000,1000,1000,1000,1000,1000,1000,1000,1000,1000,1000,1000,1000,1000,1000,1000,1000,1000,1000,1000,1000,1000,1000,1000,1000,1222.145,1225.125,1225.854,1227.314,1227.679,1229.138,1232.422,1234.611,1239.841,1244.463,1250.301,1255.165,1262.22,1266.598,1270.003,1274.868,1281.193,1289.463,1297.247,1306.977,1312.815,1322.058,1325.95,1332.761,1224.015,1224.334,1224.6,1225.071,1225.885,1226.554,1227.329,1228.378,1229.412,1231.206,1232.543,1234.064,1235.949,1241.422,1000,1000,1000,1000,1256.868,1261.247,1264.652,1270.49,1274.868,1274.868,1282.652,1291.409,1297.247,1301.139,1315.247,1208.295,1208.561,1208.971,1209.838,1210.317,1210.636,1211.351,1211.761,1212.658,1214.422,1216.064,1218.192,1222.449,1222.814,1223.787,1227.679,1229.625,1229.625,1234.246,1236.922,1238.868,1240.814,1243.49,1246.652,1253.219,1255.165,1262.22,1268.544,1272.436,1278.76,1281.679,1282.652,1288.49,1299.193,1300.166,1312.815,1319.626,1329.842,1332.761,1224.015,1224.334,1224.782,1225.231,1226.098,1227.329,1228.378,1229.989,1230.78,1231.388,1233.516,1235.098,1236.8,1239.963,1242.517,1243.976,1247.625,1249.328,1251.638,1257.355,1263.436,1267.084,1271.949,1277.058,1281.436,1283.625,1287.031,1285.085,1000,1000,1272.74,1378.491,1374.599,1377.518,1378.491,1378.491,1272.512,1272.55,1000,1000,1000,1117.693,1117.632,1117.572,1117.176,1117.176,1117.1,1117.062,1117.306,1117.572,1117.898,1118.461,1119.282,1120.027,1121.866,1127.826,1000,1000,1000,1000,1000,1000,1000,1000,1000,1256.26,1257.355,1259.544,1262.341,1264.895,1267.571,1271.463,1272.922,1273.652,1280.706,1282.652,1294.085,1294.815,1304.058,1308.923,1315.247,1317.68,1327.41,1329.356,1339.085,1343.95,1350.761,1360.978,1255.112,1255.34,1255.857,1256.541,1257.233,1257.932,1258.905,1260.547,1262.767,1264.409,1266.233,1268.24,1269.152,1271.463,1274.017,1276.693,1279.612,1284.598,1289.22,1293.355,1297.004,1302.355,1304.301,1310.382,1314.761,1321.572,1327.896,1336.167,1340.545,1351.734,1373.626,1000,1000,1000,1112.38,1111.164,1107.758,1101.677,1097.542,1094.136,1091.947,1089.515,1088.542,1087.082,1085.744,1084.771,1083.433,1081.731,1081.001,1081.001,1080.515,1080.515,1080.515,1080.15,1079.298,1079.298,1078.933,1078.933,1078.569,1078.933,1079.298,1079.298,1079.785,1080.515,1080.515,1080.15,1081.366,1082.217,1083.069,1083.92,1085.258,1085.258,1086.231,1086.596,1088.055,1090.488,1094.136,1097.542,1100.461,1108.488,1114.569,1123.083,1129.407,1134.272,1134.272,1138.65,1144.002,1000,1000,1000,1000,1395.519,1409.627,1415.465,1309.911,1310.55,1311.401,1312.055,1313.545,1315.977,1317.68,1319.687,1321.572,1324.247,1329.599,1335.802,1000,1154.948,1164.313,1168.326,1171.245,1166.989,1000,1000,1000,1000,1000,1000,1432.005,1428.114,1329.021,1328.945,1000,1000,1000,1000,1000,1198.975,1193.138,1197.03,1000,1000,1000,1259.787,1152.09,1259.787,1251.517,1253.949,1236.922,1229.138,1000,1000,1394.546,1415.465,1432.492,1433.465,1431.519,1000,1000,1000,1156.651,1153.732,1151.968,1151.178,1151.178,1000,1000,1000,1394.059,1396.005,1396.492,1404.275,1410.6,1414.978,1427.141,1438.33,1444.168,1456.817,1471.898,1370.115,1370.875,1371.939,1373.277,1374.843,1377.153,1380.255,1383.052,1388.464,1393.938,1401.356,1406.708,1413.032,1415.951,1422.519,1431.033,1440.276,1454.384,1467.52,1483.574,1494.277,1392.425,1392.759,1394.029,1394.546,1396.066,1397.343,1401.904,1403.607,1407.681,1413.762,1418.019,1424.708,1431.276,1443.195,1454.384,1469.465,1484.06,1504.979,1514.709,1415.191,1415.936,1417.016,1418.034,1420.482,1422.093,1425.559,1429.087,1436.627,1000,1000,1459.492,1470.682,1477.736,1486.493,1497.196,1510.331,1525.899,1436.088,1436.711,1439.303,1440.823,1443.499,1444.168,1448.06,1451.1,1458.033,1467.52,1478.466,1490.628,1506.925,1518.115,1528.818,1541.466,1557.521,1560.44,1459.796,1460.458,1462.016,1462.259,1467.52,1000,1000,1000,1000,1000,1000,1000,1000,1000,1000,1000,1000,1000,1000,1000,1000,1000,1000,1000,1000,1000,1000,1000,1000,1000,1000,1000,1000,1000,1000,1000,1000,1000,1000,1000,1000,1000,1000,1000,1000,1000,1000,1000,1000,1000,1000,1000,1000,1000,1000,1000,1000,1000,1571.933,1569.075,1567.737,1000,1565.266,1564.636,1647.522,1625.143,1605.197,1590.359,1571.386,1562.142,1555.453,1550.102,1546.088,1543.899,1541.375,1539.399,1537.787,1537.126,1612.494,1591.089,1579.413,1562.629,1547.791,1538.061,1000,1524.074,1519.818,1518.115,1514.284,1512.262,1510.186,1602.278,1567.737,1557.034,1543.412,1535.142,1522.736,1519.574,1507.898,1500.115,1493.912,1491.601,1488.697,1487.367,1486.721,1577.953,1560.926,1542.926,1523.953,1512.52,1503.033,1492.817,1484.79,1479.803,1474.817,1469.526,1466.851,1463.688,1460.777,1460.184,1459.401,1554.602,1000,1529.791,1511.304,1504.006,1489.168,1477.979,1463.749,1453.898,1445.871,1442.1,1439.44,1437.6,1436.088,1534.169,1520.061,1516.169,1504.493,1492.331,1477.736,1000,1448.79,1439.546,1432.127,1425.255,1000,1000,1000,1000,1000,1000,1000,1000,1000,1000,1000,1000,1000,1000,1000,1000,1000,1000,1000,1000,1000,1000,1000,1000,1000,1000,1000,1000,1000,1000,1000,1000,1000,1000,1000,1000,1000,1000
1000,1000,1000,1000,1000,1000,1000,1000,1000,1000,1000,1000,1000,1000,1000,1000,1000,1000,1000,1000,1000,1000,1000,1000,1000,1000,1000,1000,1000,1000,1000,1220.685,1224.03,1224.395,1225.125,1226.949,1227.314,1230.354,1234.246,1238.868,1243.49,1249.084,1253.219,1257.598,1261.49,1266.598,1270.976,1277.787,1285.085,1293.842,1301.139,1309.896,1318.653,1325.95,1331.788,1224.015,1224.243,1224.539,1224.851,1225.489,1226.204,1227.055,1227.922,1229.229,1231.206,1232.787,1234.064,1235.949,1242.152,1253.463,1000,1000,1244.706,1259.301,1266.111,1269.517,1273.895,1276.328,1279.247,1283.625,1292.382,1298.22,1303.085,1312.328,1208.295,1208.561,1208.971,1209.663,1210.423,1210.53,1211.351,1211.761,1213.145,1214.786,1217.462,1218.983,1222.814,1222.449,1223.057,1224.76,1228.043,1227.679,1232.057,1235.584,1238.381,1239.841,1243.49,1246.652,1253.219,1255.165,1262.22,1268.544,1272.436,1276.328,1281.193,1282.652,1289.463,1299.193,1304.058,1314.761,1323.031,1331.788,1223.863,1224.053,1224.38,1224.661,1225.071,1226.31,1227.618,1228.53,1230.172,1230.962,1231.388,1234.064,1235.402,1237.104,1239.598,1241.422,1244.341,1248.841,1250.179,1252.976,1259.544,1262.949,1266.355,1270.733,1275.841,1279.247,1282.652,1285.571,1285.571,1000,1000,1272.938,1272.436,1374.599,1372.653,1368.761,1365.356,1000,1000,1000,1116.948,1116.91,1116.948,1117.024,1116.91,1116.834,1116.872,1116.872,1116.796,1117.062,1117.351,1117.693,1118.286,1119.176,1120.589,1122.383,1128.069,1136.948,1000,1000,1000,1000,1000,1000,1000,1000,1253.949,1257.719,1259.179,1262.706,1263.557,1266.72,1266.72,1272.922,1273.652,1278.517,1283.625,1292.625,1294.085,1302.599,1306.49,1312.328,1313.788,1322.058,1326.437,1337.139,1342.004,1348.815,1358.059,1255.074,1255.378,1256.062,1256.541,1256.914,1257.811,1258.905,1260.182,1262.524,1264.166,1265.686,1268.24,1270.49,1271.098,1274.747,1276.693,1280.463,1285.085,1290.193,1294.571,1298.22,1301.869,1303.571,1308.193,1313.301,1319.626,1325.464,1333.248,1339.572,1348.815,1366.329,1000,1000,1000,1107.758,1106.542,1000,1098.028,1096.326,1093.65,1090.974,1089.028,1086.596,1084.771,1083.069,1082.217,1081.731,1081.001,1081.001,1081.001,1081.001,1080.15,1079.785,1078.933,1078.569,1078.204,1077.839,1078.204,1078.204,1078.569,1078.933,1078.933,1079.785,1080.15,1080.15,1080.15,1081.001,1081.366,1082.582,1083.433,1084.771,1084.771,1085.258,1085.744,1087.569,1089.028,1091.947,1094.136,1096.812,1103.38,1110.434,1119.677,1128.921,1136.704,1136.218,1139.623,1144.002,1000,1000,1000,1000,1386.762,1396.492,1402.329,1309.409,1310.002,1310.618,1311.827,1313.24,1315.612,1316.585,1319.687,1321.024,1323.031,1325.95,1333.248,1000,1149.11,1159.57,1163.462,1165.651,1163.097,1000,1401.356,1000,1399.411,1405.248,1000,1000,1428.114,1000,1000,1000,1000,1000,1000,1000,1207.732,1198.975,1201.895,1000,1000,1000,1262.706,1152.052,1257.841,1245.679,1000,1241.787,1000,1000,1000,1385.789,1408.167,1426.654,1430.546,1428.6,1000,1000,1000,1155.678,1153.732,1151.178,1151.178,1150.63,1000,1000,1397.221,1394.546,1395.275,1396.492,1403.546,1410.6,1414.978,1430.546,1445.141,1450.006,1464.114,1369.849,1370.327,1371.019,1372.258,1374.022,1375.359,1377.822,1381.045,1384.573,1388.464,1394.424,1401.356,1407.194,1415.465,1417.897,1422.519,1431.519,1442.708,1454.384,1467.52,1484.547,1489.412,1391.733,1392.075,1392.934,1393.451,1395.275,1396.583,1399.897,1401.904,1405.735,1411.33,1416.194,1424.708,1432.492,1443.925,1454.384,1468.006,1481.141,1496.709,1509.844,1415.039,1415.86,1416.803,1418.034,1419.752,1420.877,1424.465,1431.033,1440.033,1449.276,1461.438,1467.763,1471.411,1477.249,1485.033,1494.763,1000,1522.007,1537.088,1436.316,1437.798,1439.166,1442.283,1444.168,1448.607,1000,1456.452,1465.573,1473.357,1487.222,1502.547,1519.574,1534.656,1546.331,1559.467,1459.515,1460.063,1460.952,1462.518,1462.016,1466.242,1000,1474.087,1000,1000,1000,1000,1000,1000,1000,1000,1000,1000,1000,1000,1000,1000,1000,1000,1000,1000,1000,1000,1000,1000,1000,1000,1000,1000,1000,1000,1000,1000,1000,1000,1000,1000,1000,1000,1000,1000,1000,1000,1000,1000,1000,1000,1000,1000,1000,1000,1000,1000,1000,1000,1000,1000,1000,1564.879,1564.408,1648.495,1627.089,1610.548,1597.413,1576.251,1563.48,1556.548,1549.25,1544.507,1543.078,1540.767,1539.186,1538.023,1537.354,1614.44,1596.44,1582.818,1561.899,1545.602,1537.696,1526.385,1524.439,1519.088,1517.689,1513.113,1511.836,1611.035,1596.927,1564.332,1553.142,1536.601,1529.061,1516.655,1513.371,1505.223,1499.202,1494.094,1492.118,1488.484,1487.306,1486.759,1575.034,1556.061,1541.953,1524.926,1512.52,1503.033,1494.033,1483.939,1479.439,1474.817,1469.222,1466.851,1463.84,1460.777,1460.123,1459.515,1553.629,1540.493,1524.926,1508.871,1497.196,1487.222,1477.249,1464.114,1455.357,1446.661,1441.887,1438.786,1437.038,1436.011,1530.277,1517.142,1512.277,1503.52,1489.898,1474.33,1459.492,1447.087,1437.114,1431.033,1000,1000,1000,1000,1000,1000,1000,1000,1000,1000,1000,1000,1000,1000,1000,1000,1000,1000,1000,1000,1000,1000,1000,1000,1000,1000,1000,1000,1000,1000,1000,1000,1000,1000,1000,1000,1000,1000,1000
1000,1000,1000,1000,1000,1000,1000,1000,1000,1000,1000,1000,1000,1000,1000,1000,1000,1000,1000,1000,1000,1000,1000,1000,1000,1000,1000,1000,1000,1000,1000,1000,1221.537,1223.057,1224.76,1226.219,1226.949,1229.989,1232.422,1236.922,1241.787,1245.679,1250.787,1256.382,1261.003,1265.868,1274.868,1280.22,1289.463,1295.301,1302.112,1306.977,1312.815,1319.626,1324.004,1223.787,1223.977,1224.129,1224.539,1225.071,1225.581,1226.554,1227.77,1228.53,1230.598,1231.875,1233.516,1234.854,1241.057,1251.152,1000,1000,1241.3,1255.409,1258.328,1263.679,1267.084,1270.976,1274.868,1280.706,1289.463,1297.247,1302.112,1309.409,1208.257,1208.599,1209.032,1209.747,1210.636,1211.107,1211.624,1212.354,1213.844,1215.212,1216.733,1217.949,1220.685,1220.928,1221.841,1224.03,1227.679,1228.043,1229.989,1235.584,1238.381,1239.841,1242.517,1248.354,1251.517,1253.219,1259.544,1268.544,1271.463,1275.355,1281.193,1283.625,1287.517,1298.22,1303.085,1312.815,1319.626,1327.896,1223.787,1224.015,1224.38,1224.6,1225.315,1226.432,1227.922,1228.895,1230.78,1232.3,1232.543,1234.55,1235.645,1237.713,1239.354,1242.881,1245.922,1250.665,1249.814,1252.976,1255.895,1259.057,1261.733,1268.787,1272.436,1279.977,1282.652,1286.544,1288.49,1000,1000,1000,1373.626,1365.356,1358.545,1352.707,1000,1000,1000,1213.57,1221.841,1222.814,1229.625,1230.598,1226.706,1223.787,1220.868,1223.787,1226.706,1116.834,1117.138,1117.351,1117.967,1119.176,1120.164,1122.566,1126.488,1132.569,1000,1000,1000,1000,1000,1000,1000,1246.348,1253.28,1256.99,1259.544,1262.341,1264.044,1265.747,1266.72,1271.463,1272.436,1276.328,1281.922,1292.625,1296.274,1302.112,1306.49,1310.382,1312.815,1321.572,1327.41,1337.139,1342.004,1348.815,1356.113,1254.922,1255.15,1255.918,1256.366,1256.823,1258.054,1259.057,1259.848,1261.733,1263.436,1264.409,1266.78,1269.76,1271.828,1274.747,1277.544,1280.95,1284.598,1289.706,1292.382,1295.788,1299.923,1303.085,1307.707,1313.788,1319.626,1326.923,1332.761,1337.626,1342.977,1357.572,1000,1000,1000,1000,1104.109,1102.163,1095.839,1093.65,1091.947,1090.001,1088.055,1086.231,1084.406,1082.582,1081.731,1081.001,1080.515,1080.15,1080.15,1079.785,1079.298,1078.933,1078.204,1077.839,1077.474,1077.109,1077.109,1077.474,1077.839,1078.204,1078.204,1078.933,1079.298,1079.785,1079.785,1080.515,1081.001,1082.217,1083.069,1083.92,1084.406,1085.258,1085.744,1087.082,1088.055,1090.488,1091.947,1094.136,1100.461,1109.218,1118.704,1130.38,1137.677,1136.218,1138.65,1143.029,1000,1000,1000,1000,1392.6,1398.438,1404.762,1414.492,1309.751,1310.223,1311.507,1312.815,1314.852,1316.22,1319.382,1320.173,1322.423,1325.22,1330.815,1000,1000,1162.245,1166.502,1170.759,1000,1415.951,1393.086,1390.654,1393.086,1401.356,1000,1000,1329.211,1329.568,1000,1000,1000,1000,1000,1000,1206.273,1199.462,1201.895,1000,1000,1000,1264.652,1152.052,1255.895,1245.679,1000,1253.949,1000,1000,1000,1000,1404.275,1422.762,1427.627,1000,1000,1000,1000,1157.745,1153.428,1151.178,1150.63,1151.178,1000,1000,1397.221,1393.573,1393.573,1395.275,1401.113,1408.654,1414.492,1427.141,1443.195,1446.114,1456.817,1469.952,1369.963,1370.487,1371.726,1374.174,1375.542,1378.735,1380.802,1384.329,1386.64,1392.356,1400.384,1405.005,1408.167,1413.519,1419.114,1428.114,1439.303,1458.763,1467.52,1483.574,1493.304,1391.687,1391.893,1392.843,1393.238,1394.819,1396.765,1399.228,1401.904,1406.343,1414.492,1418.019,1430.303,1436.87,1446.6,1453.898,1470.438,1480.168,1493.79,1506.925,1414.872,1415.305,1416.111,1417.137,1419.417,1420.117,1423.492,1431.033,1439.181,1446.114,1459.492,1465.33,1465.817,1000,1481.141,1493.79,1000,1521.034,1528.331,1539.034,1436.893,1438.786,1442.708,1447.208,1453.168,1459.736,1461.438,1466.06,1471.655,1480.168,1489.168,1502.547,1518.601,1529.791,1546.331,1558.494,1460.184,1461.347,1462.928,1463.232,1467.337,1469.526,1475.06,1000,1000,1000,1000,1000,1000,1000,1000,1000,1000,1000,1000,1000,1000,1000,1000,1000,1000,1000,1000,1000,1000,1000,1000,1000,1000,1000,1000,1000,1000,1000,1000,1000,1000,1000,1000,1000,1000,1000,1000,1000,1000,1000,1000,1000,1000,1000,1000,1000,1000,1000,1571.142,1568.011,1566.642,1565.266,1564.788,1658.711,1643.63,1620.765,1609.089,1596.927,1576.251,1565.305,1556.548,1550.71,1546.818,1544.689,1541.527,1539.976,1538.084,1537.24,1612.494,1591.089,1574.548,1557.277,1542.439,1533.196,1526.02,1522.311,1518.358,1517.446,1512.733,1511.129,1605.197,1587.197,1557.521,1546.818,1533.926,1528.574,1515.682,1511.547,1504.493,1498.959,1495.006,1492.695,1000,1487.557,1486.911,1574.061,1556.061,1543.899,1523.953,1507.898,1497.682,1489.412,1481.385,1477.979,1474.817,1470.864,1468.736,1466.06,1461.241,1460.002,1459.477,1548.764,1535.628,1523.953,1507.898,1495.736,1486.736,1472.871,1463.263,1456.087,1446.175,1441.34,1438.908,1436.772,1539.034,1528.331,1512.277,1506.439,1492.331,1480.168,1465.817,1452.925,1440.884,1434.316,1429.087,1426.654,1000,1000,1000,1000,1000,1000,1000,1000,1000,1000,1000,1000,1000,1000,1000,1000,1000,1000,1000,1000,1000,1000,1000,1000,1000,1000,1000,1000,1000,1000,1000,1000,1000,1000,1000,1000,1000,1000
1000,1000,1000,1000,1000,1000,1000,1000,1000,1000,1000,1000,1000,1000,1000,1000,1000,1000,1000,1000,1000,1000,1000,1000,1000,1000,1000,1000,1000,1000,1000,1000,1000,1222.145,1225.489,1227.314,1228.773,1232.422,1236.071,1239.841,1242.517,1245.679,1249.571,1254.436,1257.598,1263.679,1271.463,1279.247,1286.058,1290.923,1297.247,1302.112,1307.95,1314.761,1321.085,1326.923,1223.863,1223.939,1224.334,1224.6,1225.315,1226.098,1227.329,1228.074,1229.989,1230.598,1231.388,1232.787,1238.99,1251.638,1000,1000,1240.814,1253.949,1256.868,1263.679,1270.49,1276.328,1280.706,1286.544,1293.355,1301.139,1304.058,1312.328,1208.333,1208.675,1209.154,1209.747,1210.317,1210.864,1211.229,1211.898,1213.479,1215.212,1216.976,1218.739,1220.928,1222.145,1223.057,1225.489,1228.773,1229.625,1229.989,1233.76,1235.584,1238.381,1240.327,1246.652,1251.517,1255.165,1259.544,1270.003,1273.895,1278.76,1283.625,1288.49,1289.463,1299.193,1305.031,1314.761,1321.085,1330.815,1223.825,1224.053,1224.334,1224.661,1225.071,1226.098,1227.77,1229.229,1231.388,1232.543,1233.03,1235.402,1236.253,1238.017,1239.963,1243.611,1245.192,1249.328,1249.814,1252.976,1254.436,1258.084,1263.436,1269.517,1274.625,1281.436,1282.166,1282.652,1286.544,1000,1000,1000,1369.734,1355.626,1343.95,1000,1000,1000,1200.922,1202.867,1204.813,1207.732,1209.678,1211.624,1209.678,1209.678,1212.597,1217.462,1221.841,1231.571,1117.062,1117.351,1118.043,1119.404,1120.893,1122.566,1126.002,1133.299,1000,1000,1000,1000,1000,1000,1000,1000,1252.064,1256.26,1258.814,1261.125,1262.341,1264.409,1265.747,1269.031,1272.436,1278.517,1281.922,1288.733,1293.355,1298.22,1303.571,1307.463,1312.328,1319.626,1328.383,1336.167,1342.004,1347.842,1357.086,1363.896,1255.15,1255.621,1256.062,1256.45,1257.446,1258.328,1259.513,1260.912,1262.341,1263.922,1265.99,1269.152,1271.828,1275.112,1278.274,1282.287,1285.571,1290.193,1291.896,1294.571,1298.22,1301.139,1305.761,1313.301,1318.166,1325.95,1333.248,1340.545,1344.923,1359.518,1272.588,1000,1000,1000,1099.731,1097.542,1093.65,1090.974,1090.488,1089.515,1087.082,1084.771,1083.069,1081.731,1081.001,1080.15,1079.785,1080.15,1079.785,1079.298,1078.933,1078.933,1078.204,1077.474,1077.109,1076.744,1076.744,1077.109,1077.474,1077.839,1077.839,1078.569,1079.298,1079.298,1079.785,1081.001,1081.366,1082.217,1082.582,1084.406,1084.771,1085.258,1085.744,1087.082,1087.082,1089.028,1000,1000,1098.028,1106.542,1116.029,1126.975,1133.786,1134.272,1136.218,1139.623,1000,1000,1000,1000,1392.6,1400.384,1405.735,1413.519,1309.751,1310.405,1311.614,1313.24,1315.217,1316.585,1318.653,1319.93,1321.572,1324.004,1329.599,1000,1000,1163.097,1167.475,1171.245,1000,1414.005,1390.654,1389.681,1387.735,1392.113,1000,1000,1000,1000,1000,1000,1000,1000,1251.03,1215.03,1209.678,1204.327,1205.3,1000,1000,1000,1151.824,1151.862,1251.517,1241.787,1000,1000,1000,1000,1000,1000,1383.599,1398.438,1000,1000,1000,1000,1000,1000,1000,1152.82,1151.178,1151.968,1000,1000,1388.708,1390.41,1392.843,1394.546,1400.384,1409.14,1416.924,1430.546,1446.114,1450.006,1457.79,1471.898,1369.924,1370.236,1371.354,1373.414,1374.66,1378.005,1380.012,1382.748,1385.302,1390.654,1396.613,1401.843,1405.005,1408.897,1415.951,1427.384,1437.843,1455.357,1469.465,1481.141,1492.331,1391.482,1391.733,1392.508,1393.451,1394.819,1397.13,1398.985,1401.113,1403.607,1410.6,1414.492,1425.438,1430.789,1443.195,1448.79,1464.114,1473.844,1485.033,1495.736,1414.606,1415.085,1415.556,1416.696,1418.931,1420.299,1423.249,1431.762,1440.033,1446.114,1458.276,1467.276,1466.547,1000,1000,1502.547,1000,1528.331,1529.304,1435.935,1437.106,1438.664,1442.283,1445.871,1453.533,1459.249,1462.776,1464.601,1471.655,1479.195,1494.277,1500.115,1524.926,1533.682,1543.412,1552.656,1460.184,1461.241,1463.232,1463.84,1467.094,1469.222,1471.715,1000,1000,1000,1000,1000,1000,1000,1000,1000,1000,1000,1000,1000,1000,1000,1000,1000,1000,1000,1000,1000,1000,1000,1000,1000,1000,1000,1000,1000,1000,1000,1000,1000,1000,1000,1000,1000,1000,1000,1000,1000,1000,1000,1000,1000,1000,1000,1000,1000,1000,1000,1000,1000,1000,1565.084,1564.674,1653.846,1635.846,1617.359,1607.629,1594.008,1576.737,1568.71,1558.494,1552.291,1547.365,1544.689,1540.919,1539.505,1537.787,1537.126,1611.521,1596.44,1575.521,1555.575,1541.953,1530.399,1525.412,1521.155,1517.446,1516.047,1000,1510.437,1596.927,1000,1000,1000,1000,1521.763,1513.371,1512.52,1507.898,1499.81,1496.223,1492.878,1000,1000,1486.721,1565.791,1552.169,1539.52,1520.547,1506.682,1500.115,1490.385,1483.452,1479.074,1475.425,1470.56,1468.492,1465.452,1461.773,1460.313,1459.591,1000,1529.791,1517.142,1498.655,1487.222,1481.628,1468.006,1460.587,1454.263,1444.411,1440.489,1438.421,1436.49,1537.088,1529.304,1511.304,1502.547,1487.952,1475.79,1461.438,1448.79,1438.33,1431.762,1426.107,1000,1000,1000,1000,1000,1000,1000,1000,1000,1000,1000,1000,1000,1000,1000,1000,1000,1000,1000,1000,1000,1000,1000,1000,1000,1000,1000,1000,1000,1000,1000,1000,1000,1000,1000,1000,1000,1000,1000
1000,1000,1000,1000,1000,1000,1000,1000,1000,1000,1000,1000,1000,1000,1000,1000,1000,1000,1000,1000,1000,1000,1000,1000,1000,1000,1000,1000,1000,1000,1000,1000,1000,1224.03,1000,1228.043,1226.949,1229.989,1232.908,1236.922,1239.354,1243.003,1246.165,1252.003,1253.219,1259.544,1268.057,1273.895,1280.22,1285.085,1288.49,1294.815,1300.166,1308.923,1314.761,1324.004,1332.761,1223.901,1224.129,1224.433,1224.995,1225.581,1226.31,1227.192,1228.53,1228.712,1229.594,1231.388,1235.949,1247.138,1000,1000,1243.49,1254.436,1256.868,1262.22,1270.976,1277.301,1283.625,1287.517,1296.274,1300.166,1304.058,1311.355,1208.409,1208.675,1209.215,1209.587,1210.21,1210.864,1211.624,1212.354,1214.786,1216.307,1218.496,1219.53,1220.928,1221.233,1222.814,1225.125,1229.625,1231.206,1233.273,1236.435,1237.895,1238.868,1241.3,1246.652,1249.571,1252.003,1258.328,1267.084,1271.463,1277.787,1286.058,1288.49,1290.923,1298.22,1306.004,1314.761,1322.058,1223.787,1224.015,1224.129,1224.38,1224.851,1225.071,1226.098,1228.074,1229.229,1231.388,1232.787,1233.76,1235.645,1238.017,1239.598,1242.152,1245.557,1248.841,1248.841,1249.328,1252.003,1251.638,1253.949,1263.436,1271.22,1276.571,1285.085,1287.031,1000,1000,1000,1000,1000,1000,1356.599,1000,1000,1000,1194.111,1192.651,1193.624,1193.624,1196.057,1199.948,1201.895,1202.867,1204.813,1208.705,1213.57,1219.895,1229.625,1116.986,1117.458,1118.126,1119.069,1120.437,1122.748,1125.515,1134.394,1000,1000,1000,1000,1000,1000,1000,1000,1249.875,1253.28,1256.26,1259.179,1261.125,1262.706,1264.409,1267.571,1270.976,1274.139,1280.706,1287.517,1292.139,1297.004,1302.599,1306.49,1312.328,1319.626,1327.41,1336.167,1340.058,1346.869,1356.113,1360.978,1255.112,1255.621,1256.29,1256.716,1257.932,1258.601,1259.361,1260.182,1261.49,1263.01,1264.895,1268.24,1272.193,1274.747,1277.909,1281.801,1283.139,1286.058,1290.193,1292.869,1298.22,1303.085,1306.977,1315.247,1319.626,1326.923,1331.788,1342.004,1344.923,1357.572,1272.436,1000,1000,1000,1096.812,1094.136,1090.488,1089.028,1088.055,1086.596,1085.744,1083.92,1082.217,1081.001,1080.515,1080.15,1079.785,1079.785,1079.298,1078.569,1078.569,1078.204,1077.474,1077.109,1076.379,1076.379,1076.015,1076.379,1076.744,1077.474,1077.474,1078.204,1078.933,1079.298,1079.785,1080.515,1081.366,1081.731,1082.582,1083.92,1084.771,1084.771,1085.744,1086.596,1086.596,1087.569,1000,1000,1000,1104.109,1113.109,1124.056,1132.813,1134.272,1137.677,1144.975,1000,1000,1000,1391.627,1392.6,1399.411,1406.708,1415.465,1309.789,1310.344,1311.31,1312.541,1314.001,1315.977,1318.896,1321.024,1323.335,1328.139,1333.612,1000,1148.624,1161.029,1166.502,1168.326,1000,1410.113,1391.627,1387.248,1386.275,1390.654,1397.465,1415.951,1000,1000,1000,1000,1000,1143.242,1140.186,1216.489,1206.273,1201.895,1202.867,1000,1000,1000,1262.706,1262.706,1252.976,1235.949,1000,1000,1000,1000,1000,1000,1000,1000,1000,1000,1000,1000,1000,1000,1000,1149.597,1148.624,1148.624,1000,1000,1396.492,1396.492,1396.005,1398.924,1403.546,1413.519,1418.384,1432.492,1444.168,1451.952,1456.817,1471.898,1473.844,1370.115,1370.875,1373.003,1374.174,1377.579,1379.221,1381.897,1383.052,1387.005,1392.356,1397.951,1402.816,1408.167,1415.465,1423.005,1436.87,1453.411,1470.438,1484.547,1494.277,1391.406,1391.558,1392.204,1392.843,1394.272,1396.583,1000,1400.384,1404.154,1409.14,1413.276,1422.762,1430.303,1437.357,1447.33,1460.709,1472.384,1482.114,1494.763,1510.817,1414.91,1415.244,1416.392,1418.323,1419.934,1423.005,1432.127,1439.181,1445.627,1454.627,1463.871,1467.276,1000,1000,1496.709,1000,1522.007,1536.115,1436.354,1438.208,1440.489,1445.384,1447.512,1454.263,1460.587,1464.114,1000,1473.357,1483.33,1492.817,1500.601,1519.574,1529.791,1544.385,1459.325,1460.313,1463.232,1466.06,1466.425,1467.763,1470.317,1470.56,1000,1000,1000,1000,1000,1000,1000,1000,1000,1000,1000,1000,1000,1000,1000,1000,1000,1000,1000,1000,1000,1000,1000,1000,1000,1000,1000,1000,1000,1000,1000,1000,1000,1000,1000,1000,1000,1000,1000,1000,1000,1000,1000,1000,1000,1000,1000,1000,1000,1000,1000,1000,1566.977,1565.951,1565.145,1564.712,1654.819,1639.738,1622.711,1611.521,1598.386,1579.17,1569.683,1560.44,1554.723,1549.554,1547.852,1542.348,1540.098,1537.787,1633.413,1604.71,1591.089,1571.142,1551.926,1541.953,1530.764,1524.439,1519.574,1516.838,1000,1000,1510.034,1591.089,1577.467,1553.142,1000,1000,1000,1514.344,1511.182,1506.682,1499.81,1498.108,1493.486,1000,1000,1486.797,1559.953,1549.25,1534.656,1519.574,1506.682,1503.033,1490.871,1482.236,1476.885,1473.844,1467.52,1466.851,1464.692,1461.347,1460.002,1459.553,1542.439,1525.899,1000,1497.196,1483.33,1477.979,1465.573,1458.519,1452.073,1443.985,1440.489,1438.102,1436.278,1530.277,1521.034,1499.141,1490.385,1481.141,1469.952,1457.06,1446.114,1437.114,1430.06,1000,1000,1000,1000,1000,1000,1000,1000,1000,1000,1000,1000,1000,1000,1000,1000,1000,1000,1000,1000,1000,1000,1000,1000,1000,1000,1000,1000,1000,1000,1000,1000,1000,1000,1000,1000,1000,1000,1000,1000
1000,1000,1000,1000,1000,1000,1000,1000,1000,1000,1000,1000,1000,1000,1000,1000,1000,1000,1000,1000,1000,1000,1000,1000,1000,1000,1000,1000,1000,1000,1000,1000,1000,1000,1226.949,1229.625,1228.773,1229.989,1232.057,1236.071,1238.381,1239.354,1241.3,1246.652,1245.192,1250.301,1260.274,1268.544,1275.355,1281.679,1286.544,1290.923,1294.815,1301.139,1308.923,1317.68,1327.896,1223.787,1223.939,1224.167,1224.486,1224.782,1225.315,1226.204,1226.918,1226.797,1227.77,1229.047,1232.787,1000,1000,1000,1243.49,1252.976,1256.868,1262.22,1270.976,1278.274,1285.571,1289.463,1299.193,1306.49,1310.382,1208.219,1208.561,1208.766,1209.427,1210.013,1210.636,1211.229,1211.624,1212.05,1213.844,1215.03,1217.462,1218.496,1220.077,1220.685,1222.145,1224.03,1228.043,1231.571,1233.76,1236.922,1238.381,1239.841,1241.3,1245.679,1247.382,1252.003,1257.598,1268.057,1272.436,1281.193,1286.058,1288.49,1290.923,1299.193,1307.95,1315.734,1324.977,1223.863,1224.129,1224.334,1224.6,1225.071,1225.315,1226.432,1228.074,1229.989,1232.543,1234.064,1236.253,1237.713,1240.327,1241.057,1245.557,1247.138,1252.003,1250.665,1252.976,1252.976,1252.49,1254.436,1267.084,1271.949,1279.247,1286.544,1288.004,1000,1000,1000,1000,1000,1000,1000,1000,1000,1198.975,1190.705,1189.732,1190.705,1189.732,1189.732,1192.651,1191.678,1193.624,1198.003,1202.867,1207.732,1217.462,1228.652,1116.948,1117.572,1118.552,1119.404,1120.164,1121.866,1124.36,1132.326,1000,1000,1000,1000,1000,1000,1000,1245.344,1249.875,1252.672,1255.53,1257.719,1260.274,1262.706,1264.044,1267.571,1270.49,1274.139,1280.706,1286.301,1290.193,1294.815,1302.112,1305.031,1311.355,1319.626,1328.383,1334.22,1340.058,1345.896,1356.113,1359.032,1255.036,1255.469,1255.986,1256.541,1257.446,1258.054,1258.905,1259.848,1261.125,1263.01,1264.652,1267.389,1270.49,1274.017,1277.544,1283.139,1285.085,1288.004,1290.193,1294.085,1296.274,1303.571,1307.707,1316.22,1319.626,1325.95,1329.356,1337.626,1340.545,1349.788,1366.329,1000,1000,1000,1095.353,1093.65,1090.974,1090.001,1088.055,1084.771,1084.406,1083.069,1081.366,1080.515,1080.515,1080.15,1079.785,1079.785,1078.933,1078.569,1078.204,1077.839,1077.109,1076.744,1076.379,1076.379,1076.015,1076.379,1076.744,1077.109,1077.109,1078.204,1078.569,1078.933,1079.785,1080.515,1081.001,1081.731,1082.582,1083.433,1084.771,1085.258,1086.231,1085.744,1085.744,1086.231,1000,1000,1000,1101.677,1000,1118.704,1129.407,1133.786,1138.65,1000,1000,1000,1000,1389.681,1393.573,1401.356,1411.573,1309.447,1309.865,1310.344,1311.31,1312.815,1314.001,1315.612,1318.166,1320.477,1321.572,1325.585,1330.815,1000,1000,1162.245,1167.475,1168.813,1000,1408.167,1387.735,1384.816,1382.87,1386.275,1390.654,1407.194,1000,1000,1000,1164.799,1155.313,1000,1140.224,1215.516,1202.867,1201.895,1203.84,1000,1000,1000,1264.652,1264.652,1257.841,1239.841,1000,1000,1000,1000,1000,1000,1000,1000,1000,1000,1000,1000,1000,1000,1000,1149.84,1147.286,1146.677,1000,1000,1393.573,1392.356,1394.059,1397.221,1404.275,1414.978,1418.87,1433.952,1445.141,1453.898,1461.682,1369.772,1369.849,1370.327,1370.943,1372.623,1373.718,1377.336,1379.221,1381.897,1382.748,1387.005,1391.505,1397.1,1402.816,1410.6,1415.465,1421.059,1431.033,1443.195,1457.79,1473.357,1492.331,1391.444,1392.075,1392.584,1393.664,1394.971,1396.948,1398.559,1400.627,1404.154,1408.411,1412.059,1419.843,1426.411,1434.924,1445.871,1459.736,1471.411,1481.141,1491.844,1508.871,1414.758,1415.366,1416.803,1418.171,1421.059,1423.978,1432.492,1440.033,1446.114,1451.465,1459.492,1462.655,1471.411,1477.736,1495.736,1000,1516.169,1523.953,1436.088,1437.6,1439.029,1444.411,1446.661,1452.803,1452.438,1458.033,1455.357,1465.087,1472.141,1482.844,1485.276,1507.898,1000,1000,1000,1460.617,1465.057,1467.337,1467.763,1467.52,1468.979,1468.979,1000,1000,1000,1000,1000,1000,1000,1000,1000,1000,1000,1000,1000,1000,1000,1000,1000,1000,1000,1000,1000,1000,1000,1000,1000,1000,1000,1000,1000,1000,1000,1000,1000,1000,1000,1000,1000,1000,1000,1000,1000,1000,1000,1000,1000,1000,1000,1000,1000,1000,1000,1000,1566.855,1565.616,1565.031,1564.712,1652.873,1639.738,1620.765,1604.224,1589.872,1573.332,1563.48,1558.007,1554.723,1550.406,1547.365,1542.196,1539.612,1537.468,1622.711,1598.873,1581.845,1562.629,1544.142,1538.547,1528.574,1524.074,1518.844,1516.412,1000,1000,1604.224,1582.332,1568.71,1549.737,1000,1000,1000,1513.858,1509.115,1505.588,1497.804,1495.736,1491.236,1000,1000,1583.791,1558.007,1548.277,1537.088,1525.899,1510.574,1503.52,1492.331,1484.303,1477.614,1473.479,1467.763,1000,1463.08,1460.777,1459.842,1459.477,1541.466,1000,1000,1496.223,1479.682,1471.655,1461.925,1454.992,1449.519,1442.708,1440.489,1438.102,1436.354,1534.169,1524.926,1502.547,1487.952,1479.195,1470.682,1000,1447.573,1439.181,1000,1000,1000,1000,1000,1000,1000,1000,1000,1000,1000,1000,1000,1000,1000,1000,1000,1000,1000,1000,1000,1000,1000,1000,1000,1000,1000,1000,1000,1000,1000,1000,1000,1000,1000,1000,1000,1000,1000,1000,1000
1000,1000,1000,1000,1000,1000,1000,1000,1000,1000,1000,1000,1000,1000,1000,1000,1000,1000,1000,1000,1000,1000,1000,1000,1000,1000,1000,1000,1000,1000,1000,1000,1000,1000,1000,1000,1000,1000,1235.098,1237.408,1238.381,1238.381,1240.327,1247.382,1000,1246.652,1000,1000,1000,1274.868,1281.193,1282.652,1281.679,1288.49,1296.274,1306.004,1000,1000,1331.788,1000,1000,1224.486,1225.071,1225.687,1225.885,1225.406,1225.991,1227.618,1000,1000,1000,1000,1242.76,1252.49,1255.409,1258.328,1267.084,1274.868,1280.706,1288.49,1302.112,1307.463,1311.355,1208.295,1208.599,1208.812,1209.587,1210.423,1210.986,1211.898,1212.506,1212.81,1214.604,1215.638,1217.219,1218.983,1221.233,1222.145,1224.395,1228.043,1231.571,1235.098,1236.922,1239.841,1239.841,1000,1243.976,1248.354,1249.571,1253.949,1260.274,1267.084,1272.436,1281.679,1290.436,1289.463,1294.815,1303.085,1309.896,1319.626,1329.842,1223.977,1224.205,1224.6,1224.851,1225.489,1226.098,1226.918,1228.712,1230.172,1233.76,1234.55,1237.713,1238.017,1240.692,1240.327,1245.557,1248.841,1255.895,1252.003,1256.868,1253.949,1251.152,1252.003,1000,1000,1279.977,1000,1000,1000,1000,1000,1000,1000,1000,1000,1000,1000,1202.867,1195.084,1191.678,1191.678,1189.246,1189.246,1190.705,1189.246,1189.246,1194.111,1198.975,1202.867,1214.543,1224.76,1117.024,1117.572,1118.203,1118.963,1120.164,1120.893,1123.143,1131.596,1000,1000,1000,1000,1000,1000,1000,1248.598,1251.517,1252.368,1254.557,1256.26,1258.814,1261.49,1264.409,1267.206,1271.463,1274.625,1279.49,1285.085,1290.679,1293.355,1299.68,1304.058,1309.896,1316.22,1324.977,1332.275,1338.112,1344.923,1352.221,1357.086,1362.924,1255.264,1255.675,1256.131,1256.914,1257.811,1258.601,1259.513,1260.547,1263.01,1264.895,1267.084,1270.125,1272.193,1275.841,1279.612,1282.774,1286.058,1288.004,1293.355,1297.49,1303.571,1306.977,1314.761,1316.707,1324.491,1329.356,1337.139,1343.95,1354.653,1371.68,1000,1000,1000,1093.163,1093.65,1089.515,1087.569,1085.258,1084.771,1083.433,1082.582,1081.366,1081.366,1080.515,1080.15,1079.785,1079.785,1078.569,1078.204,1077.839,1077.474,1077.109,1076.744,1076.744,1076.744,1076.379,1076.744,1076.744,1076.744,1077.109,1077.839,1078.204,1078.933,1079.785,1080.15,1080.515,1081.731,1082.582,1083.433,1084.771,1084.771,1085.744,1087.082,1086.596,1087.082,1000,1000,1000,1101.677,1106.542,1114.569,1124.056,1130.38,1136.704,1000,1000,1000,1000,1390.654,1395.519,1404.762,1414.492,1309.561,1309.789,1310.344,1311.112,1312.42,1313.24,1314.67,1316.22,1317.923,1319.687,1324.004,1000,1000,1000,1162.732,1168.326,1167.475,1000,1396.492,1382.87,1380.437,1378.978,1380.437,1385.302,1396.005,1000,1000,1000,1000,1000,1000,1250.057,1204.327,1193.138,1192.651,1194.111,1000,1000,1000,1261.733,1258.814,1261.733,1242.76,1000,1000,1000,1000,1000,1000,1000,1000,1000,1000,1000,1000,1000,1000,1000,1000,1146.677,1000,1000,1000,1394.059,1392.356,1393.573,1397.708,1404.275,1413.519,1417.411,1428.114,1437.357,1447.087,1454.871,1468.006,1369.81,1370.327,1371.179,1372.866,1374.174,1376.91,1380.255,1381.045,1383.356,1386.275,1390.654,1393.086,1398.924,1408.897,1416.681,1422.519,1432.492,1445.627,1456.33,1467.52,1489.412,1391.596,1392.28,1392.668,1394.546,1000,1397.525,1399.654,1402.208,1405.735,1408.046,1411.33,1417.532,1000,1429.087,1445.141,1000,1000,1480.168,1492.817,1510.817,1414.758,1415.366,1416.696,1418.171,1420.877,1423.492,1430.06,1437.479,1443.195,1450.735,1458.276,1466.547,1474.33,1480.168,1492.331,1504.493,1504.493,1516.169,1537.088,1436.962,1438.208,1442.708,1446.661,1450.735,1452.073,1458.519,1455.722,1464.114,1000,1000,1000,1503.033,1506.925,1535.628,1459.249,1460.184,1463.84,1468.006,1468.006,1467.52,1470.013,1468.492,1000,1000,1000,1000,1000,1000,1000,1000,1000,1000,1000,1000,1000,1000,1000,1000,1000,1000,1000,1000,1000,1000,1000,1000,1000,1000,1000,1000,1000,1000,1000,1000,1000,1000,1000,1000,1000,1000,1000,1000,1000,1000,1000,1000,1000,1000,1000,1000,1000,1000,1000,1566.232,1565.7,1565.084,1564.75,1564.56,1646.549,1629.035,1610.548,1594.008,1582.089,1568.224,1560.44,1555.453,1552.656,1548.156,1544.507,1540.493,1538.532,1633.413,1611.521,1594.494,1579.413,1558.007,1540.007,1531.98,1524.439,1521.155,1516.838,1515.469,1512.854,1510.49,1000,1587.197,1570.169,1551.196,1000,1536.601,1000,1515.682,1509.479,1502.669,1496.466,1494.581,1490.476,1488.112,1487.04,1575.034,1553.142,1542.926,1529.791,1515.439,1504.25,1497.196,1486.614,1480.168,1475.425,1471.715,1466.425,1465.452,1463.232,1461.149,1460.063,1459.591,1543.412,1522.98,1509.358,1491.358,1475.547,1466.547,1457.668,1450.492,1446.175,1441.523,1440.033,1438.315,1436.893,1435.897,1527.358,1505.466,1485.52,1474.817,1463.871,1455.844,1447.573,1000,1000,1000,1000,1000,1000,1000,1000,1000,1000,1000,1000,1000,1000,1000,1000,1000,1000,1000,1000,1000,1000,1000,1000,1000,1000,1000,1000,1000,1000,1000,1000,1000,1000,1000,1000,1000,1000,1000,1000,1000,1000
1000,1000,1000,1000,1000,1000,1000,1000,1000,1000,1000,1000,1000,1000,1000,1000,1000,1000,1000,1000,1000,1000,1000,1000,1000,1000,1000,1000,1000,1000,1000,1000,1000,1000,1000,1000,1000,1000,1000,1000,1000,1000,1000,1000,1000,1000,1000,1000,1000,1000,1000,1272.922,1267.084,1000,1000,1000,1000,1000,1000,1000,1000,1000,1224.433,1225.991,1000,1224.851,1000,1000,1000,1000,1000,1000,1240.814,1251.517,1259.787,1260.76,1271.949,1282.652,1291.409,1294.328,1312.328,1314.274,1317.193,1208.485,1208.865,1208.971,1210.423,1211.761,1212.354,1212.81,1213.327,1212.962,1214.209,1215.03,1216.733,1219.53,1222.814,1224.03,1225.854,1229.138,1232.057,1235.098,1239.354,1241.3,1000,1000,1000,1247.868,1253.949,1259.544,1267.084,1000,1000,1000,1295.301,1293.842,1306.004,1311.842,1321.085,1332.761,1224.433,1225.071,1226.098,1226.675,1226.098,1225.991,1226.675,1226.918,1227.922,1230.962,1235.098,1235.098,1239.598,1241.057,1000,1000,1000,1000,1000,1256.382,1000,1000,1000,1255.409,1000,1000,1000,1000,1000,1000,1000,1000,1000,1000,1000,1000,1000,1211.624,1206.759,1195.084,1193.624,1189.732,1189.246,1188.273,1192.651,1189.246,1188.273,1191.678,1198.003,1201.895,1214.543,1223.787,1117.024,1117.404,1118.043,1118.75,1119.282,1120.164,1122.961,1000,1000,1000,1000,1000,1000,1000,1246.956,1248.354,1249.875,1252.064,1254.557,1256.625,1259.179,1262.341,1264.409,1269.031,1271.949,1276.814,1280.706,1285.571,1289.463,1293.355,1298.22,1301.139,1307.95,1313.788,1319.626,1326.437,1335.193,1341.031,1348.815,1356.113,1361.951,1255.188,1255.568,1256.131,1256.625,1257.446,1258.054,1259.361,1260.365,1262.524,1264.409,1267.084,1269.517,1271.463,1274.747,1279.977,1282.774,1288.004,1291.896,1294.085,1297.004,1301.869,1306.247,1313.788,1316.707,1324.491,1327.896,1339.572,1347.842,1357.572,1372.653,1000,1000,1000,1000,1089.028,1087.569,1087.569,1085.744,1084.771,1083.433,1082.217,1081.001,1081.366,1081.001,1080.515,1080.15,1079.785,1078.569,1077.839,1077.474,1077.474,1076.744,1077.109,1077.109,1077.109,1077.109,1077.109,1077.109,1077.109,1077.109,1077.839,1078.204,1078.569,1079.298,1079.785,1080.515,1081.366,1082.217,1083.069,1084.406,1084.406,1085.258,1085.744,1086.231,1000,1000,1091.461,1091.947,1099.731,1105.812,1112.38,1121.623,1129.407,1136.704,1000,1000,1000,1000,1381.897,1387.735,1396.492,1409.627,1309.485,1309.675,1310.223,1310.854,1311.827,1312.541,1313.849,1314.852,1317.011,1318.896,1324.004,1330.328,1000,1000,1158.475,1167.962,1167.475,1000,1391.627,1378.978,1374.113,1373.626,1376.545,1381.41,1386.275,1000,1000,1000,1172.705,1167.475,1000,1140.703,1201.408,1193.138,1188.759,1192.651,1000,1000,1000,1255.895,1261.733,1151.976,1000,1000,1000,1000,1000,1000,1000,1000,1000,1000,1000,1000,1000,1000,1000,1000,1148.198,1000,1000,1000,1000,1387.248,1389.924,1391.14,1396.492,1401.6,1414.978,1422.276,1436.87,1444.168,1454.871,1464.114,1369.734,1370.077,1370.487,1371.528,1372.745,1373.718,1375.542,1378.491,1378.491,1381.045,1383.964,1388.1,1391.87,1401.843,1410.6,1417.897,1423.735,1432.979,1445.627,1460.709,1472.384,1491.358,1391.52,1391.953,1392.349,1394.029,1395.123,1397.13,1399.228,1401.661,1405.978,1406.951,1411.33,1415.83,1423.735,1429.573,1448.06,1453.898,1463.141,1473.844,1491.844,1510.817,1414.872,1415.556,1417.016,1417.897,1420.877,1423.735,1428.722,1437.843,1441.857,1445.627,1453.654,1464.601,1470.682,1476.276,1488.925,1505.466,1501.574,1520.061,1435.974,1437.038,1437.889,1440.641,1442.283,1445.627,1448.364,1451.465,1451.708,1458.519,1000,1483.33,1487.952,1501.574,1508.871,1528.818,1000,1459.751,1462.655,1467.52,1467.52,1468.006,1470.013,1470.56,1000,1000,1000,1000,1000,1000,1000,1000,1000,1000,1000,1000,1000,1000,1000,1000,1000,1000,1000,1000,1000,1000,1000,1000,1000,1000,1000,1000,1000,1000,1000,1000,1000,1000,1000,1000,1000,1000,1000,1000,1000,1000,1000,1000,1000,1000,1000,1000,1000,1000,1000,1000,1565.145,1564.924,1564.833,1564.75,1653.846,1640.711,1620.765,1594.737,1580.872,1567.25,1557.642,1552.899,1550.71,1544.264,1541.071,1538.456,1537.468,1623.684,1607.629,1595.467,1582.818,1560.683,1542.926,1533.682,1524.439,1520.365,1517.446,1514.588,1512.049,1510.437,1602.278,1581.359,1564.818,1549.737,1542.683,1533.926,1521.277,1514.709,1508.263,1499.506,1494.581,1492.695,1489.26,1487.557,1486.835,1565.791,1547.304,1532.709,1520.547,1509.358,1501.817,1492.817,1486.614,1479.803,1474.087,1468.979,1465.057,1463.84,1461.773,1460.534,1459.895,1459.477,1540.493,1520.547,1504.006,1484.547,1467.033,1460.952,1454.263,1448.06,1444.654,1441.705,1439.44,1437.517,1000,1000,1000,1502.547,1000,1474.817,1465.33,1000,1000,1000,1000,1000,1000,1000,1000,1000,1000,1000,1000,1000,1000,1000,1000,1000,1000,1000,1000,1000,1000,1000,1000,1000,1000,1000,1000,1000,1000,1000,1000,1000,1000,1000,1000,1000,1000,1000,1000,1000,1000,1000,1000
1000,1000,1000,1000,1000,1000,1000,1000,1000,1000,1000,1000,1000,1000,1000,1000,1000,1000,1000,1000,1000,1000,1000,1000,1000,1000,1000,1000,1000,1000,1000,1000,1000,1000,1000,1000,1000,1000,1000,1000,1000,1000,1000,1000,1000,1000,1000,1000,1000,1000,1000,1000,1000,1000,1000,1000,1000,1000,1000,1000,1000,1000,1000,1000,1000,1000,1000,1000,1000,1000,1000,1000,1242.76,1253.949,1265.625,1261.247,1273.895,1280.706,1289.463,1291.409,1308.436,1312.328,1317.193,1208.523,1208.971,1209.283,1210.743,1212.658,1212.962,1213.479,1212.962,1213.327,1214.786,1215.395,1216.489,1219.834,1000,1222.814,1225.125,1227.314,1230.354,1233.273,1239.841,1245.679,1250.787,1000,1000,1000,1252.49,1000,1000,1000,1000,1000,1000,1294.815,1308.923,1318.653,1324.977,1000,1000,1000,1000,1000,1000,1225.581,1000,1227.466,1228.895,1230.598,1236.253,1236.496,1242.517,1241.787,1246.409,1000,1255.409,1000,1000,1000,1000,1000,1000,1246.773,1000,1000,1000,1000,1000,1000,1000,1000,1000,1000,1000,1000,1000,1223.787,1213.57,1195.084,1190.705,1189.246,1186.327,1184.867,1188.273,1184.867,1185.354,1190.705,1198.003,1203.84,1218.435,1226.706,1117.138,1117.511,1118.286,1118.552,1119.525,1120.164,1123.569,1000,1000,1000,1000,1000,1000,1246.53,1246.773,1247.442,1248.841,1250.665,1253.28,1255.165,1258.449,1261.49,1264.895,1268.544,1271.463,1275.598,1279.49,1283.625,1285.571,1290.679,1297.004,1301.139,1306.004,1310.382,1315.247,1321.572,1328.383,1336.167,1342.977,1352.221,1359.032,1255.112,1255.515,1256.207,1256.823,1257.689,1258.191,1259.513,1260.365,1262.098,1263.679,1266.78,1268.848,1270.49,1273.652,1277.909,1280.95,1286.058,1290.679,1293.355,1295.058,1301.139,1306.247,1312.572,1315.247,1321.572,1325.95,1334.22,1343.95,1351.734,1365.356,1000,1000,1000,1000,1087.569,1086.596,1087.569,1085.744,1083.433,1083.069,1082.217,1081.001,1081.366,1081.001,1080.515,1080.15,1079.785,1078.204,1077.474,1077.109,1077.109,1076.379,1076.744,1076.744,1076.744,1076.744,1076.744,1077.109,1076.744,1077.109,1077.474,1077.839,1078.569,1078.933,1079.298,1080.15,1081.366,1081.731,1082.217,1083.433,1083.433,1084.406,1085.258,1086.596,1088.055,1000,1091.461,1093.65,1100.461,1105.326,1111.164,1121.623,1128.921,1000,1000,1000,1000,1370.221,1380.924,1385.789,1393.573,1405.735,1309.409,1309.637,1310.109,1310.778,1311.72,1312.176,1313.089,1314.335,1315.977,1318.166,1324.004,1329.599,1000,1000,1159.205,1167.962,1166.502,1000,1385.302,1374.113,1368.275,1369.248,1374.113,1377.518,1378.978,1386.275,1000,1000,1000,1179.759,1000,1000,1204.327,1192.651,1187.3,1188.759,1000,1000,1000,1261.733,1151.862,1152.128,1000,1000,1000,1000,1000,1000,1000,1000,1000,1000,1000,1000,1000,1000,1000,1000,1147.529,1145.735,1000,1000,1000,1000,1394.546,1393.573,1398.438,1401.6,1414.492,1418.87,1434.924,1439.303,1449.033,1458.763,1472.871,1369.963,1370.548,1371.354,1372.501,1373.87,1375.359,1378.491,1379.464,1381.593,1383.052,1389.194,1393.086,1400.87,1408.897,1417.897,1422.519,1429.573,1445.141,1461.682,1474.33,1494.277,1391.52,1391.839,1392.075,1393.041,1000,1396.765,1398.559,1402.451,1407.316,1409.14,1414.978,1000,1000,1434.438,1452.438,1453.898,1460.709,1471.411,1489.898,1506.925,1414.758,1415.366,1416.803,1417.502,1420.117,1422.58,1426.958,1433.222,1438.33,1441.857,1451.465,1461.438,1467.276,1472.141,1482.601,1492.817,1497.196,1516.169,1534.169,1436.49,1437.106,1439.577,1441.158,1443.742,1446.965,1450.492,1451.465,1459.736,1475.06,1484.06,1490.628,1498.655,1507.898,1531.737,1459.477,1460.123,1462.655,1465.817,1465.239,1464.509,1467.763,1000,1000,1000,1000,1000,1000,1000,1000,1000,1000,1000,1000,1000,1000,1000,1000,1000,1000,1000,1000,1000,1000,1000,1000,1000,1000,1000,1000,1000,1000,1000,1000,1000,1000,1000,1000,1000,1000,1000,1000,1000,1000,1000,1000,1000,1000,1000,1000,1000,1000,1000,1000,1000,1564.924,1564.674,1564.674,1564.332,1640.711,1626.116,1609.089,1585.251,1575.521,1561.777,1553.629,1549.554,1546.575,1542.196,1539.733,1537.84,1632.441,1612.494,1598.873,1589.143,1574.548,1558.007,1542.439,1000,1523.162,1519.818,1517.689,1514.588,1511.942,1510.544,1604.224,1580.386,1560.926,1549.737,1541.953,1534.656,1523.953,1515.196,1505.588,1497.804,1493.304,1491.418,1488.804,1487.557,1486.759,1561.899,1544.872,1529.791,1517.628,1507.898,1501.331,1491.844,1484.79,1478.344,1472.567,1468.249,1464.357,1463.384,1461.043,1459.667,1459.249,1557.521,1532.709,1518.601,1507.898,1487.222,1468.006,1460.952,1453.533,1446.175,1442.708,1440.641,1438.664,1437.106,1436.316,1000,1522.98,1505.466,1488.925,1480.168,1467.763,1000,1000,1000,1000,1000,1000,1000,1000,1000,1000,1000,1000,1000,1000,1000,1000,1000,1000,1000,1000,1000,1000,1000,1000,1000,1000,1000,1000,1000,1000,1000,1000,1000,1000,1000,1000,1000,1000,1000,1000,1000,1000,1000,1000
1000,1000,1000,1000,1000,1000,1000,1000,1000,1000,1000,1000,1000,1000,1000,1000,1000,1000,1000,1000,1000,1000,1000,1000,1000,1000,1000,1000,1000,1000,1000,1000,1000,1000,1000,1000,1000,1000,1000,1000,1000,1000,1000,1000,1000,1000,1000,1000,1000,1000,1000,1000,1000,1000,1000,1000,1000,1000,1000,1000,1000,1000,1000,1000,1000,1000,1000,1000,1000,1000,1000,1000,1000,1244.706,1000,1000,1267.084,1280.706,1287.517,1285.571,1301.139,1307.463,1306.49,1208.219,1208.675,1208.766,1209.283,1000,1000,1213.844,1213.844,1216.307,1217.462,1217.705,1218.983,1222.145,1000,1226.219,1227.679,1000,1231.571,1235.098,1000,1000,1000,1000,1000,1000,1000,1000,1000,1000,1000,1000,1000,1000,1000,1000,1000,1000,1000,1224.995,1000,1225.687,1000,1000,1000,1225.581,1225.687,1226.554,1229.989,1231.388,1235.949,1234.854,1236.253,1235.949,1000,1000,1000,1000,1000,1000,1000,1000,1000,1000,1000,1000,1000,1000,1000,1000,1000,1000,1000,1000,1000,1000,1219.895,1199.948,1196.057,1190.705,1190.705,1187.3,1189.246,1183.894,1182.921,1187.3,1197.03,1202.867,1217.462,1224.76,1116.948,1117.26,1117.754,1118.203,1119.525,1120.893,1125.029,1000,1000,1243.642,1245.344,1246.348,1245.344,1245.344,1245.74,1247.199,1248.111,1250.422,1252.672,1254.922,1257.719,1261.976,1264.895,1267.571,1271.463,1275.598,1277.787,1281.436,1285.085,1288.733,1294.815,1299.193,1305.031,1307.463,1314.761,1320.599,1328.383,1335.193,1345.896,1353.194,1359.032,1254.96,1255.226,1255.857,1256.366,1257.339,1258.191,1259.513,1260.912,1262.524,1264.409,1266.78,1268.24,1269.517,1272.557,1277.058,1279.977,1284.112,1289.706,1290.679,1291.896,1296.274,1302.355,1308.923,1313.301,1319.626,1325.95,1331.788,1342.004,1347.842,1360.491,1000,1000,1000,1000,1000,1085.744,1088.055,1086.231,1083.92,1083.433,1081.731,1081.366,1081.731,1081.366,1081.001,1080.515,1079.298,1078.204,1077.474,1076.744,1076.744,1076.744,1077.109,1077.109,1077.109,1077.109,1077.109,1077.109,1076.744,1077.474,1077.839,1078.204,1078.569,1079.298,1079.298,1079.298,1080.515,1081.001,1081.366,1082.582,1082.582,1083.92,1085.744,1086.231,1087.082,1090.974,1094.136,1096.812,1105.812,1109.704,1113.839,1122.596,1128.921,1000,1000,1000,1356.113,1362.437,1372.167,1378.978,1387.735,1398.438,1409.627,1309.523,1310.002,1310.694,1311.614,1312.42,1313.393,1314.518,1315.977,1318.166,1324.247,1331.18,1000,1000,1158.475,1167.962,1167.962,1000,1385.302,1373.626,1370.707,1369.248,1374.113,1378.005,1382.383,1388.708,1410.113,1000,1000,1000,1000,1000,1205.3,1196.543,1187.3,1188.273,1000,1000,1000,1000,1151.824,1151.976,1000,1354.41,1355.748,1000,1000,1000,1000,1000,1000,1000,1000,1350.351,1000,1000,1000,1000,1149.597,1146.677,1000,1000,1000,1000,1386.518,1388.221,1393.573,1398.924,1414.978,1418.87,1433.952,1439.303,1448.06,1455.844,1468.979,1370,1370.548,1371.437,1372.501,1373.414,1375.359,1377.579,1378.005,1381.045,1384.329,1388.829,1394.424,1402.329,1407.681,1415.465,1421.789,1425.195,1438.33,1453.411,1465.573,1484.547,1391.33,1391.687,1392.014,1393.132,1394.029,1396.4,1398.559,1402.998,1408.046,1411.694,1419.843,1430.303,1434.924,1437.357,1451.465,1451.465,1455.844,1462.168,1481.141,1500.601,1414.606,1415.191,1416.59,1417.137,1420.299,1423.492,1427.505,1432.857,1438.695,1441.37,1449.276,1457.06,1465.817,1472.141,1480.168,1487.466,1492.817,1506.439,1518.115,1435.974,1436.597,1437.995,1438.908,1441.006,1444.168,1448.06,1449.519,1000,1000,1483.33,1489.898,1499.141,1502.547,1522.493,1000,1459.667,1461.773,1465.057,1464.874,1465.239,1468.249,1000,1000,1000,1000,1000,1000,1000,1000,1000,1000,1000,1000,1000,1000,1000,1000,1000,1000,1000,1000,1000,1000,1000,1000,1000,1000,1000,1000,1000,1000,1000,1000,1000,1000,1000,1000,1000,1000,1000,1000,1000,1000,1000,1000,1000,1000,1000,1000,1000,1000,1000,1000,1000,1564.712,1564.408,1564.332,1646.549,1626.116,1612.981,1601.305,1581.359,1574.061,1562.142,1553.629,1548.703,1544.933,1540.63,1538.456,1537.316,1625.63,1610.548,1597.9,1591.089,1578.44,1559.953,1543.412,1000,1523.162,1520.121,1518.358,1514.953,1512.262,1510.84,1608.116,1576.494,1554.602,1542.683,1532.223,1526.142,1519.088,1509.844,1501.696,1495.006,1491.601,1489.898,1488.287,1487.139,1486.569,1558.98,1543.899,1527.358,1515.439,1504.25,1500.115,1489.412,1482.601,1476.52,1471.959,1467.52,1463.992,1462.381,1000,1459.363,1547.304,1538.547,1523.953,1513.736,1504.006,1484.06,1468.006,1459.736,1450.735,1444.898,1441.523,1439.577,1437.798,1437.106,1436.316,1000,1525.899,1508.385,1492.331,1477.249,1463.871,1000,1000,1000,1000,1000,1000,1000,1000,1000,1000,1000,1000,1000,1000,1000,1000,1000,1000,1000,1000,1000,1000,1000,1000,1000,1000,1000,1000,1000,1000,1000,1000,1000,1000,1000,1000,1000,1000,1000,1000,1000,1000,1000,1000
1000,1000,1000,1000,1000,1000,1000,1000,1000,1000,1000,1000,1000,1000,1000,1000,1000,1000,1000,1000,1000,1000,1000,1000,1000,1000,1000,1000,1000,1000,1000,1000,1000,1000,1000,1000,1000,1000,1000,1000,1000,1000,1000,1000,1000,1000,1000,1000,1000,1000,1000,1000,1000,1000,1000,1000,1000,1000,1000,1000,1000,1000,1000,1000,1000,1000,1000,1000,1000,1000,1000,1000,1000,1000,1000,1000,1000,1263.193,1000,1269.517,1286.544,1285.571,1283.625,1292.382,1000,1000,1000,1000,1000,1210.636,1211.624,1213.844,1216.307,1216.064,1214.786,1216.489,1000,1000,1000,1000,1000,1000,1000,1000,1000,1000,1000,1000,1000,1000,1000,1000,1000,1000,1000,1000,1000,1000,1000,1000,1000,1000,1318.653,1329.842,1329.842,1329.842,1224.129,1224.167,1224.129,1224.334,1225.315,1000,1000,1225.489,1226.098,1226.31,1225.991,1226.675,1228.712,1000,1000,1000,1000,1000,1234.55,1234.854,1000,1000,1000,1238.625,1000,1245.922,1000,1000,1000,1000,1000,1000,1116.796,1206.759,1199.948,1192.651,1191.678,1189.246,1190.705,1187.3,1189.246,1189.732,1198.003,1201.895,1213.57,1223.787,1116.91,1117.214,1117.898,1118.126,1119.404,1121.349,1127.279,1000,1000,1241.878,1243.034,1243.946,1243.794,1245.344,1246.348,1247.868,1248.354,1250.118,1252.672,1254.922,1257.719,1261.125,1264.044,1266.72,1269.517,1274.139,1276.328,1279.004,1281.436,1285.085,1289.463,1294.085,1302.112,1305.031,1311.355,1319.626,1327.41,1332.275,1342.977,1350.761,1357.086,1254.998,1255.226,1255.621,1255.986,1256.716,1257.446,1258.905,1260.03,1261.733,1263.679,1266.233,1267.389,1268.848,1272.193,1275.841,1279.125,1283.139,1288.004,1289.22,1291.896,1296.274,1301.139,1307.707,1313.788,1319.626,1326.923,1331.788,1340.545,1346.869,1360.491,1000,1000,1000,1000,1000,1082.217,1084.771,1083.433,1083.433,1082.582,1081.731,1081.731,1081.731,1081.366,1080.515,1080.15,1079.298,1077.474,1077.109,1076.744,1076.379,1076.379,1076.744,1076.744,1076.744,1076.379,1076.744,1076.744,1076.744,1077.474,1077.839,1078.204,1078.933,1079.298,1079.298,1079.298,1080.15,1080.515,1080.515,1082.217,1082.217,1082.582,1084.771,1087.082,1086.596,1089.028,1091.947,1096.812,1105.326,1110.434,1118.704,1131.839,1000,1000,1000,1000,1358.545,1361.464,1369.734,1375.572,1385.789,1392.6,1404.762,1415.465,1309.865,1310.474,1311.203,1311.827,1313.089,1313.545,1314.852,1317.497,1324.247,1331.18,1000,1149.84,1158.475,1168.813,1168.326,1163.948,1000,1370.707,1369.248,1369.248,1373.626,1376.545,1382.383,1394.059,1415.951,1328.983,1329.622,1000,1000,1000,1210.651,1204.327,1192.651,1192.651,1000,1000,1000,1258.814,1259.787,1262.706,1000,1000,1000,1000,1000,1000,1000,1000,1000,1000,1000,1000,1000,1000,1000,1000,1149.353,1149.597,1000,1000,1000,1383.843,1390.41,1390.41,1393.573,1397.708,1414.492,1418.384,1431.519,1437.357,1446.114,1454.871,1465.087,1370.039,1370.669,1371.528,1372.501,1373.566,1374.326,1376.545,1377.153,1380.498,1382.748,1388.1,1393.086,1399.411,1405.492,1414.735,1422.519,1428.6,1443.195,1458.763,1468.492,1482.601,1494.277,1391.33,1391.642,1392.28,1393.132,1395.579,1398.133,1403.607,1408.046,1412.546,1420.33,1432.492,1436.87,1438.087,1448.06,1450.979,1452.925,1457.79,1472.384,1486.006,1508.871,1414.568,1415.488,1416.02,1418.323,1420.877,1425.255,1430.668,1437.843,1443.195,1452.438,1459.492,1465.817,1475.79,1477.249,1484.06,1493.79,1512.277,1516.169,1435.974,1437.038,1437.995,1439.44,1441.705,1447.208,1448.911,1454.992,1462.29,1000,1487.952,1000,1503.033,1510.331,1521.52,1554.602,1459.553,1460.617,1000,1464.175,1463.384,1000,1000,1000,1000,1000,1000,1000,1000,1000,1000,1000,1000,1000,1000,1000,1000,1000,1000,1000,1000,1000,1465.239,1000,1000,1000,1000,1000,1000,1000,1000,1000,1000,1000,1000,1000,1000,1000,1000,1000,1000,1000,1000,1000,1000,1000,1000,1000,1000,1000,1000,1000,1000,1000,1000,1564.788,1564.522,1564.408,1644.603,1624.17,1609.089,1597.413,1580.872,1573.332,1563.115,1553.994,1548.399,1543.473,1540.22,1538.084,1537.278,1620.278,1605.683,1595.467,1592.548,1577.953,1563.845,1000,1000,1522.858,1520.608,1518.601,1514.77,1512.611,1511.053,1609.089,1574.548,1557.034,1539.764,1530.277,1522.736,1515.682,1506.682,1501.696,1495.493,1492.695,1490.324,1488.804,1487.192,1486.569,1558.007,1542.926,1523.466,1512.52,1000,1000,1491.844,1483.452,1475.79,1470.56,1466.668,1463.688,1461.894,1000,1560.44,1541.466,1528.818,1513.736,1503.033,1491.358,1471.655,1463.749,1458.519,1448.607,1443.742,1441.006,1439.029,1437.106,1436.962,1436.445,1536.115,1521.034,1504.493,1485.52,1000,1000,1000,1000,1000,1000,1000,1000,1000,1000,1000,1000,1000,1000,1000,1000,1000,1000,1000,1000,1000,1000,1000,1000,1000,1000,1000,1000,1000,1000,1000,1000,1000,1000,1000,1000,1000,1000,1000,1000,1000,1000,1000,1000,1000,1000
1000,1000,1000,1000,1000,1000,1000,1000,1000,1000,1000,1000,1000,1000,1000,1000,1000,1000,1000,1000,1000,1000,1000,1000,1000,1000,1000,1000,1000,1000,1000,1000,1000,1000,1000,1000,1000,1000,1000,1000,1000,1000,1000,1000,1000,1000,1000,1000,1000,1000,1000,1000,1000,1000,1000,1000,1000,1000,1000,1000,1000,1000,1000,1000,1000,1000,1000,1000,1000,1000,1000,1000,1000,1000,1000,1223.3,1000,1000,1000,1257.355,1267.084,1267.084,1265.625,1268.544,1282.652,1000,1000,1305.517,1000,1317.193,1208.371,1209.093,1210.317,1210.53,1211.229,1212.202,1000,1211.488,1212.962,1000,1212.354,1212.506,1214.026,1000,1000,1000,1000,1000,1000,1000,1229.989,1231.206,1235.098,1239.841,1241.787,1246.165,1249.571,1254.436,1259.057,1265.868,1275.355,1277.787,1283.625,1291.896,1292.869,1292.869,1302.112,1305.031,1305.031,1312.815,1324.977,1327.896,1223.825,1330.815,1223.787,1223.863,1224.091,1224.205,1224.782,1225.071,1225.406,1225.406,1226.432,1227.329,1228.378,1229.047,1230.78,1231.206,1232.543,1232.787,1236.253,1238.017,1241.422,1000,1000,1000,1000,1000,1000,1218.435,1205.786,1195.084,1197.03,1191.678,1191.678,1188.273,1189.732,1189.732,1198.003,1201.895,1212.597,1221.841,1116.796,1117.138,1117.632,1118.286,1119.89,1122.566,1130.076,1000,1239.856,1241.057,1241.772,1242.623,1242.897,1244.098,1244.615,1246.165,1246.53,1249.084,1250.665,1253.28,1256.625,1260.274,1262.706,1266.233,1269.517,1271.949,1274.625,1276.814,1280.706,1283.625,1289.463,1294.085,1302.112,1305.031,1312.328,1318.653,1327.41,1335.193,1346.869,1357.086,1363.896,1255.15,1255.226,1255.424,1255.986,1256.45,1257.339,1259.057,1260.365,1261.49,1263.01,1265.199,1267.389,1268.544,1271.828,1275.841,1278.76,1280.463,1284.598,1286.058,1289.22,1294.571,1301.869,1307.707,1314.761,1319.139,1326.923,1330.815,1338.599,1344.923,1360.491,1374.599,1000,1000,1000,1000,1080.15,1083.92,1082.582,1083.069,1082.582,1081.731,1082.217,1082.217,1081.366,1080.515,1080.515,1078.933,1078.204,1077.109,1076.744,1076.744,1076.379,1076.744,1077.109,1076.379,1076.379,1076.744,1076.744,1076.744,1077.109,1077.839,1078.204,1078.933,1078.933,1078.933,1078.933,1079.298,1079.298,1079.785,1081.731,1081.001,1081.731,1082.217,1085.744,1083.069,1086.596,1090.974,1097.542,1104.596,1110.434,1117.245,1000,1000,1000,1000,1353.68,1361.464,1365.356,1372.167,1378.491,1386.762,1392.6,1404.762,1309.447,1309.865,1310.474,1311.203,1311.614,1312.952,1314.153,1315.399,1318.166,1324.247,1328.869,1000,1000,1157.016,1166.137,1166.989,1000,1000,1372.653,1370.707,1369.734,1375.086,1377.518,1383.843,1000,1420.816,1328.983,1329.249,1000,1000,1000,1214.057,1202.867,1194.111,1194.111,1000,1000,1000,1000,1264.652,1264.652,1000,1000,1000,1000,1000,1000,1000,1000,1000,1000,1000,1000,1000,1000,1000,1000,1150.874,1150.387,1000,1000,1000,1385.059,1389.437,1388.708,1390.41,1397.221,1414.492,1418.384,1433.952,1434.924,1443.195,1451.952,1461.682,1369.734,1370.381,1370.943,1371.832,1372.745,1373.718,1374.66,1375.542,1378.735,1381.897,1387.735,1395.275,1401.843,1405.492,1412.303,1419.114,1423.735,1436.384,1454.384,1464.601,1477.249,1486.493,1489.412,1391.33,1391.687,1392.759,1394.971,1398.742,1403.85,1408.776,1412.546,1420.33,1429.573,1434.438,1434.924,1444.411,1443.925,1451.465,1453.898,1464.601,1476.763,1502.547,1515.682,1415.244,1416.194,1418.475,1421.059,1425.012,1429.33,1435.897,1441.37,1448.79,1454.141,1462.655,1469.952,1474.817,1485.52,1498.169,1511.304,1515.196,1539.034,1436.893,1000,1000,1441.006,1446.175,1447.208,1453.898,1461.438,1475.06,1485.276,1493.547,1499.141,1511.79,1522.493,1551.683,1459.629,1460.952,1000,1000,1000,1000,1000,1000,1000,1000,1000,1000,1000,1000,1000,1000,1000,1000,1000,1000,1000,1000,1000,1000,1000,1000,1466.242,1462.928,1000,1000,1000,1000,1501.574,1000,1000,1000,1000,1000,1000,1000,1000,1000,1000,1000,1000,1000,1000,1000,1000,1000,1000,1000,1000,1000,1000,1000,1000,1000,1000,1000,1660.657,1564.332,1631.954,1612.494,1601.792,1591.818,1576.251,1569.683,1559.71,1551.683,1547.061,1542.348,1540.63,1538.791,1537.278,1618.332,1596.927,1581.845,1572.602,1563.115,1553.629,1546.818,1533.196,1522.007,1521.459,1518.601,1514.436,1512.733,1511.464,1610.062,1574.548,1554.602,1538.547,1527.358,1521.763,1513.858,1504.858,1501.088,1496.223,1492.118,1490.035,1488.591,1487.086,1582.818,1558.98,1542.926,1525.899,1515.439,1509.358,1504.25,1494.033,1484.303,1475.425,1000,1464.509,1462.518,1460.777,1459.553,1543.412,1528.818,1513.736,1000,1498.655,1000,1000,1464.114,1460.1,1449.519,1445.141,1441.887,1439.303,1436.893,1436.711,1435.897,1521.034,1512.277,1496.709,1000,1000,1000,1000,1000,1000,1000,1000,1000,1000,1000,1000,1000,1000,1000,1000,1000,1000,1000,1000,1000,1000,1000,1000,1000,1000,1000,1000,1000,1000,1000,1000,1000,1000,1000,1000,1000,1000,1000,1000,1000,1000,1000,1000,1000,1000,1000
1000,1000,1000,1000,1000,1000,1000,1000,1000,1000,1000,1000,1000,1000,1000,1000,1000,1000,1000,1000,1000,1000,1000,1000,1000,1000,1000,1000,1000,1000,1000,1000,1000,1000,1000,1000,1000,1000,1000,1000,1000,1000,1000,1000,1000,1000,1000,1000,1000,1000,1000,1000,1000,1000,1000,1000,1000,1000,1000,1000,1000,1000,1000,1000,1000,1000,1000,1000,1000,1000,1000,1000,1000,1210.286,1212.111,1213.57,1219.043,1220.016,1226.949,1228.408,1234.003,1239.598,1241.3,1245.922,1253.949,1256.868,1256.868,1266.111,1270.976,1277.301,1280.706,1294.328,1305.517,1308.436,1311.355,1208.257,1000,1208.257,1208.599,1208.409,1208.637,1208.971,1209.427,1210.119,1212.202,1212.658,1214.209,1000,1215.395,1215.395,1218.496,1219.834,1222.814,1226.584,1227.679,1229.625,1232.908,1235.098,1236.922,1241.3,1248.354,1250.301,1254.436,1259.057,1265.868,1265.868,1272.922,1277.787,1281.679,1284.112,1290.923,1292.869,1298.22,1301.139,1307.95,1314.761,1321.085,1324.977,1223.787,1223.977,1224.243,1224.486,1224.995,1225.489,1226.432,1226.675,1228.226,1228.712,1229.989,1230.172,1232.3,1233.03,1236.253,1236.8,1239.963,1241.422,1000,1000,1000,1229.625,1210.651,1198.975,1196.057,1189.732,1192.651,1189.732,1190.705,1190.705,1197.03,1199.948,1211.624,1219.895,1116.758,1117.176,1117.754,1118.659,1120.027,1125.272,1000,1000,1239.811,1240.495,1241.148,1241.878,1242.365,1243.642,1244.615,1245.74,1246.773,1248.598,1250.118,1253.28,1254.922,1258.449,1260.76,1264.044,1267.206,1270.49,1272.436,1274.625,1277.787,1279.004,1283.625,1290.679,1297.734,1302.112,1312.328,1318.653,1326.437,1336.167,1346.869,1355.14,1363.896,1255.226,1255.188,1255.469,1255.986,1256.45,1257.568,1259.209,1260.182,1261.49,1262.098,1263.679,1266.233,1267.632,1270.733,1275.112,1278.274,1278.76,1282.774,1285.571,1288.49,1293.355,1299.923,1303.571,1310.382,1315.247,1323.518,1326.923,1336.167,1342.977,1356.599,1371.68,1000,1000,1000,1000,1079.298,1082.217,1080.515,1081.366,1081.731,1081.366,1081.366,1082.217,1081.366,1080.515,1080.15,1078.933,1078.204,1077.839,1077.109,1076.744,1076.744,1076.744,1076.744,1076.379,1076.379,1076.379,1076.379,1076.744,1077.109,1077.839,1078.204,1078.569,1078.569,1078.569,1078.204,1078.204,1077.839,1078.933,1081.001,1081.001,1081.366,1084.771,1085.744,1000,1087.082,1091.461,1095.839,1104.109,1110.434,1118.704,1000,1000,1000,1000,1355.14,1362.924,1366.329,1371.194,1377.518,1386.762,1391.627,1405.735,1309.561,1309.911,1310.405,1311.112,1311.507,1312.815,1314.335,1315.217,1317.68,1323.639,1327.045,1000,1146.1,1157.016,1164.313,1165.651,1000,1000,1000,1372.167,1369.734,1000,1000,1000,1000,1414.978,1425.195,1432.005,1428.114,1402.329,1000,1219.408,1202.867,1194.111,1191.678,1000,1000,1000,1000,1151.862,1259.787,1000,1000,1000,1000,1000,1000,1000,1000,1000,1000,1000,1412.546,1000,1000,1000,1000,1148.38,1147.286,1000,1000,1000,1381.897,1384.573,1386.518,1388.221,1397.221,1408.654,1413.519,1423.249,1428.114,1436.87,1447.087,1454.871,1469.952,1370.039,1370.327,1371.103,1372.258,1373.003,1374.326,1375.542,1378.248,1380.498,1386.275,1393.086,1399.897,1404.519,1413.032,1420.573,1423.735,1431.033,1442.708,1450.979,1460.709,1471.411,1479.195,1494.277,1391.33,1392.204,1393.557,1396.4,1400.87,1405.066,1408.776,1416.681,1427.384,1432.005,1436.87,1446.6,1454.384,1462.168,1468.006,1473.844,1483.087,1504.006,1414.492,1415.039,1416.111,1417.76,1419.934,1422.093,1427.505,1436.262,1445.627,1451.952,1456.573,1463.141,1471.411,1477.249,1486.493,1501.574,1510.331,1517.142,1436.011,1437.425,1000,1441.34,1443.073,1448.06,1450.127,1454.263,1461.925,1471.655,1480.898,1487.952,1499.141,1513.736,1000,1000,1000,1000,1000,1000,1000,1000,1000,1000,1000,1000,1000,1000,1000,1000,1000,1000,1000,1000,1000,1000,1000,1000,1000,1000,1000,1000,1463.992,1462.138,1460.063,1554.602,1000,1000,1000,1000,1000,1466.06,1463.749,1453.533,1450.492,1442.891,1000,1000,1000,1000,1000,1000,1000,1000,1000,1000,1000,1000,1000,1000,1000,1000,1000,1000,1000,1000,1000,1000,1000,1000,1000,1000,1575.521,1569.683,1557.277,1549.25,1545.358,1541.223,1540.22,1538.707,1537.354,1614.44,1587.683,1572.602,1564.575,1551.926,1547.791,1541.953,1528.939,1520.121,1519.088,1516.047,1513.523,1512.049,1510.779,1601.305,1574.548,1554.602,1537.331,1526.142,1519.088,1512.034,1502.669,1499.506,1497.013,1493.486,1490.172,1488.91,1487.139,1580.872,1556.061,1541.953,1529.791,1521.034,1514.709,1508.628,1498.898,1485.641,1474.817,1000,1463.992,1462.259,1460.534,1459.553,1543.412,1527.845,1507.898,1494.763,1488.682,1000,1000,1466.547,1460.952,1451.465,1445.141,1440.033,1437.889,1436.399,1436.316,1534.169,1517.142,1502.547,1487.466,1000,1000,1000,1000,1000,1000,1000,1000,1000,1000,1000,1000,1000,1000,1000,1000,1000,1000,1000,1000,1000,1000,1000,1000,1000,1000,1000,1000,1000,1000,1000,1000,1000,1000,1000,1000,1000,1000,1000,1000,1000,1000,1000,1000,1000,1000,1000
1000,1000,1000,1000,1000,1000,1000,1000,1000,1000,1000,1000,1000,1000,1000,1000,1000,1000,1000,1000,1000,1000,1000,1000,1000,1000,1000,1000,1000,1000,1000,1000,1000,1000,1000,1000,1000,1000,1000,1000,1000,1000,1000,1000,1000,1000,1000,1000,1000,1000,1227.192,1000,1000,1000,1000,1000,1000,1000,1000,1000,1000,1000,1000,1000,1192.993,1193.404,1000,1195.175,1000,1000,1198.094,1199.036,1200.739,1201.651,1203.962,1207.489,1210.651,1212.476,1216.854,1217.705,1221.354,1223.787,1226.949,1229.625,1236.435,1238.381,1240.084,1243.49,1250.301,1253.949,1254.436,1264.652,1272.922,1276.328,1280.706,1291.409,1297.247,1302.112,1307.463,1307.463,1316.22,1208.295,1208.637,1209.032,1210.013,1210.636,1211.761,1212.354,1213.145,1212.81,1214.604,1216.064,1218.192,1220.685,1223.057,1224.03,1226.219,1226.949,1228.773,1230.354,1235.584,1236.922,1241.787,1246.165,1253.219,1254.436,1261.003,1263.679,1268.544,1270.976,1275.355,1278.76,1286.544,1289.463,1297.247,1302.112,1310.869,1312.815,1322.058,1329.842,1224.053,1224.129,1224.486,1224.782,1225.315,1225.581,1226.797,1227.618,1228.712,1229.229,1230.598,1230.962,1232.787,1234.064,1236.496,1238.99,1240.327,1236.496,1000,1000,1217.462,1204.813,1199.948,1193.624,1195.084,1192.651,1193.624,1192.651,1198.975,1201.895,1211.624,1218.435,1229.625,1117.1,1117.693,1119.282,1121.502,1129.468,1000,1000,1239.62,1240.168,1240.799,1241.772,1242,1243.49,1244.28,1245.74,1246.165,1247.868,1249.632,1252.064,1254.192,1258.084,1260.274,1263.193,1266.72,1270.003,1272.922,1274.139,1277.301,1279.49,1283.139,1287.517,1294.085,1301.139,1311.355,1318.653,1329.356,1338.112,1348.815,1358.059,1254.96,1255.15,1255.226,1255.378,1255.621,1256.131,1257.02,1258.191,1259.513,1260.547,1261.49,1262.767,1265.199,1267.084,1270.733,1274.382,1277.909,1279.612,1282.774,1284.598,1288.004,1292.869,1299.193,1303.085,1309.653,1315.247,1321.572,1326.923,1336.167,1343.95,1356.599,1371.68,1272.664,1000,1000,1000,1000,1081.001,1080.515,1081.001,1081.001,1081.731,1082.217,1081.731,1081.731,1081.366,1081.001,1079.785,1078.933,1077.839,1077.839,1076.744,1076.744,1076.744,1076.744,1076.379,1076.379,1076.379,1076.744,1076.744,1077.474,1077.839,1077.839,1077.839,1077.839,1077.839,1077.109,1077.474,1077.109,1077.109,1078.569,1079.785,1079.298,1083.069,1084.771,1081.731,1085.258,1090.974,1095.353,1103.38,1111.164,1000,1000,1000,1000,1000,1353.68,1360.491,1363.896,1369.734,1376.545,1385.789,1392.6,1407.681,1309.599,1309.865,1310.405,1310.937,1311.401,1312.541,1314.001,1315.034,1317.68,1322.119,1325.585,1000,1000,1156.286,1163.462,1166.989,1000,1000,1378.978,1377.518,1376.545,1000,1000,1000,1000,1414.978,1423.249,1425.195,1423.249,1000,1000,1220.381,1204.327,1194.111,1191.678,1000,1000,1000,1000,1255.895,1000,1000,1000,1000,1000,1000,1000,1000,1000,1000,1000,1000,1000,1000,1000,1000,1000,1149.597,1147.711,1145.218,1000,1000,1376.302,1378.126,1380.437,1381.41,1391.627,1400.384,1406.465,1414.978,1424.708,1433.952,1445.141,1454.871,1468.979,1369.924,1370.236,1370.875,1372.045,1373.003,1374.326,1375.177,1378.491,1381.897,1386.64,1391.87,1400.87,1407.194,1412.303,1420.573,1425.924,1430.06,1436.87,1446.6,1457.79,1471.411,1480.168,1391.254,1391.596,1392.508,1393.451,1396.583,1400.384,1404.458,1408.046,1414.978,1423.249,1428.6,1433.222,1444.411,1455.357,1463.141,1468.006,1473.844,1486.006,1504.979,1515.682,1414.948,1416.59,1417.624,1420.877,1424.222,1431.033,1436.627,1448.79,1452.438,1458.276,1465.817,1474.817,1477.249,1485.033,1498.169,1504.493,1512.277,1536.115,1437.6,1000,1442.1,1443.742,1447.512,1448.911,1453.168,1456.452,1466.06,1472.871,1000,1000,1000,1000,1000,1000,1000,1000,1000,1000,1000,1000,1000,1000,1000,1000,1000,1000,1000,1000,1000,1000,1000,1000,1000,1000,1000,1000,1000,1470.56,1467.52,1463.688,1461.894,1459.439,1540.493,1000,1000,1000,1000,1000,1463.263,1463.263,1454.627,1452.438,1443.499,1441.887,1439.303,1437.691,1000,1000,1000,1488.925,1472.871,1467.276,1000,1000,1000,1000,1000,1000,1000,1000,1000,1000,1000,1000,1000,1000,1000,1000,1000,1000,1000,1000,1000,1000,1000,1000,1000,1627.576,1596.927,1576.98,1565.305,1558.494,1549.98,1548.277,1540.493,1530.034,1520.912,1519.088,1514.436,1512.611,1511.547,1510.148,1594.981,1576.494,1557.034,1534.656,1524.926,1516.655,1509.115,1499.506,1497.804,1494.763,1491.753,1488.91,1488.393,1487.04,1580.872,1557.034,1545.845,1530.277,1522.007,1516.898,1506.682,1495.493,1000,1473.175,1000,1463.08,1462.016,1460.123,1459.363,1541.466,1524.926,1500.115,1491.358,1482.114,1473.357,1466.06,1463.263,1458.033,1450.735,1446.175,1441.006,1438.102,1436.49,1436.354,1537.088,1520.061,1000,1000,1000,1000,1000,1000,1000,1000,1000,1000,1000,1000,1000,1000,1000,1000,1000,1000,1000,1000,1000,1000,1000,1000,1000,1000,1000,1000,1000,1000,1000,1000,1000,1000,1000,1000,1000,1000,1000,1000,1000,1000,1000,1000,1000,1000,1000,1000,1000
1000,1000,1000,1000,1000,1000,1000,1000,1000,1000,1000,1000,1000,1000,1000,1000,1000,1000,1000,1000,1000,1000,1000,1000,1000,1000,1000,1000,1000,1000,1000,1000,1000,1000,1000,1000,1000,1000,1000,1000,1000,1000,1000,1000,1203.232,1205.422,1204.57,1207.732,1214.786,1222.814,1225.246,1232.3,1000,1238.868,1000,1245.679,1247.625,1254.922,1259.301,1000,1000,1286.544,1000,1296.76,1302.599,1192.993,1193.35,1194.179,1194.856,1195.92,1196.786,1197.577,1198.641,1199.036,1200.922,1204.509,1206.577,1208.219,1212.476,1214.422,1216.003,1219.043,1220.868,1222.814,1226.949,1230.111,1233.516,1238.381,1244.706,1247.382,1248.841,1255.409,1261.247,1266.111,1268.544,1274.868,1279.733,1282.652,1287.517,1292.382,1301.139,1305.517,1315.247,1208.447,1208.918,1209.283,1209.922,1210.317,1210.986,1210.986,1212.506,1213.661,1215.212,1217.949,1220.381,1220.928,1223.057,1224.395,1226.949,1228.408,1232.057,1233.273,1238.868,1239.841,1246.165,1248.354,1254.436,1257.598,1262.949,1263.679,1270.003,1272.436,1280.22,1283.625,1291.896,1296.274,1302.112,1307.95,1314.761,1323.031,1332.761,1223.825,1224.167,1224.243,1224.6,1224.851,1225.885,1226.31,1227.329,1227.922,1229.412,1230.172,1231.875,1233.76,1235.402,1237.104,1238.017,1236.253,1000,1000,1000,1206.759,1200.922,1193.624,1194.111,1192.651,1194.111,1192.651,1197.03,1198.975,1208.705,1216.489,1116.758,1117.351,1118.461,1120.164,1123.934,1000,1000,1335.193,1239.62,1240.229,1240.882,1241.665,1242.243,1243.642,1244.463,1245.344,1246.773,1248.354,1250.118,1252.368,1255.165,1257.355,1259.909,1264.044,1266.72,1270.49,1274.139,1275.598,1276.814,1281.436,1284.355,1286.787,1292.625,1301.139,1306.49,1317.68,1325.95,1334.22,1343.95,1349.788,1360.978,1255.112,1255.302,1255.424,1255.735,1256.131,1256.716,1257.568,1258.753,1260.182,1260.912,1263.01,1264.895,1266.78,1270.49,1274.017,1277.544,1279.977,1282.287,1285.571,1289.706,1293.355,1298.707,1303.085,1308.923,1315.247,1322.058,1327.896,1337.139,1345.896,1355.626,1367.788,1272.512,1273.249,1000,1000,1000,1078.933,1081.001,1081.366,1081.366,1081.731,1081.731,1081.366,1081.001,1081.366,1080.515,1079.785,1078.933,1078.569,1077.839,1077.474,1077.109,1076.744,1076.379,1076.015,1076.379,1076.379,1076.379,1076.379,1076.744,1076.379,1076.379,1076.379,1076.744,1077.474,1077.109,1076.744,1076.744,1076.744,1078.204,1078.569,1079.785,1085.744,1086.231,1084.406,1086.231,1089.515,1092.677,1099.731,1109.704,1000,1000,1000,1000,1354.653,1358.545,1362.437,1367.302,1373.14,1377.518,1384.816,1393.573,1404.762,1309.409,1309.713,1310.162,1310.55,1311.203,1312.055,1313.089,1314.001,1317.011,1321.024,1324.247,1000,1000,1153.732,1161.516,1165.164,1163.462,1000,1380.437,1376.059,1373.626,1374.113,1378.978,1385.302,1394.059,1410.113,1419.843,1425.195,1420.816,1000,1000,1226.219,1202.867,1194.111,1189.732,1000,1000,1000,1000,1249.571,1000,1000,1000,1000,1000,1000,1000,1000,1000,1000,1000,1000,1378.248,1000,1000,1000,1154.34,1149.353,1148.624,1146.495,1000,1000,1378.978,1379.464,1380.924,1381.41,1390.41,1396.492,1403.546,1410.6,1420.816,1429.573,1445.141,1454.871,1469.952,1369.924,1370.381,1370.943,1372.258,1373.003,1374.478,1375.724,1379.221,1382.748,1387.37,1392.356,1399.897,1407.194,1413.519,1422.519,1428.114,1430.06,1435.411,1442.708,1451.952,1463.628,1476.276,1494.277,1391.482,1392.349,1393.451,1395.731,1398.559,1402.208,1405.066,1411.33,1418.992,1426.411,1433.222,1444.411,1455.844,1465.573,1476.763,1479.195,1495.736,1515.682,1414.682,1414.994,1416.59,1417.016,1418.931,1423.492,1429.695,1435.897,1445.627,1449.276,1454.141,1463.871,1473.357,1484.06,1493.79,1507.412,1513.25,1522.007,1436.011,1438.208,1440.033,1442.891,1444.168,1446.965,1447.756,1451.1,1451.708,1000,1000,1000,1000,1000,1000,1000,1000,1000,1000,1000,1000,1000,1000,1000,1000,1000,1000,1000,1000,1000,1000,1000,1000,1000,1000,1000,1000,1000,1000,1000,1470.864,1467.094,1463.08,1461.666,1459.515,1544.385,1000,1000,1000,1000,1000,1000,1000,1453.898,1449.215,1442.283,1440.185,1437.889,1436.597,1436.049,1536.115,1517.142,1492.817,1480.168,1467.276,1458.763,1448.79,1444.168,1440.033,1000,1000,1000,1000,1000,1000,1000,1000,1000,1000,1000,1000,1000,1000,1000,1000,1000,1000,1000,1000,1000,1000,1000,1563.115,1549.98,1000,1000,1000,1000,1522.858,1516.047,1514.77,1511.942,1511.213,1510.719,1509.92,1591.089,1583.305,1557.521,1535.872,1525.655,1518.115,1507.412,1501.696,1499.81,1497.013,1492.878,1489.625,1488.195,1486.873,1573.088,1551.196,1539.52,1524.926,1514.709,1510.088,1499.385,1490.385,1481.02,1472.263,1466.668,1462.928,1462.138,1460.313,1459.515,1544.385,1531.737,1501.574,1489.168,1479.195,1468.492,1460.587,1457.303,1453.533,1448.911,1444.654,1440.033,1000,1436.316,1436.049,1534.169,1521.034,1000,1000,1000,1000,1000,1000,1000,1000,1000,1000,1000,1000,1000,1000,1000,1000,1000,1000,1000,1000,1000,1000,1000,1000,1000,1000,1000,1000,1000,1000,1000,1000,1000,1000,1000,1000,1000,1000,1000,1000,1000,1000,1000,1000,1000,1000,1000,1000,1000
1000,1000,1000,1000,1000,1000,1000,1000,1000,1000,1000,1000,1000,1000,1000,1000,1000,1000,1000,1000,1000,1000,1000,1000,1000,1000,1000,1000,1000,1000,1000,1000,1000,1000,1000,1000,1000,1000,1000,1000,1000,1000,1000,1000,1200.8,1202.867,1202.381,1204.084,1212.111,1216.976,1221.111,1227.679,1232.3,1234.49,1237.895,1242.273,1246.165,1254.436,1257.355,1263.679,1269.031,1281.679,1285.571,1292.869,1300.652,1192.803,1193.107,1193.586,1194.019,1194.643,1195.296,1195.783,1196.634,1197.09,1198.854,1201.895,1203.172,1205.361,1208.827,1211.381,1211.016,1214.422,1216.003,1218.192,1221.841,1226.219,1228.408,1232.3,1238.381,1242.03,1245.436,1251.03,1255.895,1258.328,1261.247,1264.652,1270.976,1274.868,1280.706,1285.571,1292.382,1296.274,1305.517,1315.247,1208.523,1208.766,1209.093,1209.504,1210.013,1210.423,1211.229,1212.506,1213.479,1215.395,1216.733,1217.705,1219.834,1222.449,1224.03,1225.489,1228.408,1229.989,1232.908,1236.071,1242.517,1245.192,1249.084,1252.49,1255.652,1257.598,1262.949,1268.057,1273.895,1279.247,1287.517,1291.896,1298.22,1301.139,1307.95,1314.761,1324.977,1326.923,1223.939,1224.129,1224.334,1224.661,1225.489,1225.991,1226.918,1227.922,1229.047,1230.354,1231.631,1232.787,1234.854,1236.8,1237.104,1236.8,1234.064,1000,1000,1211.624,1201.895,1197.03,1195.084,1196.057,1192.651,1192.651,1196.057,1200.922,1208.705,1220.868,1116.872,1118.126,1120.437,1000,1000,1000,1000,1343.464,1239.772,1240.35,1240.974,1241.665,1242.121,1243.034,1243.946,1244.615,1246.348,1247.442,1249.084,1251.517,1254.192,1255.895,1259.179,1262.706,1266.233,1268.057,1272.436,1276.328,1279.004,1281.922,1283.139,1287.517,1292.139,1301.139,1308.923,1315.247,1323.031,1332.275,1341.031,1343.95,1357.086,1254.922,1255.188,1255.378,1255.918,1256.29,1256.716,1257.568,1258.464,1259.848,1260.912,1262.524,1264.409,1265.686,1268.24,1272.557,1276.328,1277.544,1280.463,1284.112,1287.517,1291.896,1297.004,1301.869,1307.707,1315.247,1320.599,1328.383,1335.193,1346.869,1350.761,1362.437,1371.68,1272.778,1000,1000,1000,1078.569,1080.15,1081.366,1081.001,1080.15,1080.15,1079.785,1080.15,1079.785,1079.298,1078.569,1078.569,1078.204,1077.839,1077.474,1077.474,1076.744,1076.379,1076.015,1076.379,1076.015,1076.379,1076.744,1076.379,1075.65,1075.285,1075.285,1075.285,1076.744,1076.744,1077.109,1076.379,1077.109,1077.474,1078.933,1080.15,1086.596,1085.744,1086.231,1088.542,1090.974,1093.163,1098.028,1106.542,1000,1000,1000,1340.545,1350.761,1356.599,1359.032,1366.329,1373.14,1378.491,1385.789,1397.465,1407.681,1309.561,1309.865,1310.344,1310.854,1311.401,1312.055,1313.24,1314.67,1317.011,1320.477,1323.639,1000,1000,1150.874,1155.313,1163.097,1000,1000,1384.816,1382.383,1376.545,1381.41,1384.816,1387.735,1395.032,1407.194,1418.87,1424.222,1420.816,1000,1000,1000,1196.543,1191.678,1190.219,1000,1000,1000,1000,1252.976,1000,1000,1000,1000,1000,1000,1000,1000,1000,1000,1000,1000,1000,1000,1000,1000,1149.84,1147.286,1145.218,1143.941,1000,1000,1378.491,1377.153,1378.491,1380.924,1388.708,1396.005,1407.194,1416.924,1426.168,1433.952,1446.114,1454.871,1464.114,1473.844,1370.115,1370.875,1371.832,1373.003,1374.995,1376.12,1379.221,1384.937,1388.829,1393.573,1402.329,1407.681,1411.816,1422.519,1430.06,1428.6,1435.411,1444.168,1456.33,1464.601,1479.195,1494.277,1391.558,1392.204,1393.451,1395.731,1398.316,1402.208,1404.458,1409.14,1415.343,1423.735,1432.005,1446.6,1457.79,1466.547,1481.141,1486.006,1499.628,1414.53,1414.834,1414.91,1415.86,1416.59,1418.931,1423.978,1429.087,1433.587,1440.519,1445.627,1449.762,1460.709,1469.952,1486.493,1494.763,1508.385,1512.277,1524.926,1436.011,1437.798,1439.881,1442.1,1444.168,1445.141,1447.756,1000,1000,1000,1000,1000,1000,1000,1000,1000,1000,1000,1000,1000,1000,1000,1000,1000,1000,1000,1000,1000,1000,1000,1000,1000,1000,1000,1000,1000,1000,1000,1000,1000,1469.77,1466.668,1463.536,1462.259,1000,1000,1000,1000,1000,1000,1000,1000,1455.722,1450.127,1447.512,1442.1,1439.881,1437.038,1436.088,1527.358,1507.412,1489.898,1474.817,1466.547,1458.763,1456.573,1449.762,1444.654,1000,1000,1424.465,1424.222,1422.58,1000,1416.909,1000,1000,1000,1468.006,1000,1000,1000,1000,1000,1000,1000,1000,1000,1000,1000,1000,1000,1000,1000,1000,1000,1000,1000,1000,1514.132,1512.854,1511.213,1510.909,1510.49,1606.17,1587.197,1581.359,1557.521,1535.872,1524.926,1519.088,1507.412,1503.763,1499.506,1495.979,1492.118,1489.26,1487.633,1486.835,1574.061,1551.196,1538.547,1522.493,1511.304,1506.682,1000,1487.466,1480.168,1471.959,1466.242,1462.655,1461.666,1460.123,1459.439,1545.358,1531.737,1504.006,1000,1480.168,1467.52,1000,1455.722,1452.438,1449.519,1445.871,1441.34,1000,1436.354,1531.25,1000,1492.817,1000,1000,1000,1000,1000,1000,1000,1000,1000,1000,1000,1000,1000,1000,1000,1000,1000,1000,1000,1000,1000,1000,1000,1000,1000,1000,1000,1000,1000,1000,1000,1000,1000,1000,1000,1000,1000,1000,1000,1000,1000,1000,1000,1000,1000,1000,1000,1000,1000
1000,1000,1000,1000,1000,1000,1000,1000,1000,1000,1000,1000,1000,1000,1000,1000,1000,1000,1000,1000,1000,1000,1000,1000,1000,1000,1000,1000,1000,1000,1000,1000,1000,1000,1000,1000,1000,1000,1000,1000,1191.192,1000,1194.232,1195.205,1198.124,1200.435,1200.435,1203.719,1210.165,1213.814,1217.462,1223.3,1228.408,1231.814,1237.408,1241.787,1245.679,1252.003,1256.868,1260.274,1264.652,1273.895,1278.76,1283.625,1292.869,1298.707,1192.765,1193.107,1193.464,1193.791,1194.445,1194.962,1195.92,1196.634,1197.911,1200.496,1201.408,1203.415,1205.665,1207.489,1208.219,1211.381,1213.205,1215.273,1217.705,1221.354,1224.273,1226.949,1232.787,1236.435,1240.084,1244.706,1249.571,1251.517,1255.409,1259.301,1267.084,1271.949,1279.247,1284.598,1287.517,1294.328,1300.166,1307.463,1208.295,1208.637,1208.865,1209.215,1209.747,1210.21,1210.743,1211.898,1213.145,1214.422,1215.638,1216.976,1218.192,1220.685,1222.145,1224.395,1227.679,1228.408,1230.841,1232.908,1238.381,1241.787,1245.679,1247.382,1250.301,1253.219,1257.598,1263.679,1269.517,1276.328,1283.625,1290.923,1294.815,1298.22,1302.112,1313.788,1319.626,1324.977,1223.787,1224.015,1224.38,1224.661,1225.489,1225.778,1226.675,1227.77,1228.895,1229.989,1231.631,1233.516,1234.064,1235.949,1236.496,1236.253,1234.064,1000,1000,1222.814,1210.651,1201.895,1199.948,1199.948,1194.111,1194.111,1197.03,1202.867,1210.651,1225.733,1117.693,1000,1000,1000,1000,1315.734,1332.275,1239.392,1239.697,1240.107,1240.882,1241.452,1242.243,1243.338,1244.797,1245.557,1247.199,1248.111,1250.665,1252.368,1254.192,1255.53,1259.544,1262.341,1263.193,1268.057,1271.463,1274.625,1276.814,1280.706,1283.139,1286.787,1290.193,1298.22,1306.49,1314.761,1322.058,1330.328,1339.085,1343.95,1354.167,1359.032,1255.188,1255.424,1255.986,1256.131,1256.716,1257.233,1257.932,1259.513,1260.912,1262.524,1264.409,1267.084,1270.125,1272.922,1276.693,1279.612,1280.95,1283.625,1286.544,1290.193,1295.058,1301.139,1306.977,1315.247,1319.626,1327.896,1331.788,1340.545,1342.977,1355.626,1364.383,1272.474,1273.5,1000,1000,1000,1079.785,1080.515,1078.933,1078.933,1078.569,1078.569,1078.204,1079.298,1078.933,1079.298,1078.569,1078.569,1078.204,1077.474,1077.109,1076.379,1075.65,1075.285,1075.65,1075.285,1076.015,1076.015,1075.65,1075.285,1074.19,1073.582,1073.947,1075.285,1075.65,1076.015,1075.65,1076.379,1077.109,1079.298,1080.515,1087.082,1087.569,1089.515,1090.974,1092.677,1094.136,1098.028,1000,1000,1000,1000,1341.275,1348.815,1352.221,1355.14,1362.924,1371.194,1376.545,1384.816,1396.492,1403.302,1414.492,1309.675,1310.056,1310.474,1311.31,1311.614,1312.42,1313.849,1316.22,1319.93,1324.612,1335.437,1000,1151.725,1155.921,1163.097,1161.88,1000,1000,1000,1380.437,1380.437,1382.87,1382.87,1392.113,1403.302,1414.978,1420.816,1419.843,1000,1000,1000,1201.408,1195.084,1194.111,1000,1000,1000,1000,1000,1000,1000,1000,1000,1000,1000,1000,1000,1000,1000,1000,1000,1000,1000,1000,1158.84,1147.955,1145.917,1144.701,1144.549,1000,1000,1000,1376.667,1379.464,1381.41,1388.708,1394.546,1403.546,1411.573,1421.303,1428.114,1441.249,1450.006,1460.709,1469.952,1370.153,1370.799,1371.726,1372.866,1374.843,1376.302,1379.464,1385.91,1389.559,1393.086,1400.87,1405.492,1409.87,1419.843,1430.06,1431.519,1440.762,1449.033,1464.601,1474.33,1494.277,1391.444,1392.075,1392.349,1393.785,1395.275,1397.708,1401.113,1405.735,1410.6,1419.843,1430.303,1438.573,1450.979,1460.709,1464.601,1478.222,1485.033,1501.574,1514.709,1414.796,1414.91,1415.488,1416.194,1418.475,1423.492,1429.087,1433.952,1439.546,1444.654,1447.087,1455.844,1467.276,1488.925,1492.331,1511.304,1518.115,1530.277,1436.278,1438.786,1440.185,1000,1443.317,1000,1000,1000,1000,1000,1000,1000,1000,1000,1000,1000,1000,1000,1000,1000,1000,1000,1000,1000,1000,1000,1000,1000,1000,1000,1000,1000,1000,1000,1000,1000,1000,1000,1000,1000,1000,1000,1000,1000,1000,1000,1000,1000,1000,1480.898,1469.465,1000,1452.803,1447.756,1000,1441.705,1440.337,1437.798,1436.278,1530.277,1512.277,1000,1477.249,1469.952,1000,1456.573,1447.573,1000,1000,1000,1000,1423.249,1420.482,1416.111,1414.796,1500.601,1470.438,1457.79,1455.357,1448.06,1449.519,1436.141,1425.924,1000,1000,1000,1000,1000,1000,1000,1000,1000,1000,1000,1000,1000,1000,1000,1000,1000,1510.346,1000,1000,1000,1000,1000,1000,1000,1525.655,1514.709,1000,1000,1499.506,1495.979,1493.486,1490.78,1487.861,1486.911,1583.791,1561.899,1546.331,1537.088,1522.007,1510.088,1503.52,1491.358,1482.601,1476.885,1470.864,1465.634,1462.655,1461.043,1459.629,1557.521,1536.601,1523.953,1499.141,1000,1476.763,1465.087,1454.627,1451.465,1000,1000,1000,1439.303,1436.962,1436.125,1524.926,1508.385,1492.817,1000,1000,1000,1000,1000,1000,1000,1000,1000,1000,1000,1000,1000,1000,1000,1000,1000,1000,1000,1000,1000,1000,1000,1000,1000,1000,1000,1000,1000,1000,1000,1000,1000,1000,1000,1000,1000,1000,1000,1000,1000,1000,1000,1000,1000,1000,1000,1000,1000
1000,1000,1000,1000,1000,1000,1000,1000,1000,1000,1000,1000,1000,1000,1000,1000,1000,1000,1000,1000,1000,1000,1000,1000,1000,1000,1000,1000,1000,1000,1000,1000,1000,1000,1000,1000,1000,1000,1000,1000,1189.55,1192.347,1193.867,1194.232,1195.935,1199.219,1200.435,1202.016,1207.246,1210.651,1214.3,1219.895,1224.76,1229.138,1235.219,1239.354,1240.814,1248.598,1252.003,1255.895,1260.274,1271.949,1276.814,1283.625,1290.436,1296.76,1302.599,1192.879,1193.153,1193.464,1193.936,1194.552,1195.296,1196.057,1197.09,1199.219,1199.827,1201.651,1203.415,1205.665,1206.577,1209.557,1211.016,1212.841,1214.786,1218.192,1221.841,1225.246,1230.111,1235.219,1238.868,1243.49,1248.111,1250.301,1254.436,1257.355,1265.625,1269.517,1274.868,1280.706,1286.544,1291.409,1297.247,1310.382,1317.193,1208.523,1208.675,1208.971,1209.283,1209.838,1210.317,1211.898,1212.658,1213.844,1215.212,1216.307,1217.462,1219.53,1221.841,1224.03,1225.125,1228.043,1229.138,1232.422,1235.584,1239.354,1240.814,1245.679,1246.165,1252.49,1257.598,1264.409,1268.057,1275.355,1279.247,1287.517,1291.896,1296.274,1302.112,1306.977,1317.68,1322.058,1223.787,1223.977,1224.288,1224.782,1225.406,1225.991,1226.675,1227.922,1229.047,1230.172,1231.206,1232.787,1233.516,1234.854,1236.253,1236.496,1234.854,1235.402,1000,1000,1000,1000,1000,1000,1000,1195.084,1194.111,1199.948,1209.678,1231.571,1000,1000,1280.706,1299.193,1312.815,1322.545,1335.193,1239.468,1239.582,1240,1240.639,1241.148,1242.121,1243.186,1244.28,1245.344,1247.199,1248.111,1250.118,1251.821,1254.192,1254.557,1258.449,1259.909,1263.193,1266.233,1270.49,1271.463,1275.112,1279.49,1283.625,1286.787,1290.679,1299.193,1305.031,1312.815,1323.031,1329.356,1337.139,1341.031,1353.194,1356.113,1255.226,1255.469,1255.918,1255.986,1256.29,1256.716,1257.568,1258.753,1260.912,1262.767,1264.652,1266.78,1269.76,1271.828,1275.112,1277.909,1279.125,1282.287,1285.085,1289.706,1294.085,1301.139,1306.247,1315.247,1320.599,1327.896,1330.815,1341.518,1342.977,1354.653,1363.41,1272.474,1273.135,1000,1000,1000,1079.298,1081.001,1078.204,1078.204,1077.474,1077.109,1077.839,1078.204,1077.839,1078.204,1078.204,1078.204,1077.839,1077.474,1076.744,1075.65,1074.92,1073.947,1074.555,1074.92,1076.015,1076.015,1075.65,1075.285,1074.19,1074.19,1074.19,1075.65,1076.015,1077.109,1078.204,1078.569,1079.298,1080.515,1081.731,1085.744,1088.055,1090.974,1093.163,1095.353,1099.731,1000,1000,1000,1000,1335.68,1340.058,1348.815,1352.221,1356.599,1365.356,1373.14,1378.491,1386.762,1394.546,1402.329,1409.627,1309.599,1309.911,1310.618,1311.31,1311.827,1312.298,1314.153,1315.795,1319.382,1323.639,1335.802,1000,1155.313,1158.84,1165.651,1165.164,1000,1000,1400.384,1382.383,1382.87,1383.843,1385.302,1392.113,1402.329,1411.086,1415.951,1414.005,1000,1000,1000,1201.895,1194.111,1194.111,1000,1000,1000,1000,1000,1000,1000,1000,1000,1000,1000,1000,1000,1000,1000,1000,1000,1000,1000,1000,1157.016,1150.387,1147.529,1146.677,1146.495,1000,1000,1381.897,1380.437,1379.951,1381.41,1387.735,1392.843,1398.438,1407.194,1415.951,1421.303,1436.87,1448.06,1457.79,1473.844,1370.236,1370.799,1371.726,1373.277,1374.995,1376.91,1380.255,1386.64,1388.829,1391.505,1397.951,1402.329,1406.708,1416.681,1425.924,1431.033,1440.762,1449.033,1464.601,1473.357,1488.439,1391.406,1392.349,1392.843,1395.427,1397.13,1398.985,1401.661,1405.37,1409.87,1417.167,1426.411,1431.276,1444.411,1452.925,1457.79,1468.006,1479.195,1496.709,1513.736,1414.568,1415.191,1415.556,1416.59,1418.779,1426.654,1428.114,1432.492,1437.479,1443.195,1445.627,1459.492,1473.357,1489.898,1490.385,1506.439,1515.196,1000,1000,1000,1000,1000,1000,1000,1000,1000,1000,1000,1000,1000,1000,1000,1000,1000,1000,1000,1000,1000,1000,1000,1000,1000,1000,1000,1000,1000,1000,1000,1000,1000,1000,1000,1000,1000,1000,1000,1000,1000,1000,1000,1000,1000,1000,1000,1000,1000,1000,1000,1000,1000,1454.992,1449.519,1000,1000,1000,1000,1436.316,1524.926,1505.466,1000,1472.141,1463.871,1460.709,1451.952,1443.195,1000,1000,1000,1424.769,1423.735,1419.752,1415.244,1506.925,1490.871,1461.682,1450.979,1450.006,1442.465,1000,1428.6,1000,1000,1000,1400.87,1399.654,1397.708,1398.133,1396.4,1394.819,1392.425,1000,1000,1000,1000,1000,1000,1000,1000,1000,1000,1000,1000,1000,1000,1000,1000,1000,1000,1000,1000,1000,1000,1000,1000,1000,1000,1000,1000,1554.115,1541.953,1000,1000,1497.682,1485.641,1477.249,1473.479,1468.492,1463.84,1461.773,1460.617,1559.467,1545.358,1531.737,1521.52,1500.115,1490.628,1479.682,1468.006,1456.452,1451.465,1446.418,1000,1000,1000,1000,1000,1000,1000,1000,1000,1000,1000,1000,1000,1000,1000,1000,1000,1000,1000,1000,1000,1000,1000,1000,1000,1000,1000,1000,1000,1000,1000,1000,1000,1000,1000,1000,1000,1000,1000,1000,1000,1000,1000,1000,1000,1000,1000,1000,1000,1000,1000,1000,1000,1000,1000,1000,1000
1000,1000,1000,1000,1000,1000,1000,1000,1000,1000,1000,1000,1000,1000,1000,1000,1000,1000,1000,1000,1000,1000,1000,1000,1000,1000,1000,1000,1000,1000,1000,1000,1000,1000,1000,1000,1000,1000,1000,1000,1000,1190.888,1192.347,1192.347,1194.597,1197.394,1199.219,1202.016,1206.881,1210.165,1214.786,1220.381,1224.76,1229.138,1234.49,1237.408,1237.895,1246.165,1252.003,1255.895,1259.301,1272.922,1276.814,1282.652,1289.463,1296.76,1301.625,1192.879,1193.153,1193.586,1194.095,1194.643,1195.418,1196.057,1196.786,1198.459,1199.219,1200.922,1202.381,1205.117,1205.665,1208.462,1209.922,1211.746,1213.205,1216.489,1220.016,1224.273,1228.895,1232.787,1238.868,1242.76,1247.382,1251.03,1254.436,1257.355,1263.679,1268.057,1270.976,1279.733,1285.571,1290.436,1298.22,1308.436,1316.22,1208.523,1208.637,1208.812,1209.154,1209.587,1210.423,1211.229,1212.05,1213.844,1215.03,1216.064,1216.976,1219.287,1221.841,1223.787,1226.584,1229.138,1231.206,1232.908,1236.071,1238.868,1240.327,1243.976,1247.382,1250.787,1255.652,1263.679,1267.084,1274.868,1277.787,1285.085,1288.49,1296.274,1302.112,1308.923,1315.734,1319.626,1329.842,1224.015,1224.243,1224.661,1225.315,1225.581,1226.554,1227.618,1228.378,1229.777,1231.388,1232.787,1233.516,1235.645,1236.253,1238.017,1237.713,1236.253,1000,1000,1000,1000,1000,1000,1000,1201.895,1194.111,1197.03,1209.678,1117.306,1000,1280.706,1290.923,1306.004,1316.707,1323.518,1335.193,1239.392,1239.582,1239.856,1240.419,1240.974,1241.665,1242.623,1243.794,1245.162,1247.199,1248.111,1250.118,1251.213,1252.368,1253.28,1257.719,1260.274,1263.193,1265.382,1268.057,1271.949,1273.652,1279.004,1282.652,1288.004,1292.139,1299.193,1305.031,1310.382,1319.626,1326.437,1333.248,1335.193,1349.788,1360.978,1255.188,1255.469,1255.918,1256.131,1256.366,1257.127,1258.191,1259.848,1262.098,1263.922,1265.199,1266.78,1269.152,1271.098,1274.017,1276.693,1278.76,1283.625,1286.058,1290.193,1294.571,1299.923,1305.031,1313.788,1319.139,1324.491,1329.356,1336.167,1339.572,1350.761,1362.437,1378.491,1272.938,1000,1000,1000,1078.204,1081.366,1079.298,1079.298,1078.204,1077.474,1077.474,1077.474,1077.474,1077.839,1078.569,1078.933,1078.204,1077.474,1077.109,1075.65,1074.19,1073.582,1074.19,1073.947,1074.92,1075.285,1075.65,1075.65,1075.285,1074.555,1074.92,1076.015,1076.379,1077.474,1079.785,1081.366,1082.582,1083.92,1085.258,1089.515,1091.461,1094.136,1097.542,1099.245,1000,1000,1000,1000,1330.328,1332.031,1337.626,1344.68,1349.545,1353.194,1362.437,1367.788,1373.14,1380.924,1390.654,1398.438,1406.708,1309.447,1309.789,1310.55,1311.112,1311.933,1312.42,1314.518,1315.217,1318.653,1322.423,1000,1000,1154.948,1159.934,1165.651,1167.475,1175.381,1000,1401.356,1387.248,1384.816,1379.951,1381.41,1387.735,1398.438,1408.167,1417.897,1412.059,1392.113,1000,1000,1197.03,1191.678,1191.678,1000,1000,1000,1000,1000,1000,1000,1000,1000,1000,1000,1000,1000,1386.518,1000,1415.465,1000,1000,1000,1000,1150.874,1147.103,1145.735,1145.036,1145.036,1000,1000,1381.41,1381.41,1381.897,1383.843,1389.437,1397.708,1403.059,1409.14,1417.411,1425.681,1438.33,1450.006,1458.763,1469.952,1370.115,1370.73,1371.832,1373.566,1375.359,1377.336,1380.255,1385.302,1388.464,1391.87,1396.613,1401.356,1406.708,1413.519,1423.005,1428.6,1440.762,1448.06,1460.709,1466.547,1483.574,1391.254,1392.136,1392.668,1395.579,1396.583,1397.525,1399.411,1402.451,1406.708,1414.492,1424.708,1430.789,1444.411,1452.925,1458.276,1468.979,1482.114,1494.763,1509.844,1414.568,1415.305,1415.305,1416.696,1418.779,1423.978,1425.012,1429.695,1432.857,1438.33,1000,1000,1000,1000,1000,1000,1000,1000,1000,1000,1000,1000,1000,1000,1000,1000,1000,1000,1000,1000,1000,1000,1000,1000,1000,1000,1000,1000,1000,1000,1000,1000,1000,1000,1000,1000,1000,1000,1000,1000,1000,1000,1000,1000,1000,1000,1000,1000,1000,1000,1000,1000,1000,1000,1000,1000,1000,1000,1000,1000,1000,1000,1000,1000,1000,1000,1537.088,1000,1000,1000,1461.438,1457.06,1453.654,1447.087,1440.884,1436.627,1434.316,1429.087,1424.769,1423.005,1418.931,1415.039,1502.547,1491.844,1460.709,1453.898,1453.898,1444.411,1439.303,1430.789,1419.843,1000,1405.37,1399.654,1397.708,1394.971,1395.731,1394.15,1393.041,1391.596,1000,1000,1000,1000,1000,1000,1000,1000,1000,1399.897,1000,1389.924,1000,1000,1000,1000,1000,1000,1000,1000,1000,1000,1000,1000,1000,1000,1000,1000,1000,1000,1000,1000,1000,1000,1000,1469.222,1465.057,1462.259,1461.149,1459.948,1551.683,1544.385,1531.737,1519.574,1503.033,1494.763,1482.844,1468.006,1000,1450.127,1444.411,1000,1000,1000,1000,1000,1000,1000,1000,1000,1000,1000,1000,1000,1000,1000,1000,1000,1000,1000,1000,1000,1000,1000,1000,1000,1000,1000,1000,1000,1000,1000,1000,1000,1000,1000,1000,1000,1000,1000,1000,1000,1000,1000,1000,1000,1000,1000,1000,1000,1000,1000,1000,1000,1000,1000,1000,1000
1000,1000,1000,1000,1000,1000,1000,1000,1000,1000,1000,1000,1000,1000,1000,1000,1000,1000,1000,1000,1000,1000,1000,1000,1000,1000,1000,1000,1000,1000,1000,1000,1000,1000,1000,1000,1000,1000,1000,1000,1000,1000,1192.955,1192.651,1194.232,1196.3,1198.854,1201.651,1205.057,1208.219,1214.3,1218.678,1222.814,1227.679,1233.76,1237.408,1237.895,1244.706,1251.03,1256.868,1260.274,1270.976,1275.841,1280.706,1286.544,1294.815,1302.599,1192.879,1193.153,1193.586,1193.936,1194.354,1194.749,1195.418,1195.783,1197.394,1198.094,1199.827,1201.165,1203.415,1204.266,1207.246,1208.827,1210.651,1212.476,1216.003,1218.678,1222.327,1226.219,1231.084,1236.435,1242.03,1245.436,1250.301,1253.949,1256.868,1262.22,1267.084,1272.922,1278.274,1283.625,1295.301,1302.112,1311.355,1317.193,1208.447,1208.637,1208.971,1209.154,1209.504,1210.119,1210.864,1211.624,1212.962,1214.786,1215.82,1217.219,1218.739,1221.233,1222.814,1225.489,1228.408,1229.989,1232.422,1235.584,1238.381,1238.868,1241.3,1245.679,1248.354,1253.949,1260.274,1265.139,1270.003,1275.355,1281.193,1288.49,1295.301,1300.166,1307.95,1316.707,1322.058,1332.761,1224.053,1224.38,1224.661,1225.231,1225.581,1226.204,1227.466,1228.074,1229.047,1230.598,1231.206,1232.543,1234.064,1235.402,1238.381,1238.625,1239.963,1240.692,1239.354,1000,1239.598,1000,1000,1000,1000,1000,1000,1000,1000,1279.247,1290.436,1298.22,1308.436,1319.626,1325.464,1336.653,1239.354,1239.506,1239.772,1240.168,1240.723,1241.665,1242.76,1244.098,1244.979,1246.53,1247.199,1249.084,1250.118,1251.517,1252.976,1255.895,1258.449,1260.76,1262.706,1266.233,1267.571,1272.436,1275.112,1280.22,1286.301,1292.139,1297.734,1302.599,1310.382,1319.626,1324.004,1331.302,1337.139,1347.842,1358.059,1255.112,1255.515,1255.986,1256.207,1256.625,1257.568,1258.601,1260.03,1262.098,1263.436,1264.652,1266.78,1269.152,1270.49,1272.557,1275.112,1277.058,1281.314,1284.112,1288.49,1293.355,1299.923,1304.301,1313.788,1319.139,1324.491,1328.383,1334.22,1337.626,1348.815,1359.518,1373.626,1272.778,1273.964,1000,1000,1000,1078.569,1077.839,1078.204,1078.204,1077.474,1077.839,1078.204,1076.744,1077.109,1077.839,1078.569,1078.204,1077.109,1076.379,1074.19,1072.609,1072.001,1073.582,1074.19,1075.285,1075.65,1076.015,1076.015,1074.92,1074.92,1075.285,1076.015,1076.379,1077.839,1080.515,1081.366,1083.069,1084.406,1086.596,1089.028,1092.677,1094.623,1097.542,1100.461,1000,1000,1000,1000,1324.491,1325.464,1332.761,1338.842,1342.734,1348.815,1356.599,1362.437,1370.221,1378.978,1389.681,1400.384,1409.627,1309.561,1309.827,1310.474,1311.028,1312.055,1312.541,1314.518,1315.034,1317.923,1321.268,1000,1000,1155.921,1160.299,1165.164,1166.502,1000,1000,1390.654,1384.816,1383.843,1382.383,1382.383,1388.708,1395.032,1401.356,1409.14,1405.248,1385.302,1000,1000,1195.57,1189.732,1193.138,1000,1000,1000,1000,1000,1000,1000,1000,1000,1000,1000,1000,1000,1000,1000,1414.492,1000,1000,1000,1000,1000,1147.955,1144.853,1144.397,1144.245,1000,1000,1380.924,1379.464,1381.41,1385.545,1391.14,1396.492,1403.546,1409.14,1417.411,1425.681,1435.897,1447.087,1455.844,1465.087,1369.924,1370.609,1371.528,1372.866,1374.66,1376.302,1378.735,1382.748,1385.91,1388.829,1393.938,1398.438,1404.519,1410.6,1421.059,1430.06,1442.708,1453.411,1469.465,1474.33,1486.493,1391.254,1391.786,1392.349,1394.819,1396.765,1000,1400.627,1403.302,1408.776,1416.681,1424.708,1433.222,1448.79,1455.844,1461.682,1470.438,1482.114,1487.952,1496.709,1508.871,1414.758,1414.91,1415.86,1418.034,1422.58,1424.769,1428.418,1433.222,1000,1000,1000,1000,1000,1000,1000,1000,1000,1000,1000,1000,1000,1000,1000,1000,1000,1000,1000,1000,1000,1000,1000,1000,1000,1000,1000,1000,1000,1000,1000,1000,1000,1000,1000,1000,1000,1000,1000,1000,1000,1000,1000,1000,1000,1000,1000,1000,1000,1000,1000,1000,1000,1000,1000,1000,1000,1000,1000,1000,1000,1000,1000,1000,1000,1000,1000,1000,1000,1000,1000,1000,1000,1449.762,1000,1000,1000,1000,1427.201,1424.465,1421.911,1418.931,1415.427,1509.844,1494.763,1466.547,1454.384,1450.006,1439.789,1431.276,1425.924,1000,1000,1402.755,1398.316,1395.883,1393.785,1393.664,1392.508,1391.786,1494.277,1480.168,1461.682,1445.141,1000,1000,1000,1000,1402.329,1392.721,1387.735,1384.573,1379.221,1375.724,1000,1372.258,1370.799,1000,1000,1000,1000,1000,1000,1000,1000,1000,1545.358,1000,1000,1000,1000,1000,1000,1000,1000,1000,1000,1000,1000,1000,1000,1000,1533.682,1525.899,1511.79,1503.033,1494.763,1484.547,1470.682,1000,1452.438,1446.175,1000,1000,1439.577,1000,1000,1000,1000,1000,1000,1000,1000,1000,1000,1000,1000,1000,1000,1000,1000,1000,1000,1000,1000,1000,1000,1000,1000,1000,1000,1000,1000,1000,1000,1000,1000,1000,1000,1000,1000,1000,1000,1000,1000,1000,1000,1000,1000,1000,1000,1000,1000,1000,1000,1000,1000,1000,1000
1000,1000,1000,1000,1000,1000,1000,1000,1000,1000,1000,1000,1000,1000,1000,1000,1000,1000,1000,1000,1000,1000,1000,1000,1000,1000,1000,1000,1000,1000,1000,1000,1000,1000,1000,1000,1000,1000,1000,1000,1000,1000,1192.651,1192.043,1192.651,1194.84,1197.394,1201.651,1204.57,1209.192,1213.814,1217.462,1221.597,1225.976,1230.354,1234.49,1235.949,1241.787,1249.571,1254.922,1257.355,1267.084,1270.976,1273.895,1277.787,1287.517,1294.815,1192.651,1193.031,1193.525,1194.019,1194.552,1194.962,1195.54,1195.92,1197.394,1198.094,1199.827,1200.922,1203.172,1204.266,1206.881,1208.462,1209.557,1211.016,1214.422,1216.489,1220.503,1225.246,1229.625,1232.3,1237.652,1243.49,1249.571,1252.49,1256.868,1261.247,1267.084,1270.49,1278.274,1283.625,1292.382,1299.193,1306.49,1312.328,1208.371,1208.485,1209.032,1209.283,1209.663,1210.013,1210.743,1211.624,1212.81,1214.422,1215.82,1216.489,1218.192,1219.834,1220.928,1224.395,1227.314,1229.138,1230.841,1235.098,1236.435,1240.327,1241.787,1246.165,1250.301,1253.949,1259.544,1265.868,1269.517,1273.895,1279.247,1286.544,1294.815,1302.112,1310.869,1318.653,1324.977,1327.896,1223.901,1224.167,1224.486,1225.071,1225.489,1226.204,1226.918,1228.226,1228.53,1229.989,1230.598,1231.631,1233.03,1235.949,1238.381,1241.422,1242.517,1244.706,1244.706,1245.922,1247.138,1247.99,1000,1000,1000,1000,1000,1000,1000,1288.49,1295.788,1303.085,1311.842,1323.518,1331.302,1339.572,1346.383,1239.392,1239.582,1239.947,1240.563,1241.559,1242.365,1243.794,1244.463,1245.344,1246.53,1248.111,1249.084,1250.422,1252.368,1255.165,1258.084,1260.76,1263.557,1265.747,1267.571,1270.976,1276.814,1280.706,1287.517,1293.355,1297.734,1304.058,1311.355,1320.599,1325.95,1334.22,1342.977,1354.167,1359.032,1255.074,1255.424,1255.857,1256.062,1256.541,1257.932,1258.601,1260.03,1261.916,1263.679,1264.652,1267.936,1270.125,1271.098,1272.557,1277.544,1277.909,1282.287,1284.598,1289.22,1291.896,1298.22,1303.571,1313.788,1319.626,1325.464,1332.761,1336.167,1339.572,1348.815,1358.545,1368.761,1272.474,1273.188,1000,1000,1000,1000,1080.15,1079.785,1080.15,1078.569,1079.298,1078.569,1078.204,1079.298,1080.515,1079.785,1080.515,1078.933,1077.474,1074.19,1073.582,1072.305,1073.582,1074.92,1075.65,1075.285,1076.379,1076.744,1076.015,1076.379,1077.474,1076.744,1077.839,1078.569,1080.515,1081.001,1083.433,1084.771,1087.569,1088.542,1093.65,1095.353,1099.245,1000,1000,1000,1000,1321.085,1323.031,1326.193,1333.248,1337.626,1340.545,1347.356,1353.194,1357.572,1367.302,1376.545,1384.816,1394.546,1406.708,1416.438,1309.713,1310.162,1310.854,1311.827,1312.42,1313.849,1314.67,1317.68,1321.024,1000,1000,1156.651,1161.516,1164.313,1000,1000,1000,1382.87,1376.545,1377.518,1376.545,1377.518,1382.87,1390.654,1396.492,1407.194,1405.248,1387.248,1000,1000,1191.192,1186.083,1190.219,1000,1000,1000,1000,1000,1000,1000,1000,1000,1367.302,1361.951,1358.059,1359.032,1000,1000,1414.492,1419.843,1000,1000,1000,1000,1148.624,1000,1145.552,1000,1000,1000,1381.897,1380.924,1381.897,1385.059,1390.41,1396.005,1399.654,1405.005,1414.492,1423.735,1436.87,1448.06,1456.817,1464.114,1369.772,1370.282,1371.354,1373.003,1374.66,1377.579,1379.708,1382.201,1384.937,1388.1,1392.721,1397.1,1404.032,1408.167,1414.735,1423.735,1433.952,1445.627,1463.628,1471.411,1483.574,1391.292,1391.953,1392.508,1394.819,1396.765,1398.133,1399.654,1403.607,1411.694,1417.532,1425.438,1434.438,1448.06,1455.357,1459.249,1467.033,1481.141,1493.79,1504.006,1515.682,1414.948,1415.305,1415.7,1417.502,1420.482,1424.222,1428.418,1000,1000,1000,1000,1000,1000,1000,1000,1000,1000,1000,1000,1000,1000,1000,1000,1000,1000,1000,1000,1000,1000,1000,1000,1000,1000,1000,1000,1000,1000,1000,1000,1000,1000,1000,1000,1000,1000,1000,1000,1000,1000,1000,1000,1000,1000,1000,1000,1000,1000,1000,1000,1000,1000,1000,1000,1000,1000,1000,1000,1000,1000,1000,1000,1000,1000,1000,1000,1000,1000,1000,1000,1000,1000,1000,1000,1000,1000,1000,1430.303,1000,1422.58,1000,1000,1000,1498.655,1472.384,1459.736,1000,1441.249,1433.708,1428.6,1418.505,1000,1402.755,1397.525,1395.427,1393.238,1392.759,1391.786,1391.33,1486.493,1000,1459.736,1440.276,1432.979,1425.195,1413.519,1402.816,1397.1,1388.464,1382.748,1380.255,1377.336,1374.022,1371.939,1370.943,1369.963,1468.006,1459.736,1446.114,1434.924,1423.249,1411.573,1000,1000,1000,1000,1000,1000,1000,1000,1000,1000,1000,1000,1000,1000,1000,1000,1000,1000,1539.52,1530.764,1520.547,1506.925,1497.196,1489.898,1478.466,1470.195,1460.587,1451.1,1444.411,1441.006,1000,1000,1000,1000,1000,1000,1000,1000,1000,1000,1000,1000,1000,1000,1000,1000,1000,1000,1000,1000,1000,1000,1000,1000,1000,1000,1000,1000,1000,1000,1000,1000,1000,1000,1000,1000,1000,1000,1000,1000,1000,1000,1000,1000,1000,1000,1000,1000,1000,1000,1000,1000,1000,1000,1000,1000
1000,1000,1000,1000,1000,1000,1000,1000,1000,1000,1000,1000,1000,1000,1000,1000,1000,1000,1000,1000,1000,1000,1000,1000,1000,1000,1000,1000,1000,1000,1000,1000,1000,1000,1000,1000,1000,1000,1000,1000,1000,1000,1000,1191.496,1192.043,1194.597,1198.124,1202.016,1204.57,1209.192,1213.814,1217.462,1219.895,1223.3,1227.192,1231.084,1233.03,1240.327,1247.625,1254.436,1258.328,1267.084,1270.003,1274.868,1278.76,1286.544,1294.815,1192.689,1193.031,1193.525,1194.019,1194.445,1194.856,1195.661,1196.057,1197.394,1198.094,1199.644,1200.922,1202.928,1203.962,1206.577,1208.462,1210.286,1211.381,1215.273,1217.341,1221.354,1224.76,1230.111,1232.787,1238.868,1243.49,1249.571,1252.976,1255.895,1259.787,1263.679,1266.111,1273.895,1280.706,1287.517,1294.328,1303.085,1308.436,1316.22,1208.409,1208.675,1209.154,1209.747,1209.747,1210.636,1211.107,1211.898,1213.479,1214.604,1215.395,1217.219,1218.739,1219.834,1222.449,1224.76,1226.949,1228.773,1232.908,1235.098,1239.354,1240.814,1245.679,1250.787,1254.436,1260.274,1264.409,1270.003,1273.895,1278.76,1285.085,1293.842,1303.085,1309.896,1321.085,1325.95,1329.842,1224.053,1224.129,1224.38,1224.927,1225.315,1225.885,1226.675,1227.466,1228.074,1229.777,1230.354,1231.388,1232.3,1235.402,1237.713,1240.692,1243.246,1247.625,1248.841,1251.638,1253.949,1256.382,1258.084,1257.355,1255.895,1000,1000,1000,1279.977,1294.328,1299.193,1307.463,1312.815,1325.464,1333.248,1340.545,1346.383,1239.468,1239.582,1239.902,1240.563,1241.346,1242.243,1243.186,1244.28,1244.615,1245.557,1247.199,1248.841,1250.118,1252.064,1254.922,1257.355,1259.909,1263.193,1265.747,1266.72,1271.949,1276.328,1283.139,1288.733,1295.544,1300.652,1306.49,1312.815,1320.599,1325.95,1334.22,1340.058,1346.869,1355.14,1255.074,1255.302,1255.621,1256.207,1256.716,1257.932,1258.753,1260.182,1261.307,1263.193,1263.922,1266.233,1268.544,1269.76,1271.098,1275.841,1277.058,1282.287,1284.112,1289.22,1291.166,1297.004,1300.652,1310.382,1316.707,1323.518,1330.815,1334.22,1339.572,1348.815,1358.545,1368.761,1272.436,1272.892,1274.23,1000,1000,1000,1080.515,1081.731,1082.217,1080.15,1081.001,1078.933,1077.474,1077.839,1079.298,1078.933,1081.001,1080.15,1078.204,1075.285,1074.92,1074.92,1075.65,1077.109,1076.379,1075.65,1075.65,1077.839,1077.474,1077.839,1078.204,1078.569,1078.569,1079.298,1081.366,1082.582,1085.258,1087.082,1090.488,1091.947,1096.326,1098.515,1000,1000,1000,1000,1313.666,1316.099,1319.747,1323.518,1329.842,1336.896,1340.545,1346.626,1351.734,1356.599,1362.437,1368.761,1378.491,1389.681,1403.302,1415.465,1309.713,1310.284,1310.778,1311.72,1312.815,1314.335,1315.034,1318.409,1321.572,1000,1148.624,1157.38,1163.097,1164.799,1000,1000,1382.87,1376.545,1376.059,1380.437,1377.518,1379.951,1381.41,1387.248,1392.113,1406.221,1402.329,1388.708,1000,1000,1187.3,1183.165,1183.894,1000,1000,1000,1000,1000,1000,1000,1000,1000,1369.005,1361.464,1355.261,1000,1000,1000,1417.897,1426.654,1430.546,1000,1000,1000,1000,1000,1000,1000,1000,1000,1378.978,1378.978,1379.464,1384.573,1389.437,1394.059,1401.113,1406.465,1415.951,1427.141,1437.357,1450.006,1456.817,1464.114,1474.817,1370.191,1371.179,1372.745,1374.66,1377.822,1379.708,1381.349,1384.573,1387.37,1391.14,1397.1,1405.005,1408.167,1414.735,1423.005,1432.492,1443.195,1456.817,1462.655,1474.33,1489.412,1391.482,1392.28,1394.029,1396.066,1398.133,1400.87,1403.85,1413.762,1416.681,1423.735,1430.303,1444.411,1455.844,1464.114,1470.438,1489.898,1504.006,1508.871,1414.644,1415.191,1000,1000,1000,1000,1000,1000,1000,1000,1000,1000,1000,1000,1000,1000,1000,1000,1000,1000,1000,1000,1000,1000,1000,1000,1000,1000,1000,1000,1000,1000,1000,1000,1000,1000,1000,1000,1000,1000,1000,1000,1000,1000,1000,1000,1000,1000,1000,1000,1000,1000,1000,1000,1000,1000,1000,1000,1000,1000,1000,1000,1000,1000,1000,1000,1000,1000,1000,1000,1000,1000,1000,1000,1000,1000,1000,1000,1000,1000,1000,1000,1000,1000,1000,1000,1000,1000,1000,1000,1000,1000,1000,1000,1000,1000,1000,1000,1000,1000,1418.992,1000,1401.417,1396.948,1394.682,1392.508,1392.014,1391.368,1487.466,1477.249,1468.492,1456.33,1437.843,1427.384,1418.384,1406.708,1395.762,1390.289,1384.937,1379.708,1377.822,1375.542,1372.745,1370.799,1370.191,1469.952,1458.763,1451.952,1441.249,1431.519,1419.843,1405.735,1387.248,1375.329,1370.464,1000,1000,1000,1000,1000,1000,1358.119,1000,1000,1000,1000,1000,1000,1000,1000,1000,1531.737,1518.115,1504.006,1494.763,1486.736,1476.763,1470.195,1463.263,1000,1000,1000,1000,1000,1000,1000,1000,1000,1000,1000,1000,1000,1000,1000,1000,1000,1000,1000,1000,1000,1000,1000,1000,1000,1000,1000,1000,1000,1000,1000,1000,1000,1000,1000,1000,1000,1000,1000,1000,1000,1000,1000,1000,1000,1000,1000,1000,1000,1000,1000,1000,1000,1000,1000,1000,1000,1000,1000
1000,1000,1000,1000,1000,1000,1000,1000,1000,1000,1000,1000,1000,1000,1000,1000,1000,1000,1000,1000,1000,1000,1000,1000,1000,1000,1000,1000,1000,1000,1000,1000,1000,1000,1000,1000,1000,1000,1000,1000,1000,1000,1000,1191.496,1192.347,1193.867,1197.759,1201.651,1204.57,1209.192,1213.814,1217.462,1220.381,1221.597,1225.246,1229.138,1232.3,1237.895,1247.138,1252.003,1256.868,1263.679,1265.625,1268.057,1273.895,1282.652,1292.869,1192.651,1192.955,1193.35,1193.86,1194.27,1194.552,1195.418,1196.057,1197.242,1198.094,1199.644,1201.165,1202.624,1203.415,1205.665,1207.489,1209.192,1211.016,1213.57,1216.854,1220.016,1222.327,1226.219,1230.598,1236.435,1240.084,1245.922,1250.301,1252.976,1256.868,1261.247,1266.111,1270.976,1279.247,1288.49,1292.382,1298.22,1303.085,1310.382,1208.257,1208.675,1209.032,1209.427,1210.013,1210.21,1210.636,1211.624,1212.962,1214.026,1215.212,1216.976,1218.192,1219.834,1221.233,1224.03,1225.489,1228.773,1232.422,1236.071,1239.841,1243.003,1247.382,1250.301,1256.382,1261.003,1266.598,1270.003,1273.895,1278.76,1285.085,1291.896,1299.193,1312.815,1318.653,1326.923,1331.788,1223.977,1224.053,1224.433,1224.722,1225.155,1225.406,1226.204,1227.329,1228.074,1229.412,1230.78,1232.3,1233.273,1235.949,1237.713,1240.327,1242.517,1245.922,1248.841,1252.003,1255.409,1258.571,1261.733,1263.436,1265.139,1270.733,1274.625,1281.436,1285.085,1292.382,1296.76,1302.112,1310.382,1323.518,1332.275,1340.545,1345.41,1239.506,1239.62,1239.947,1240.495,1241.346,1241.878,1243.034,1243.642,1244.463,1245.162,1246.348,1248.354,1250.422,1252.672,1255.895,1258.449,1261.976,1265.382,1265.747,1266.72,1270.976,1275.598,1281.922,1290.193,1297.734,1301.139,1307.463,1312.815,1319.626,1324.977,1332.275,1336.167,1344.923,1352.221,1360.978,1255.036,1255.515,1256.207,1257.02,1258.191,1258.905,1260.547,1261.307,1262.524,1263.679,1265.99,1267.936,1270.125,1271.828,1276.328,1277.909,1282.287,1285.085,1289.706,1292.382,1297.004,1303.571,1312.572,1319.139,1324.491,1330.815,1331.788,1336.167,1343.95,1352.707,1360.491,1371.68,1272.626,1273.371,1000,1000,1000,1000,1081.001,1083.92,1081.731,1082.217,1079.298,1078.569,1077.839,1000,1079.298,1081.366,1080.515,1079.785,1077.474,1076.015,1076.379,1076.744,1078.204,1077.109,1077.109,1077.109,1078.569,1077.839,1078.569,1078.933,1079.298,1078.204,1078.933,1080.15,1081.001,1082.582,1086.596,1092.677,1096.326,1104.109,1111.164,1000,1000,1000,1308.801,1314.031,1316.585,1320.112,1324.977,1332.031,1336.167,1340.058,1342.734,1346.626,1350.761,1357.572,1362.924,1378.491,1386.762,1400.384,1411.573,1309.713,1309.957,1310.694,1311.401,1312.541,1314.335,1315.612,1318.409,1322.423,1000,1147.529,1153.732,1159.57,1160.664,1000,1000,1369.734,1367.788,1371.194,1377.518,1376.545,1379.951,1382.87,1387.735,1394.059,1408.167,1403.302,1395.032,1000,1000,1188.273,1186.813,1191.678,1000,1000,1000,1000,1000,1000,1000,1000,1000,1369.734,1361.464,1356.234,1000,1000,1000,1412.546,1424.708,1425.681,1000,1000,1000,1000,1000,1000,1000,1000,1000,1382.383,1381.897,1382.87,1387.248,1389.924,1394.546,1401.113,1405.735,1414.978,1428.114,1434.924,1445.141,1456.817,1466.06,1369.849,1370.609,1371.726,1373.277,1374.326,1377.822,1378.978,1381.045,1384.937,1389.559,1392.721,1398.438,1404.519,1407.194,1415.465,1419.843,1431.519,1445.141,1461.682,1468.492,1484.547,1391.14,1391.642,1392.349,1393.557,1395.883,1398.133,1401.661,1406.343,1415.83,1416.194,1421.303,1430.303,1441.249,1452.925,1458.276,1468.979,1000,1000,1000,1000,1000,1000,1000,1000,1000,1000,1000,1000,1000,1000,1000,1000,1000,1000,1000,1000,1000,1000,1000,1000,1000,1000,1000,1000,1000,1000,1000,1000,1000,1000,1000,1000,1000,1000,1000,1000,1000,1000,1000,1000,1000,1000,1000,1000,1000,1000,1000,1000,1000,1000,1000,1000,1000,1000,1000,1000,1000,1000,1000,1000,1000,1000,1000,1000,1000,1000,1000,1000,1000,1000,1000,1000,1000,1000,1000,1000,1000,1000,1000,1000,1000,1000,1000,1000,1000,1000,1000,1000,1000,1000,1000,1000,1000,1000,1000,1000,1000,1000,1000,1000,1000,1000,1000,1397.343,1394.15,1392.668,1391.406,1492.331,1475.303,1464.601,1455.357,1436.87,1423.005,1415.951,1404.519,1395.275,1389.194,1383.964,1378.491,1376.302,1373.566,1371.635,1370.236,1369.81,1460.709,1449.033,1439.303,1430.546,1419.843,1410.113,1398.924,1385.545,1375.329,1369.734,1362.741,1358.119,1355.535,1354.562,1352.798,1352.692,1351.339,1350.693,1000,1439.303,1000,1000,1000,1000,1000,1000,1000,1512.763,1497.196,1489.898,1480.898,1475.06,1468.492,1460.587,1000,1444.168,1000,1000,1000,1000,1000,1000,1000,1000,1000,1000,1000,1000,1000,1000,1000,1000,1000,1000,1000,1000,1000,1000,1000,1000,1000,1000,1000,1000,1000,1000,1000,1000,1000,1000,1000,1000,1000,1000,1000,1000,1000,1000,1000,1000,1000,1000,1000,1000,1000,1000,1000,1000,1000,1000,1000,1000,1000
1000,1000,1000,1000,1000,1000,1000,1000,1000,1000,1000,1000,1000,1000,1000,1000,1000,1000,1000,1000,1000,1000,1000,1000,1000,1000,1000,1000,1000,1000,1000,1000,1000,1000,1000,1000,1000,1000,1000,1000,1000,1000,1000,1000,1192.043,1193.624,1197.759,1201.651,1205.422,1209.678,1212.111,1216.003,1218.678,1218.678,1222.327,1227.192,1231.814,1235.219,1243.246,1247.625,1254.436,1258.328,1261.733,1267.084,1273.895,1280.706,1290.436,1302.599,1192.765,1193.153,1193.525,1194.095,1194.445,1195.296,1196.193,1197.394,1198.094,1199.644,1200.922,1202.381,1203.415,1204.813,1207.246,1209.192,1211.381,1214.422,1217.341,1220.016,1222.814,1226.949,1230.598,1235.949,1240.084,1244.706,1248.841,1251.517,1255.895,1261.247,1268.057,1271.949,1279.247,1285.571,1289.463,1292.382,1301.139,1307.463,1316.22,1208.523,1208.971,1209.283,1209.663,1210.013,1210.119,1210.743,1212.202,1213.327,1214.786,1216.489,1217.705,1218.983,1220.381,1222.814,1224.76,1226.949,1230.841,1233.273,1237.895,1241.3,1245.679,1250.787,1254.436,1261.003,1265.139,1270.976,1272.922,1277.787,1284.112,1290.436,1298.22,1308.923,1319.626,1324.977,1329.842,1223.977,1224.167,1224.38,1224.722,1225.155,1225.687,1226.098,1226.797,1227.466,1228.53,1229.777,1231.206,1232.3,1234.55,1236.253,1238.99,1241.787,1245.922,1248.841,1253.949,1257.355,1260.03,1263.436,1265.139,1267.571,1271.22,1274.625,1279.977,1284.112,1289.463,1294.328,1302.112,1306.49,1317.68,1329.356,1336.653,1340.545,1239.392,1239.582,1239.902,1240.495,1241.057,1241.559,1242.486,1243.186,1243.49,1245.162,1246.773,1248.841,1250.665,1253.584,1255.53,1258.084,1261.49,1262.706,1265.747,1266.233,1270.49,1275.598,1281.436,1289.463,1297.004,1302.112,1307.95,1314.761,1321.572,1326.437,1334.22,1338.112,1344.923,1353.194,1357.086,1255.112,1255.378,1255.986,1256.716,1257.932,1258.328,1259.361,1260.365,1261.307,1263.436,1266.537,1268.848,1270.733,1272.922,1277.058,1278.274,1281.801,1282.774,1287.031,1290.679,1295.788,1301.139,1311.842,1319.139,1325.95,1331.788,1334.22,1338.599,1344.923,1351.734,1360.491,1368.761,1272.512,1272.983,1273.964,1000,1000,1000,1000,1080.515,1079.298,1080.515,1078.933,1078.204,1077.474,1078.569,1079.298,1082.217,1081.366,1081.731,1077.839,1077.474,1076.379,1076.744,1078.569,1077.839,1077.839,1077.839,1079.298,1077.839,1079.298,1079.298,1079.785,1078.933,1080.15,1080.515,1081.001,1082.582,1086.596,1092.677,1098.028,1000,1000,1000,1000,1307.707,1310.626,1314.518,1316.099,1321.085,1327.653,1333.248,1337.626,1342.004,1344.68,1348.086,1353.68,1361.464,1366.329,1379.951,1385.789,1398.438,1409.627,1309.599,1309.789,1310.55,1311.203,1312.298,1314.001,1316.403,1318.653,1322.423,1000,1000,1152.576,1158.84,1160.299,1000,1364.87,1362.194,1361.464,1363.41,1371.194,1373.626,1376.059,1378.978,1383.843,1391.627,1404.275,1405.248,1000,1000,1000,1188.273,1187.3,1194.111,1201.408,1000,1000,1000,1000,1000,1000,1000,1363.653,1371.437,1361.464,1357.572,1000,1000,1000,1411.086,1423.735,1429.573,1431.519,1000,1000,1000,1146.495,1000,1000,1000,1000,1378.491,1379.464,1379.464,1385.059,1388.221,1394.059,1398.438,1406.465,1415.951,1428.6,1432.979,1444.168,1456.817,1468.979,1369.886,1370.548,1371.354,1372.745,1373.414,1376.91,1378.248,1380.802,1383.66,1388.464,1391.87,1398.438,1405.005,1408.167,1417.897,1420.573,1432.979,1444.168,1462.655,1472.384,1492.331,1391.216,1391.786,1392.843,1393.664,1396.066,1399.228,1404.458,1407.681,1419.843,1419.357,1424.708,1434.924,1000,1000,1000,1000,1000,1000,1000,1000,1000,1000,1000,1000,1000,1000,1000,1000,1000,1000,1000,1000,1000,1000,1000,1000,1000,1000,1000,1000,1000,1000,1000,1000,1000,1000,1000,1000,1000,1000,1000,1000,1000,1000,1000,1000,1000,1000,1000,1000,1000,1000,1000,1000,1000,1000,1000,1000,1000,1000,1000,1000,1000,1000,1000,1000,1000,1000,1000,1000,1000,1000,1000,1000,1000,1000,1000,1000,1000,1000,1000,1000,1000,1000,1000,1000,1000,1000,1000,1000,1000,1000,1000,1000,1000,1000,1000,1000,1000,1000,1000,1000,1000,1000,1000,1000,1000,1000,1000,1000,1000,1000,1000,1000,1000,1000,1000,1391.733,1493.304,1473.357,1000,1440.762,1421.789,1414.005,1399.897,1392.721,1385.545,1381.349,1376.728,1374.326,1372.258,1371.354,1370.153,1000,1460.709,1445.141,1434.924,1423.735,1412.059,1402.329,1392.843,1383.356,1375.816,1368.64,1361.89,1358.545,1355.2,1353.406,1351.894,1351.271,1350.313,1442.708,1426.654,1413.519,1410.113,1405.735,1000,1000,1000,1000,1000,1506.925,1493.547,1486.006,1475.547,1472.871,1468.006,1460.1,1450.492,1444.168,1000,1437.038,1436.354,1000,1000,1000,1000,1000,1000,1000,1000,1000,1000,1000,1000,1000,1000,1000,1000,1000,1000,1000,1000,1000,1000,1000,1000,1000,1000,1000,1000,1000,1000,1000,1000,1000,1000,1000,1000,1000,1000,1000,1000,1000,1000,1000,1000,1000,1000,1000,1000,1000,1000,1000,1000,1000,1000
1000,1000,1000,1000,1000,1000,1000,1000,1000,1000,1000,1000,1000,1000,1000,1000,1000,1000,1000,1000,1000,1000,1000,1000,1000,1000,1000,1000,1000,1000,1000,1000,1000,1000,1000,1000,1000,1000,1000,1000,1000,1000,1000,1000,1189.55,1192.043,1195.57,1198.854,1202.867,1206.881,1209.192,1213.814,1216.489,1216.976,1222.327,1227.192,1231.814,1236.679,1244.706,1247.138,1253.463,1258.328,1260.274,1265.625,1271.949,1276.814,1284.598,1294.815,1301.625,1192.841,1193.297,1193.791,1194.354,1195.54,1196.482,1197.242,1198.276,1199.644,1200.922,1202.138,1203.719,1204.509,1206.881,1208.827,1211.381,1214.057,1217.341,1220.016,1221.354,1226.219,1229.625,1235.219,1238.868,1243.49,1247.382,1249.571,1255.409,1259.301,1266.111,1269.517,1276.328,1281.679,1284.598,1290.436,1296.274,1303.085,1311.355,1208.409,1208.812,1209.032,1209.359,1210.013,1210.743,1210.986,1211.898,1213.327,1214.422,1216.064,1217.462,1219.287,1220.077,1223.057,1223.787,1227.314,1229.625,1234.246,1237.895,1240.327,1245.679,1251.517,1255.652,1261.003,1264.409,1268.544,1272.436,1276.814,1284.112,1289.463,1296.274,1306.004,1317.68,1323.031,1326.923,1223.901,1224.288,1224.334,1224.661,1225.155,1225.406,1225.991,1226.675,1227.466,1228.53,1229.989,1230.962,1233.03,1234.55,1236.253,1238.625,1241.422,1243.976,1249.328,1253.949,1258.084,1261.247,1265.868,1265.868,1266.355,1270.733,1273.166,1279.247,1285.571,1290.923,1293.355,1300.652,1306.49,1315.734,1326.437,1333.248,1341.518,1239.392,1239.658,1239.947,1240.419,1240.799,1241.057,1241.665,1242.243,1242.897,1244.463,1246.165,1248.354,1250.665,1252.672,1255.53,1258.814,1261.49,1264.895,1265.747,1267.206,1272.436,1275.598,1280.22,1288.004,1292.139,1299.193,1305.031,1311.355,1318.653,1326.437,1333.248,1336.167,1342.977,1349.788,1355.14,1361.951,1255.264,1255.918,1256.45,1257.339,1258.191,1258.905,1260.03,1261.307,1263.922,1266.537,1268.848,1271.098,1272.922,1277.058,1279.125,1281.801,1284.598,1288.004,1289.706,1293.355,1299.923,1307.707,1315.247,1322.058,1329.356,1332.761,1337.626,1343.95,1349.788,1360.491,1366.329,1379.464,1272.816,1273.371,1000,1000,1000,1000,1000,1077.839,1079.785,1080.15,1079.298,1078.204,1077.474,1077.839,1080.15,1080.515,1081.731,1000,1080.15,1077.474,1077.839,1079.785,1080.15,1080.515,1081.366,1082.582,1080.515,1081.366,1081.001,1081.366,1079.785,1081.366,1082.217,1083.92,1084.771,1090.001,1095.839,1000,1000,1000,1000,1304.605,1307.099,1309.896,1312.815,1314.882,1321.085,1329.842,1335.68,1340.058,1343.95,1345.896,1349.545,1355.14,1362.924,1366.329,1378.978,1384.816,1395.519,1405.735,1309.599,1309.827,1310.344,1311.203,1312.298,1313.849,1316.585,1319.687,1323.031,1334.95,1000,1153.124,1158.84,1159.205,1000,1360.734,1358.059,1356.356,1358.788,1365.599,1369.248,1371.194,1375.086,1382.383,1394.059,1407.194,1411.086,1000,1000,1000,1191.678,1193.138,1204.327,1207.732,1234.976,1000,1000,1000,1000,1000,1000,1360.978,1366.816,1359.518,1356.234,1000,1000,1000,1432.492,1443.681,1442.708,1444.654,1000,1000,1000,1145.735,1144.549,1000,1000,1000,1379.951,1381.41,1379.464,1382.87,1386.518,1392.356,1395.275,1404.275,1414.492,1426.168,1432.492,1446.114,1457.79,1471.898,1369.886,1370.381,1371.103,1372.38,1372.866,1376.545,1378.735,1381.045,1385.302,1391.14,1395.275,1401.356,1406.708,1409.384,1417.167,1419.843,1428.6,1437.843,1453.411,1467.52,1488.439,1391.254,1392.014,1393.451,1393.557,1396.583,1399.897,1404.154,1408.776,1419.843,1000,1000,1000,1000,1000,1000,1000,1000,1000,1000,1000,1000,1000,1000,1000,1000,1000,1000,1000,1000,1000,1000,1000,1000,1000,1000,1000,1000,1000,1000,1000,1000,1000,1000,1000,1000,1000,1000,1000,1000,1000,1000,1000,1000,1000,1000,1000,1000,1000,1000,1000,1000,1000,1000,1000,1000,1000,1000,1000,1000,1000,1000,1000,1000,1000,1000,1000,1000,1000,1000,1000,1000,1000,1000,1000,1000,1000,1000,1000,1000,1000,1000,1000,1000,1000,1000,1000,1000,1000,1000,1000,1000,1000,1000,1000,1000,1000,1000,1000,1000,1000,1000,1000,1000,1000,1000,1000,1000,1000,1000,1000,1000,1000,1000,1000,1000,1000,1000,1000,1000,1000,1000,1000,1000,1423.735,1413.032,1402.329,1394.424,1388.464,1000,1377.153,1000,1000,1370.799,1000,1467.033,1446.114,1429.573,1418.384,1408.654,1398.438,1390.41,1382.87,1376.302,1369.005,1363.288,1359.518,1355.535,1353.163,1351.894,1350.868,1451.465,1439.303,1422.762,1399.897,1398.438,1000,1000,1000,1000,1000,1000,1503.033,1494.277,1482.114,1472.141,1469.465,1465.573,1455.722,1448.607,1443.499,1000,1436.772,1436.316,1000,1000,1000,1000,1000,1000,1000,1000,1000,1000,1000,1000,1000,1000,1000,1000,1000,1000,1000,1000,1000,1000,1000,1000,1000,1000,1000,1000,1000,1000,1000,1000,1000,1000,1000,1000,1000,1000,1000,1000,1000,1000,1000,1000,1000,1000,1000,1000,1000,1000,1000,1000,1000,1000
1000,1000,1000,1000,1000,1000,1000,1000,1000,1000,1000,1000,1000,1000,1000,1000,1000,1000,1000,1000,1000,1000,1000,1000,1000,1000,1000,1000,1000,1000,1000,1000,1000,1000,1000,1000,1000,1000,1000,1000,1000,1000,1000,1000,1000,1191.496,1194.84,1197.03,1200.435,1204.084,1207.246,1211.138,1215.273,1218.192,1223.3,1228.408,1232.3,1236.679,1242.273,1246.165,1252.49,1257.355,1262.706,1268.057,1277.787,1283.625,1289.463,1297.734,1302.599,1192.765,1193.069,1193.404,1193.936,1194.856,1195.661,1196.786,1197.911,1199.219,1200.496,1201.408,1202.624,1203.962,1206.273,1208.462,1212.476,1214.422,1217.705,1220.868,1223.787,1226.219,1231.814,1235.219,1240.084,1241.3,1248.111,1250.301,1254.436,1259.787,1268.057,1270.976,1278.274,1282.652,1286.544,1290.436,1298.22,1303.085,1308.436,1208.333,1208.599,1208.865,1209.283,1209.747,1210.317,1211.107,1212.05,1213.661,1215.212,1217.705,1217.949,1220.928,1221.537,1223.422,1225.125,1228.043,1230.841,1232.057,1236.435,1239.841,1245.192,1249.084,1253.949,1258.328,1262.22,1267.084,1270.003,1276.328,1283.625,1287.517,1294.815,1300.166,1310.869,1316.707,1325.95,1332.761,1224.091,1224.205,1224.6,1224.927,1225.406,1225.885,1226.432,1227.192,1228.53,1229.777,1231.631,1233.516,1234.854,1236.253,1238.625,1241.057,1243.246,1249.328,1253.463,1255.409,1259.057,1262.949,1264.652,1266.355,1270.733,1273.895,1277.787,1282.652,1289.463,1293.355,1298.22,1303.085,1311.842,1319.626,1325.464,1335.193,1343.464,1239.468,1239.734,1240.168,1240.495,1240.882,1241.255,1242.121,1242.897,1244.615,1245.557,1247.868,1249.875,1251.821,1254.557,1257.355,1260.274,1261.976,1264.895,1267.571,1270.976,1275.112,1279.004,1285.571,1291.409,1297.734,1303.571,1308.923,1316.22,1324.977,1331.302,1335.193,1343.95,1353.194,1357.086,1363.896,1255.302,1255.918,1256.366,1256.716,1257.568,1258.328,1259.513,1260.547,1263.436,1265.199,1267.389,1268.848,1270.49,1273.287,1275.112,1277.544,1280.463,1285.571,1288.004,1292.382,1299.193,1305.761,1310.382,1316.707,1323.031,1325.95,1332.761,1340.545,1349.788,1359.518,1367.788,1272.474,1272.816,1273.371,1274.427,1275.841,1000,1000,1000,1000,1000,1079.785,1079.785,1079.298,1078.204,1079.785,1000,1081.366,1082.582,1081.731,1079.785,1078.204,1078.204,1079.298,1079.298,1081.731,1082.582,1083.92,1081.731,1082.217,1081.731,1082.582,1081.731,1085.258,1087.082,1088.055,1088.542,1096.326,1000,1000,1000,1000,1302.659,1304.909,1306.734,1308.436,1312.45,1313.666,1319.261,1328.869,1334.464,1339.329,1344.68,1346.626,1351.734,1356.599,1364.87,1367.788,1379.951,1384.816,1396.492,1405.735,1309.485,1309.789,1310.162,1310.854,1312.055,1313.849,1317.254,1319.93,1323.639,1335.802,1000,1153.124,1157.016,1158.11,1154.948,1000,1356.842,1355.14,1358.788,1365.599,1370.707,1372.653,1376.059,1382.87,1392.113,1403.302,1402.329,1399.411,1000,1000,1200.435,1195.084,1200.435,1203.84,1226.219,1000,1000,1000,1000,1000,1000,1000,1369.734,1365.113,1360.491,1000,1000,1000,1000,1442.708,1442.708,1442.708,1000,1000,1000,1000,1000,1000,1000,1000,1376.302,1375.816,1377.153,1380.924,1388.221,1394.059,1397.221,1404.275,1413.519,1420.816,1425.681,1441.249,1458.763,1474.817,1370.039,1370.73,1371.262,1372.152,1372.501,1374.843,1377.153,1379.708,1383.356,1390.289,1394.789,1402.816,1408.167,1415.951,1425.195,1430.06,1436.87,1446.6,1456.33,1470.438,1486.493,1494.277,1391.786,1000,1000,1000,1000,1000,1000,1000,1000,1000,1000,1000,1000,1000,1000,1000,1000,1000,1000,1000,1000,1000,1000,1000,1000,1000,1000,1000,1000,1000,1000,1000,1000,1000,1000,1000,1000,1000,1000,1000,1000,1000,1000,1000,1000,1000,1000,1000,1000,1000,1000,1000,1000,1000,1000,1000,1000,1000,1000,1000,1000,1000,1000,1000,1000,1000,1000,1000,1000,1000,1000,1000,1000,1000,1000,1000,1000,1000,1000,1000,1000,1000,1000,1000,1000,1000,1000,1000,1000,1000,1000,1000,1000,1000,1000,1000,1000,1000,1000,1000,1000,1000,1000,1000,1000,1000,1000,1000,1000,1000,1000,1000,1000,1000,1000,1000,1000,1000,1000,1000,1000,1000,1000,1000,1000,1000,1000,1000,1000,1000,1000,1000,1000,1000,1000,1000,1000,1000,1000,1000,1000,1000,1000,1000,1447.087,1429.573,1417.411,1405.735,1395.275,1388.708,1383.843,1378.978,1371.194,1365.478,1360.005,1355.717,1352.586,1351.559,1350.579,1440.276,1426.654,1416.924,1390.654,1387.735,1000,1000,1000,1000,1000,1000,1498.655,1488.682,1475.547,1000,1468.006,1000,1453.898,1448.06,1442.891,1000,1000,1000,1000,1000,1000,1000,1000,1000,1000,1000,1000,1000,1000,1000,1000,1000,1000,1000,1000,1000,1000,1000,1000,1000,1000,1000,1000,1000,1000,1000,1000,1000,1000,1000,1000,1000,1000,1000,1000,1000,1000,1000,1000,1000,1000,1000,1000,1000,1000,1000,1000,1000,1000,1000,1000,1000
1000,1000,1000,1000,1000,1000,1000,1000,1000,1000,1000,1000,1000,1000,1000,1000,1000,1000,1000,1000,1000,1000,1000,1000,1000,1000,1000,1000,1000,1000,1000,1000,1000,1000,1000,1000,1000,1000,1000,1000,1000,1000,1000,1000,1000,1191.496,1194.232,1195.57,1198.489,1201.651,1205.422,1208.705,1214.3,1217.462,1224.03,1227.192,1231.814,1234.49,1238.868,1243.246,1249.571,1255.895,1261.247,1267.084,1275.841,1282.652,1288.49,1295.788,1302.599,1192.689,1192.955,1193.153,1193.586,1194.179,1195.175,1196.057,1197.394,1198.854,1200.07,1201.651,1203.172,1204.266,1205.665,1207.489,1210.286,1212.111,1216.489,1219.53,1223.3,1225.733,1228.895,1232.787,1236.435,1240.814,1245.922,1249.571,1254.436,1258.328,1267.084,1268.544,1275.355,1281.679,1286.544,1290.436,1297.247,1303.085,1309.409,1208.257,1208.523,1208.766,1209.093,1209.427,1210.013,1210.986,1212.506,1213.661,1214.786,1217.705,1218.192,1221.233,1221.537,1223.422,1225.489,1228.773,1232.057,1234.246,1237.408,1242.517,1246.165,1249.084,1252.49,1255.652,1259.057,1263.679,1268.057,1275.355,1280.22,1286.058,1291.896,1296.274,1306.004,1311.842,1321.085,1329.842,1223.939,1224.015,1224.433,1224.661,1225.315,1225.885,1226.432,1227.192,1228.53,1229.594,1231.631,1233.516,1234.064,1235.645,1237.408,1239.963,1241.787,1246.773,1248.841,1253.463,1255.895,1259.544,1262.949,1266.355,1269.517,1273.895,1278.517,1282.166,1288.004,1290.923,1295.788,1299.68,1306.004,1312.815,1320.599,1328.383,1337.626,1347.356,1239.582,1239.947,1240.229,1240.639,1241.057,1241.878,1242.623,1244.979,1245.74,1247.868,1250.118,1252.672,1253.584,1256.99,1258.814,1261.49,1264.895,1266.72,1269.517,1273.652,1277.301,1283.139,1289.463,1296.274,1301.139,1307.95,1313.788,1322.058,1329.356,1335.193,1343.95,1353.194,1358.059,1254.922,1255.264,1255.568,1256.062,1256.45,1257.233,1258.191,1259.666,1260.365,1263.01,1265.199,1266.537,1268.848,1270.733,1272.922,1275.476,1276.693,1279.977,1286.058,1289.22,1292.382,1299.193,1305.031,1307.707,1312.572,1321.572,1324.491,1331.788,1339.572,1348.815,1355.626,1365.356,1379.464,1272.74,1273.31,1274.055,1274.96,1000,1000,1000,1000,1000,1000,1000,1000,1000,1000,1000,1081.731,1083.069,1082.582,1079.785,1078.204,1079.785,1080.515,1081.001,1083.92,1084.771,1083.433,1082.582,1083.069,1083.069,1083.92,1084.771,1089.515,1091.947,1094.623,1000,1000,1000,1000,1000,1000,1301.625,1303.754,1305.822,1308.436,1312.085,1315.247,1320.112,1329.356,1336.167,1340.058,1345.896,1350.761,1356.113,1359.032,1371.194,1374.599,1382.87,1387.735,1397.465,1405.735,1309.409,1309.599,1310.056,1310.694,1311.614,1313.24,1316.828,1318.896,1323.031,1336.288,1000,1152.82,1155.678,1157.38,1154.34,1000,1357.572,1355.626,1358.059,1362.194,1366.329,1367.788,1372.167,1382.87,1396.005,1407.194,1405.248,1401.356,1000,1000,1203.84,1199.462,1206.273,1209.678,1000,1000,1000,1000,1000,1000,1000,1366.329,1370.951,1364.626,1359.518,1000,1000,1000,1000,1446.6,1444.654,1445.627,1000,1000,1000,1147.286,1144.549,1000,1000,1000,1380.437,1378.491,1378.126,1382.383,1388.708,1395.275,1397.221,1406.465,1415.951,1420.816,1429.573,1447.087,1465.087,1369.81,1370.115,1370.799,1371.437,1372.501,1372.623,1374.478,1376.12,1378.978,1381.593,1390.654,1396.613,1405.492,1410.6,1422.519,1432.979,1440.276,1443.195,1450.006,1460.709,1477.249,1491.358,1000,1000,1000,1000,1000,1000,1000,1000,1000,1000,1000,1000,1000,1000,1000,1000,1000,1000,1000,1000,1000,1000,1000,1000,1000,1000,1000,1000,1000,1000,1000,1000,1000,1000,1000,1000,1000,1000,1000,1000,1000,1000,1000,1000,1000,1000,1000,1000,1000,1000,1000,1000,1000,1000,1000,1000,1000,1000,1000,1000,1000,1000,1000,1000,1000,1000,1000,1000,1000,1000,1000,1000,1000,1000,1000,1000,1000,1000,1000,1000,1000,1000,1000,1000,1000,1000,1000,1000,1000,1000,1000,1000,1000,1000,1000,1000,1000,1000,1000,1000,1000,1000,1000,1000,1000,1000,1000,1000,1000,1000,1000,1000,1000,1000,1000,1000,1000,1000,1000,1000,1000,1000,1000,1000,1000,1000,1000,1000,1000,1000,1000,1000,1000,1000,1000,1000,1000,1000,1000,1000,1000,1000,1000,1000,1000,1000,1000,1000,1000,1000,1000,1000,1000,1374.478,1370.464,1362.741,1357.268,1353.163,1351.803,1350.655,1439.303,1423.735,1417.897,1391.627,1387.248,1385.059,1000,1000,1000,1000,1000,1000,1491.358,1000,1000,1469.465,1000,1451.708,1446.418,1440.823,1000,1000,1000,1000,1000,1000,1000,1000,1000,1000,1000,1000,1000,1000,1000,1000,1000,1000,1000,1000,1000,1000,1000,1000,1000,1000,1000,1000,1000,1000,1000,1000,1000,1000,1000,1000,1000,1000,1000,1000,1000,1000,1000,1000,1000,1000,1000,1000,1000,1000,1000,1000,1000,1000,1000,1000,1000
1000,1000,1000,1000,1000,1000,1000,1000,1000,1000,1000,1000,1000,1000,1000,1000,1000,1000,1000,1000,1000,1000,1000,1000,1000,1000,1000,1000,1000,1000,1000,1000,1000,1000,1000,1000,1000,1000,1000,1000,1000,1000,1000,1000,1000,1000,1192.347,1194.597,1197.394,1199.584,1203.232,1206.881,1211.624,1218.192,1224.03,1227.679,1231.814,1235.949,1237.408,1243.246,1251.03,1254.922,1261.247,1268.057,1274.868,1279.733,1287.517,1294.815,1300.652,1192.651,1192.917,1193.069,1193.525,1194.27,1194.856,1195.54,1196.482,1197.759,1198.854,1200.253,1202.381,1203.962,1205.969,1207.854,1210.651,1212.476,1216.003,1218.678,1223.3,1225.246,1230.598,1231.814,1237.652,1240.814,1245.436,1249.571,1254.436,1260.76,1265.625,1269.517,1272.922,1279.733,1285.571,1290.436,1298.22,1305.517,1310.382,1208.257,1208.561,1208.766,1209.093,1209.427,1209.922,1210.743,1212.05,1213.145,1214.786,1216.976,1218.739,1220.077,1221.537,1223.787,1225.489,1227.679,1230.354,1232.908,1236.435,1238.381,1243.49,1246.165,1249.084,1252.49,1255.165,1259.544,1265.868,1271.463,1280.22,1286.058,1291.896,1295.301,1305.031,1309.896,1316.707,1321.085,1332.761,1223.901,1224.334,1224.661,1225.489,1225.581,1226.098,1226.797,1228.378,1228.712,1230.78,1232.543,1233.273,1235.402,1237.104,1239.963,1243.246,1247.138,1249.328,1252.003,1253.949,1258.571,1260.76,1264.652,1267.084,1273.895,1277.787,1281.436,1287.031,1291.896,1294.815,1299.68,1306.49,1312.815,1318.653,1327.41,1335.193,1345.41,1239.43,1239.902,1240.107,1240.639,1241.148,1242.486,1243.034,1244.979,1245.557,1247.868,1248.841,1250.665,1252.064,1254.557,1256.99,1259.909,1264.409,1266.233,1270.976,1272.922,1275.112,1280.22,1286.787,1295.544,1301.139,1306.49,1311.355,1317.68,1323.031,1331.302,1342.004,1349.788,1357.086,1363.896,1255.112,1255.34,1255.796,1256.207,1257.02,1257.932,1259.361,1259.848,1262.098,1264.409,1265.99,1267.632,1269.517,1271.463,1273.287,1274.382,1277.544,1284.112,1286.544,1289.706,1296.274,1301.139,1305.031,1310.382,1317.68,1324.491,1333.248,1340.545,1349.788,1357.572,1363.41,1372.653,1272.55,1273.029,1273.576,1274.139,1275.203,1276.875,1000,1000,1000,1000,1240.814,1245.679,1000,1000,1000,1000,1000,1000,1081.366,1079.785,1083.92,1084.771,1084.771,1086.231,1088.542,1085.258,1085.258,1086.231,1087.082,1087.082,1090.974,1098.028,1000,1000,1000,1172.705,1000,1000,1297.004,1298.098,1300.652,1302.659,1304.605,1308.436,1312.085,1315.247,1319.261,1327.166,1332.761,1337.626,1343.95,1350.275,1356.599,1360.005,1374.113,1378.491,1383.843,1388.708,1399.411,1405.735,1416.438,1309.599,1310.002,1310.694,1311.507,1312.42,1315.795,1317.923,1322.423,1336.288,1000,1154.948,1157.016,1158.11,1155.921,1000,1358.059,1356.356,1356.842,1358.788,1362.68,1364.87,1369.248,1382.383,1398.438,1406.221,1406.221,1396.492,1000,1000,1199.462,1193.138,1198.003,1201.408,1000,1000,1000,1000,1000,1000,1000,1000,1369.734,1365.113,1359.518,1000,1000,1000,1427.627,1442.708,1439.303,1439.303,1000,1000,1000,1146.313,1144.549,1143.941,1000,1000,1000,1375.329,1374.964,1380.924,1388.221,1395.275,1399.654,1408.654,1418.384,1421.303,1431.519,1447.087,1461.682,1469.952,1369.772,1370.327,1370.73,1371.354,1371.832,1373.14,1374.995,1377.579,1381.045,1390.289,1395.762,1406.708,1414.735,1425.195,1429.573,1440.276,1000,1000,1000,1000,1000,1000,1000,1000,1000,1000,1000,1000,1000,1000,1000,1000,1000,1000,1000,1000,1000,1000,1000,1000,1000,1000,1000,1000,1000,1000,1000,1000,1000,1000,1000,1000,1000,1000,1000,1000,1000,1000,1000,1000,1000,1000,1000,1000,1000,1000,1000,1000,1000,1000,1000,1000,1000,1000,1000,1000,1000,1000,1000,1000,1000,1000,1000,1000,1000,1000,1000,1000,1000,1000,1000,1000,1000,1000,1000,1000,1000,1000,1000,1000,1000,1000,1000,1000,1000,1000,1000,1000,1000,1000,1000,1000,1000,1000,1000,1000,1000,1000,1000,1000,1000,1000,1000,1000,1000,1000,1000,1000,1000,1000,1000,1000,1000,1000,1000,1000,1000,1000,1000,1000,1000,1000,1000,1000,1000,1000,1000,1000,1000,1000,1000,1000,1000,1000,1000,1000,1000,1000,1000,1000,1000,1000,1000,1000,1000,1000,1000,1000,1000,1000,1000,1000,1000,1000,1000,1000,1000,1000,1355.535,1353.68,1351.803,1350.503,1432.492,1429.573,1397.465,1394.546,1390.654,1000,1000,1000,1000,1000,1000,1489.168,1000,1000,1468.492,1000,1000,1446.661,1440.641,1000,1000,1000,1000,1000,1000,1000,1000,1000,1000,1000,1000,1000,1000,1000,1000,1000,1000,1000,1000,1000,1000,1000,1000,1000,1000,1000,1000,1000,1000,1000,1000,1000,1000,1000,1000,1000,1000,1000,1000,1000,1000,1000,1000,1000,1000,1000,1000,1000,1000,1000,1000,1000,1000,1000,1000,1000
1000,1000,1000,1000,1000,1000,1000,1000,1000,1000,1000,1000,1000,1000,1000,1000,1000,1000,1000,1000,1000,1000,1000,1000,1000,1000,1000,1000,1000,1000,1000,1000,1000,1000,1000,1000,1000,1000,1000,1000,1000,1000,1000,1000,1000,1000,1000,1194.232,1196.3,1198.124,1202.867,1205.422,1210.165,1218.192,1224.03,1225.976,1231.814,1235.219,1237.408,1243.246,1250.057,1254.922,1261.733,1267.084,1271.949,1277.787,1285.571,1292.869,1298.707,1303.571,1192.917,1192.993,1193.297,1193.86,1194.749,1195.296,1196.33,1197.911,1198.854,1200.253,1201.651,1204.813,1205.665,1206.881,1209.922,1212.841,1216.003,1219.53,1224.273,1225.733,1228.408,1230.111,1234.003,1236.922,1242.76,1247.382,1251.517,1257.355,1265.625,1268.057,1273.895,1281.679,1286.544,1291.409,1298.22,1304.058,1309.409,1208.257,1208.485,1208.637,1209.032,1209.504,1210.21,1211.229,1212.506,1213.661,1214.604,1217.219,1216.976,1219.53,1220.381,1222.145,1224.395,1226.949,1230.841,1233.76,1236.922,1239.354,1243.003,1246.165,1248.354,1250.787,1253.219,1257.598,1262.22,1266.598,1273.895,1281.193,1287.517,1292.869,1301.139,1307.95,1314.761,1323.031,1330.815,1223.901,1224.205,1224.486,1225.071,1225.315,1226.432,1226.918,1228.53,1229.777,1230.962,1232.543,1233.516,1235.402,1237.713,1239.963,1242.152,1246.773,1247.99,1251.152,1252.976,1257.355,1260.03,1263.436,1265.139,1271.22,1275.841,1279.977,1285.085,1289.463,1293.355,1299.68,1307.463,1313.788,1322.545,1326.437,1335.193,1343.464,1348.329,1239.582,1239.947,1240.419,1241.255,1242.243,1243.034,1244.979,1245.74,1246.773,1248.841,1250.422,1251.517,1254.557,1257.719,1260.76,1264.895,1265.747,1269.517,1271.463,1274.625,1278.517,1288.733,1294.815,1300.652,1304.058,1308.923,1312.328,1317.68,1324.977,1336.167,1342.004,1352.221,1361.951,1254.998,1255.264,1255.857,1256.207,1256.823,1257.689,1258.753,1259.513,1261.307,1263.436,1265.686,1266.78,1267.936,1269.76,1271.098,1273.287,1278.274,1285.571,1288.004,1292.869,1297.004,1300.652,1302.355,1308.193,1314.761,1322.058,1332.761,1337.626,1346.869,1355.626,1362.437,1370.707,1272.512,1273.029,1273.645,1274.23,1274.96,1276.115,1000,1000,1000,1000,1000,1000,1000,1000,1000,1000,1000,1000,1000,1081.001,1084.771,1086.231,1085.744,1087.569,1000,1087.082,1087.082,1088.542,1000,1000,1000,1000,1000,1000,1000,1000,1293.598,1294.906,1296.821,1297.886,1300.166,1302.416,1304.605,1306.734,1311.355,1314.031,1316.585,1323.031,1330.328,1333.248,1341.275,1347.356,1354.653,1358.545,1372.167,1378.491,1383.843,1390.654,1401.356,1407.681,1309.561,1309.751,1310.056,1310.694,1311.507,1312.055,1315.034,1317.497,1322.423,1000,1000,1155.313,1157.016,1158.475,1155.313,1000,1354.41,1353.194,1354.41,1356.842,1358.059,1363.41,1369.248,1384.816,1397.465,1405.248,1397.465,1386.275,1000,1231.084,1196.543,1191.678,1194.111,1199.462,1000,1000,1000,1000,1000,1000,1000,1000,1365.113,1361.951,1000,1000,1000,1000,1428.6,1442.708,1436.384,1431.519,1000,1000,1000,1148.198,1144.701,1144.701,1000,1000,1379.464,1373.626,1374.113,1378.126,1385.059,1391.627,1397.708,1406.465,1414.978,1419.843,1428.6,1443.195,1453.898,1465.087,1469.952,1370.282,1370.548,1370.875,1371.262,1372.258,1373.87,1376.545,1000,1388.829,1395.275,1405.005,1000,1000,1000,1000,1000,1000,1000,1000,1000,1000,1000,1000,1000,1000,1000,1000,1000,1000,1000,1000,1000,1000,1000,1000,1000,1000,1000,1000,1000,1000,1000,1000,1000,1000,1000,1000,1000,1000,1000,1000,1000,1000,1000,1000,1000,1000,1000,1000,1000,1000,1000,1000,1000,1000,1000,1000,1000,1000,1000,1000,1000,1000,1000,1000,1000,1000,1000,1000,1000,1000,1000,1000,1000,1000,1000,1000,1000,1000,1000,1000,1000,1000,1000,1000,1000,1000,1000,1000,1000,1000,1000,1000,1000,1000,1000,1000,1000,1000,1000,1000,1000,1000,1000,1000,1000,1000,1000,1000,1000,1000,1000,1000,1000,1000,1000,1000,1000,1000,1000,1000,1000,1000,1000,1000,1000,1000,1000,1000,1000,1000,1000,1000,1000,1000,1000,1000,1000,1000,1000,1000,1000,1000,1000,1000,1000,1000,1000,1588.17,1581.359,1558.494,1542.683,1000,1000,1000,1000,1000,1000,1000,1000,1000,1000,1000,1000,1000,1000,1000,1000,1000,1000,1000,1000,1450.492,1416.924,1409.14,1000,1000,1000,1000,1000,1000,1000,1485.276,1000,1000,1466.547,1000,1000,1000,1000,1000,1000,1000,1000,1000,1000,1000,1000,1000,1000,1000,1000,1000,1000,1000,1000,1000,1000,1000,1000,1000,1000,1000,1000,1000,1000,1000,1000,1000,1000,1000,1000,1000,1000,1000,1000,1000,1000,1000,1000,1000,1000,1000,1000,1000,1000,1000,1000,1000,1000,1000,1000,1000,1000,1000,1000,1000
1000,1000,1000,1000,1000,1000,1000,1000,1000,1000,1000,1000,1000,1000,1000,1000,1000,1000,1000,1000,1000,1000,1000,1000,1000,1000,1000,1000,1000,1000,1000,1000,1000,1000,1000,1000,1000,1000,1000,1000,1000,1000,1000,1000,1000,1000,1000,1195.57,1197.759,1199.948,1202.867,1204.57,1209.678,1216.976,1221.111,1224.03,1230.354,1232.3,1235.949,1242.273,1250.057,1254.436,1264.652,1269.031,1271.949,1278.76,1285.571,1291.896,1298.707,1192.689,1192.917,1193.069,1193.297,1193.86,1194.445,1195.296,1195.92,1197.394,1197.759,1199.827,1200.922,1203.962,1205.665,1206.577,1209.557,1213.205,1215.638,1218.192,1223.3,1224.273,1226.219,1228.408,1232.787,1235.219,1240.814,1247.382,1251.517,1258.328,1263.679,1269.517,1272.922,1282.652,1285.571,1292.382,1298.22,1305.517,1307.463,1315.247,1208.409,1208.561,1208.865,1209.359,1209.922,1210.864,1212.05,1212.81,1214.786,1216.976,1217.219,1218.983,1220.685,1222.814,1224.76,1226.949,1229.625,1232.422,1235.098,1237.408,1240.814,1243.976,1247.382,1249.571,1251.517,1254.436,1259.057,1265.139,1270.976,1277.787,1285.085,1292.869,1299.193,1306.004,1311.842,1321.085,1326.923,1332.761,1224.167,1224.38,1224.927,1225.231,1226.31,1226.432,1228.378,1228.895,1230.962,1232.3,1233.273,1235.645,1237.408,1238.99,1241.422,1244.706,1246.773,1249.814,1250.665,1254.922,1258.571,1261.247,1263.436,1271.949,1276.571,1278.517,1282.652,1286.544,1291.896,1296.76,1306.004,1314.761,1324.491,1326.437,1334.22,1340.545,1345.41,1239.354,1239.697,1240.35,1240.799,1241.878,1242.897,1244.979,1245.557,1246.956,1249.084,1250.665,1252.064,1254.922,1258.814,1261.49,1265.747,1266.233,1270.976,1273.652,1277.787,1282.652,1294.085,1297.004,1301.139,1302.599,1306.49,1307.95,1314.761,1324.004,1335.193,1342.004,1353.194,1362.924,1255.036,1255.188,1255.796,1256.062,1256.541,1257.233,1258.601,1259.057,1260.912,1263.01,1264.895,1266.537,1267.389,1268.544,1270.733,1274.017,1277.909,1286.058,1289.706,1294.085,1297.49,1301.139,1302.355,1306.977,1313.301,1322.058,1330.328,1337.626,1346.869,1352.707,1359.518,1369.734,1379.464,1272.983,1273.432,1273.964,1274.534,1275.568,1276.115,1277.544,1279.247,1000,1000,1000,1000,1000,1000,1000,1000,1000,1000,1000,1000,1000,1000,1000,1000,1000,1000,1000,1000,1000,1160.786,1000,1000,1000,1292.489,1292.891,1293.515,1294.784,1296.639,1297.703,1299.984,1302.173,1304.605,1305.822,1309.896,1313.301,1316.585,1322.058,1328.869,1332.761,1339.329,1345.896,1353.68,1356.599,1369.734,1376.545,1382.87,1390.654,1399.411,1409.627,1309.523,1309.637,1310.002,1310.405,1311.028,1311.72,1313.849,1315.977,1320.477,1000,1000,1153.428,1154.34,1156.651,1153.428,1000,1000,1355.626,1353.68,1356.842,1356.842,1363.41,1369.248,1386.275,1397.465,1405.248,1398.438,1386.275,1000,1234.976,1196.543,1191.192,1183.894,1000,1000,1000,1000,1224.76,1000,1000,1000,1359.032,1368.518,1364.14,1357.572,1000,1369.734,1000,1411.086,1429.573,1422.762,1000,1000,1000,1000,1147.529,1144.397,1144.245,1000,1000,1381.41,1374.113,1374.964,1378.978,1386.032,1391.14,1396.492,1406.465,1412.059,1418.384,1425.681,1439.303,1448.06,1460.709,1461.682,1370.115,1370.282,1370.609,1370.875,1371.635,1371.832,1375.177,1000,1000,1000,1000,1000,1000,1000,1000,1000,1000,1000,1000,1000,1000,1000,1000,1000,1000,1000,1000,1000,1000,1000,1000,1000,1000,1000,1000,1000,1000,1000,1000,1000,1000,1000,1000,1000,1000,1000,1000,1000,1000,1000,1000,1000,1000,1000,1000,1000,1000,1000,1000,1000,1000,1000,1000,1000,1000,1000,1000,1000,1000,1000,1000,1000,1000,1000,1000,1000,1000,1000,1000,1000,1000,1000,1000,1000,1000,1000,1000,1000,1000,1000,1000,1000,1000,1000,1000,1000,1000,1000,1000,1000,1000,1000,1000,1000,1000,1000,1000,1000,1000,1000,1000,1000,1000,1000,1000,1000,1000,1000,1000,1000,1000,1000,1000,1000,1000,1000,1000,1000,1000,1000,1000,1000,1000,1000,1000,1000,1000,1000,1000,1000,1000,1000,1000,1000,1000,1000,1000,1000,1000,1000,1000,1000,1000,1000,1000,1000,1000,1000,1000,1000,1000,1000,1000,1000,1000,1000,1000,1000,1000,1000,1000,1000,1000,1000,1000,1000,1000,1000,1000,1000,1000,1000,1000,1000,1000,1000,1000,1000,1000,1000,1000,1000,1000,1000,1000,1000,1000,1000,1000,1000,1000,1000,1000,1000,1000,1000,1000,1000,1000,1000,1000,1000,1000,1000,1000,1000,1000,1000,1000,1000,1000,1000,1000,1000,1000,1000,1000,1000,1000,1000,1000,1000,1000,1000,1000,1000,1000,1000,1000,1000,1000,1000,1000,1000,1000,1000,1000,1000,1000,1000,1000,1000,1000,1000,1000,1000,1000
1000,1000,1000,1000,1000,1000,1000,1000,1000,1000,1000,1000,1000,1000,1000,1000,1000,1000,1000,1000,1000,1000,1000,1000,1000,1000,1000,1000,1000,1000,1000,1000,1000,1000,1000,1000,1000,1000,1000,1000,1000,1000,1000,1000,1000,1000,1000,1000,1197.759,1199.584,1203.232,1203.719,1207.246,1213.814,1216.489,1219.165,1227.679,1229.868,1232.3,1239.354,1247.138,1250.057,1260.274,1264.652,1266.111,1272.922,1279.733,1286.544,1293.842,1302.599,1192.841,1192.993,1193.297,1193.936,1194.445,1195.296,1195.92,1197.394,1197.759,1199.827,1200.496,1203.719,1204.813,1205.969,1207.854,1211.746,1214.422,1217.341,1221.841,1223.787,1224.273,1226.949,1231.084,1234.733,1239.598,1245.436,1250.301,1255.895,1263.193,1269.517,1273.895,1282.652,1284.598,1289.463,1297.247,1304.058,1307.463,1316.22,1208.371,1208.523,1208.918,1209.283,1209.838,1210.986,1211.624,1212.81,1213.327,1215.82,1215.82,1217.705,1218.983,1221.233,1223.057,1225.854,1227.679,1230.841,1232.422,1235.098,1238.868,1243.49,1246.165,1250.301,1252.003,1254.436,1256.868,1262.22,1267.084,1276.328,1283.625,1290.436,1297.247,1306.977,1311.842,1321.085,1325.95,1223.825,1224.129,1224.334,1224.661,1225.071,1225.991,1226.204,1227.922,1228.378,1230.354,1230.962,1232.3,1234.55,1236.496,1238.625,1241.422,1245.192,1246.409,1249.814,1250.665,1254.922,1256.382,1259.057,1260.03,1268.057,1275.112,1277.787,1282.652,1285.085,1292.382,1295.788,1306.49,1315.734,1327.41,1329.356,1337.626,1338.599,1343.464,1239.354,1239.697,1239.947,1240.882,1241.559,1242.76,1243.946,1245.344,1246.773,1249.328,1250.969,1253.584,1255.53,1259.179,1262.341,1265.382,1267.206,1270.976,1272.436,1275.598,1281.436,1288.004,1293.355,1297.004,1299.68,1302.112,1306.49,1311.355,1323.031,1333.248,1340.058,1350.761,1360.978,1363.896,1255.036,1255.469,1255.735,1256.131,1256.823,1257.811,1258.905,1260.547,1262.524,1264.652,1267.084,1267.936,1269.152,1272.557,1275.476,1278.274,1285.085,1288.49,1294.085,1297.004,1301.869,1305.031,1310.382,1314.761,1325.464,1334.22,1340.545,1348.815,1354.653,1360.491,1367.788,1378.491,1272.854,1273.188,1273.576,1274.23,1274.853,1275.446,1276.723,1278.243,1279.429,1281.436,1283.2,1284.902,1287.274,1289.706,1292.99,1000,1000,1000,1152.166,1152.926,1152.85,1152.781,1153.314,1153.99,1153.488,1154.553,1156.377,1158.779,1000,1000,1000,1292.01,1292.276,1292.595,1292.77,1293.423,1294.419,1295.727,1297.156,1299.315,1301.625,1304.058,1306.734,1310.261,1313.666,1316.585,1320.599,1327.653,1331.545,1337.626,1344.68,1351.734,1355.14,1366.329,1374.113,1378.978,1386.762,1392.6,1405.735,1415.465,1309.599,1310.002,1310.694,1311.203,1311.827,1313.545,1315.399,1319.687,1000,1000,1154.036,1154.948,1156.286,1153.732,1000,1356.356,1355.14,1355.14,1356.356,1355.626,1359.518,1364.87,1379.951,1396.005,1403.302,1402.329,1000,1000,1234.976,1196.543,1189.732,1183.894,1000,1000,1000,1222.327,1220.381,1000,1000,1000,1000,1369.734,1368.032,1361.951,1370.221,1370.951,1000,1398.438,1413.519,1408.167,1000,1000,1000,1149.84,1148.867,1145.036,1145.036,1000,1000,1383.356,1377.153,1376.302,1381.41,1383.843,1387.248,1391.627,1403.546,1407.194,1416.924,1423.735,1433.952,1438.33,1451.952,1451.952,1471.898,1370.039,1370.327,1000,1000,1000,1000,1000,1000,1000,1000,1000,1000,1000,1000,1000,1000,1000,1000,1000,1000,1000,1000,1000,1000,1000,1000,1000,1000,1000,1000,1000,1000,1000,1000,1000,1000,1000,1000,1000,1000,1000,1000,1000,1000,1000,1000,1000,1000,1000,1000,1000,1000,1000,1000,1000,1000,1000,1000,1000,1000,1000,1000,1000,1000,1000,1000,1000,1000,1000,1000,1000,1000,1000,1000,1000,1000,1000,1000,1000,1000,1000,1000,1000,1000,1000,1000,1000,1000,1000,1000,1000,1000,1000,1000,1000,1000,1000,1000,1000,1000,1000,1000,1000,1000,1000,1000,1000,1000,1000,1000,1000,1000,1000,1000,1000,1000,1000,1000,1000,1000,1000,1000,1000,1000,1000,1000,1000,1000,1000,1000,1000,1000,1000,1000,1000,1000,1000,1000,1000,1000,1000,1000,1000,1000,1000,1000,1000,1000,1000,1000,1000,1000,1000,1000,1000,1000,1000,1000,1000,1000,1000,1000,1000,1000,1000,1000,1000,1000,1489.761,1000,1000,1000,1000,1000,1000,1000,1000,1000,1000,1000,1000,1000,1000,1000,1000,1000,1000,1000,1000,1000,1000,1000,1000,1000,1000,1000,1000,1000,1000,1000,1000,1000,1000,1000,1000,1000,1000,1000,1000,1000,1000,1000,1000,1000,1000,1000,1000,1000,1000,1000,1000,1000,1000,1000,1000,1000,1000,1000,1000,1000,1000,1000,1000,1000,1000,1000,1000,1000,1000,1000,1000,1000,1000,1000,1000,1000,1000,1000,1000,1000,1000,1000,1000,1000,1000,1000
1000,1000,1000,1000,1000,1000,1000,1000,1000,1000,1000,1000,1000,1000,1000,1000,1000,1000,1000,1000,1000,1000,1000,1000,1000,1000,1000,1000,1000,1000,1000,1000,1000,1000,1000,1000,1000,1000,1000,1000,1000,1000,1000,1000,1000,1000,1000,1000,1198.854,1201.651,1203.232,1204.084,1207.246,1213.327,1214.786,1218.678,1227.192,1230.354,1233.03,1241.787,1247.625,1251.03,1259.301,1264.652,1266.111,1272.922,1279.733,1285.571,1291.896,1301.625,1192.765,1192.955,1193.153,1193.715,1194.179,1195.068,1195.418,1196.482,1196.938,1198.459,1199.219,1201.895,1203.415,1204.813,1207.246,1210.651,1213.205,1216.489,1220.868,1222.327,1223.787,1226.219,1230.111,1234.003,1238.868,1244.706,1248.111,1254.436,1261.247,1266.111,1272.922,1280.706,1285.571,1288.49,1296.274,1303.085,1309.409,1314.274,1208.295,1208.523,1208.971,1209.359,1210.013,1210.743,1211.624,1212.81,1213.327,1215.212,1215.82,1217.705,1218.496,1220.381,1222.145,1224.76,1226.949,1229.625,1230.841,1233.273,1236.922,1241.3,1245.679,1249.571,1252.003,1252.49,1257.598,1262.22,1268.544,1277.787,1283.625,1290.923,1296.274,1307.95,1311.842,1321.085,1327.896,1223.863,1224.053,1224.167,1224.539,1224.851,1225.885,1225.991,1227.192,1227.618,1229.229,1229.989,1232.543,1234.854,1237.104,1238.625,1240.692,1243.246,1245.557,1249.328,1251.152,1253.463,1255.409,1257.355,1258.084,1265.868,1271.22,1277.058,1282.166,1286.544,1291.896,1296.76,1306.49,1316.707,1327.41,1332.275,1338.599,1339.572,1346.383,1239.392,1239.658,1240,1240.563,1241.255,1242.486,1243.642,1245.162,1246.165,1247.868,1250.118,1252.672,1254.557,1259.179,1262.341,1264.895,1268.544,1272.436,1275.112,1277.787,1281.922,1288.004,1290.679,1293.355,1297.004,1299.68,1305.031,1313.788,1322.058,1331.302,1341.031,1349.788,1357.086,1363.896,1255.074,1255.515,1255.796,1256.29,1256.716,1257.689,1258.753,1260.365,1262.098,1264.409,1267.084,1267.936,1268.848,1271.828,1275.476,1277.058,1281.801,1285.085,1291.896,1294.571,1299.923,1305.761,1311.112,1314.761,1323.518,1332.761,1340.545,1348.815,1356.599,1361.464,1366.329,1376.545,1272.74,1273.029,1273.371,1274.055,1274.427,1275.203,1276.419,1278.639,1279.247,1281.436,1281.922,1283.747,1285.146,1288.977,1292.625,1298.463,1303.085,1000,1000,1000,1000,1000,1000,1000,1000,1000,1000,1000,1000,1375.086,1389.194,1396.005,1292.162,1292.352,1292.595,1293.34,1294.206,1295.575,1297.521,1299.984,1301.869,1304.058,1306.125,1309.166,1311.72,1313.666,1317.923,1324.004,1327.653,1333.248,1340.058,1346.626,1350.761,1360.491,1370.221,1376.545,1387.735,1392.6,1404.762,1413.519,1309.637,1309.957,1310.778,1311.401,1312.176,1313.24,1315.217,1318.166,1000,1000,1153.732,1156.286,1155.678,1153.124,1000,1000,1352.707,1354.41,1356.356,1358.059,1362.194,1369.248,1382.383,1395.032,1399.411,1403.302,1000,1000,1000,1185.354,1183.894,1180.489,1000,1000,1000,1216.976,1217.949,1000,1000,1000,1000,1371.437,1370.221,1361.464,1000,1000,1000,1000,1000,1000,1000,1000,1000,1149.11,1148.867,1145.036,1145.218,1000,1000,1386.518,1378.126,1376.667,1382.383,1383.843,1385.545,1390.41,1401.6,1405.735,1418.384,1418.87,1426.168,1429.573,1445.141,1442.222,1468.006,1369.849,1000,1000,1000,1000,1000,1000,1000,1000,1000,1000,1000,1000,1000,1000,1000,1000,1000,1000,1000,1000,1000,1000,1000,1000,1000,1000,1000,1000,1000,1000,1000,1000,1000,1000,1000,1000,1000,1000,1000,1000,1000,1000,1000,1000,1000,1000,1000,1000,1000,1000,1000,1000,1000,1000,1000,1000,1000,1000,1000,1000,1000,1000,1000,1000,1000,1000,1000,1000,1000,1000,1000,1000,1000,1000,1000,1000,1000,1000,1000,1000,1000,1000,1000,1000,1000,1000,1000,1000,1000,1000,1000,1000,1000,1000,1000,1000,1000,1000,1000,1000,1000,1000,1000,1000,1000,1000,1000,1000,1000,1000,1000,1000,1000,1000,1000,1000,1000,1000,1000,1000,1000,1000,1000,1000,1000,1000,1000,1000,1000,1000,1000,1000,1000,1000,1000,1000,1000,1000,1000,1000,1000,1000,1000,1000,1000,1000,1000,1000,1000,1000,1000,1000,1000,1000,1000,1000,1000,1000,1000,1000,1000,1000,1000,1000,1000,1000,1000,1000,1000,1000,1000,1000,1000,1000,1000,1000,1000,1000,1000,1000,1000,1000,1000,1000,1000,1000,1000,1000,1000,1000,1000,1000,1000,1453.533,1450.492,1000,1000,1000,1000,1000,1000,1000,1000,1000,1000,1000,1000,1000,1000,1000,1000,1000,1000,1000,1000,1000,1000,1000,1000,1000,1000,1000,1000,1000,1000,1000,1000,1000,1000,1000,1000,1000,1000,1000,1000,1000,1000,1000,1000,1000,1000,1000,1000,1000,1000,1000,1000,1000,1000,1000,1000,1000,1000,1000,1000
1000,1000,1000,1000,1000,1000,1000,1000,1000,1000,1000,1000,1000,1000,1000,1000,1000,1000,1000,1000,1000,1000,1000,1000,1000,1000,1000,1000,1000,1000,1000,1000,1000,1000,1000,1000,1000,1000,1000,1000,1000,1000,1000,1000,1000,1000,1000,1000,1000,1203.232,1205.908,1205.908,1209.678,1214.3,1214.786,1218.192,1225.976,1229.868,1233.03,1240.327,1246.165,1250.057,1256.868,1262.706,1266.111,1274.868,1280.706,1286.544,1293.842,1300.652,1192.689,1192.841,1193.069,1193.525,1193.936,1194.856,1195.661,1196.786,1197.759,1199.462,1200.253,1202.624,1203.962,1205.117,1207.246,1210.286,1212.841,1216.003,1219.53,1220.868,1221.841,1224.273,1227.922,1232.787,1237.652,1243.976,1247.382,1252.49,1259.301,1264.652,1270.976,1277.301,1283.625,1288.49,1295.301,1301.139,1307.463,1310.382,1316.22,1208.447,1208.766,1209.154,1209.838,1211.229,1211.488,1212.81,1213.327,1214.209,1215.03,1216.307,1217.462,1220.077,1221.537,1224.395,1227.679,1229.138,1230.354,1233.76,1236.435,1239.354,1244.463,1249.084,1251.517,1253.219,1256.868,1261.49,1265.868,1273.895,1280.22,1288.49,1293.842,1304.058,1312.815,1321.085,1324.977,1223.787,1224.053,1224.243,1224.539,1225.071,1225.885,1226.432,1227.466,1228.226,1229.412,1229.777,1231.631,1233.76,1235.645,1237.408,1239.598,1242.152,1244.341,1247.99,1249.328,1253.949,1254.922,1256.382,1256.382,1263.922,1271.949,1281.436,1285.085,1288.004,1295.788,1296.76,1306.004,1313.788,1324.491,1327.41,1337.626,1341.518,1345.41,1239.354,1239.697,1240.054,1240.639,1241.255,1242.365,1243.338,1244.615,1245.344,1247.625,1250.118,1252.672,1254.557,1258.814,1262.706,1264.409,1269.517,1272.922,1274.625,1277.787,1283.625,1285.571,1288.004,1290.679,1296.274,1298.22,1304.058,1315.247,1324.977,1331.302,1342.977,1349.788,1357.086,1363.896,1255.188,1255.515,1255.986,1256.29,1256.823,1257.339,1258.601,1260.182,1261.733,1263.679,1266.537,1267.084,1267.936,1271.828,1275.476,1277.544,1282.287,1285.571,1291.166,1295.058,1299.193,1303.571,1309.653,1313.788,1321.572,1330.815,1339.572,1348.815,1355.626,1363.41,1369.734,1378.491,1272.74,1273.029,1273.31,1273.804,1273.964,1274.64,1275.568,1277.362,1278.639,1280.281,1280.95,1282.166,1284.294,1288.612,1294.206,1299.801,1304.544,1307.22,1310.382,1000,1000,1323.274,1330.085,1336.653,1335.68,1340.545,1347.842,1356.113,1362.437,1377.032,1389.194,1395.032,1292.01,1292.276,1292.595,1293.598,1294.663,1296.487,1297.703,1299.984,1301.869,1304.362,1306.125,1309.531,1311.72,1313.666,1316.95,1324.004,1328.869,1334.464,1344.68,1350.275,1353.68,1360.005,1366.329,1373.14,1384.816,1388.708,1404.762,1413.519,1309.523,1309.911,1310.618,1311.112,1312.055,1313.545,1315.034,1318.409,1000,1000,1152.82,1155.678,1154.948,1150.63,1000,1000,1350.761,1355.626,1360.248,1359.518,1363.41,1370.707,1379.951,1391.627,1402.329,1405.248,1000,1000,1000,1183.894,1188.273,1186.083,1000,1000,1000,1000,1234.003,1000,1000,1000,1000,1377.032,1374.599,1000,1000,1000,1000,1000,1000,1000,1000,1000,1000,1147.103,1147.103,1143.12,1144.397,1000,1000,1000,1000,1378.491,1383.356,1384.573,1385.545,1389.924,1403.546,1405.735,1419.843,1414.978,1420.816,1416.924,1000,1000,1000,1000,1000,1000,1000,1000,1000,1000,1000,1000,1000,1000,1000,1000,1000,1000,1000,1000,1000,1000,1000,1000,1000,1000,1000,1000,1000,1000,1000,1000,1000,1000,1000,1000,1000,1000,1000,1000,1000,1000,1000,1000,1000,1000,1000,1000,1000,1000,1000,1000,1000,1000,1000,1000,1000,1000,1000,1000,1000,1000,1000,1000,1000,1000,1000,1000,1000,1000,1000,1000,1000,1000,1000,1000,1000,1000,1000,1000,1000,1000,1000,1000,1000,1000,1000,1000,1000,1000,1000,1000,1000,1000,1000,1000,1000,1000,1000,1000,1000,1000,1000,1000,1000,1000,1000,1000,1000,1000,1000,1000,1000,1000,1000,1000,1000,1000,1000,1000,1000,1000,1000,1000,1000,1000,1000,1000,1000,1000,1000,1000,1000,1000,1000,1000,1000,1000,1000,1000,1000,1000,1000,1000,1000,1000,1000,1000,1000,1000,1000,1000,1000,1000,1000,1000,1000,1000,1000,1000,1000,1000,1000,1000,1000,1000,1000,1000,1000,1000,1000,1000,1000,1000,1000,1000,1000,1000,1000,1000,1000,1000,1000,1000,1000,1000,1000,1000,1000,1000,1000,1000,1000,1000,1000,1000,1000,1000,1000,1000,1000,1000,1000,1000,1000,1000,1000,1000,1000,1000,1000,1000,1000,1000,1000,1000,1000,1000,1000,1000,1000,1000,1000,1000,1000,1000,1000,1000,1000,1000,1000,1000,1000,1000,1000,1000,1000,1000,1000,1000,1000,1000,1000,1000,1000,1000,1000,1000,1000,1000,1000,1000,1000,1000,1000,1000,1000,1000,1000
1000,1000,1000,1000,1000,1000,1000,1000,1000,1000,1000,1000,1000,1000,1000,1000,1000,1000,1000,1000,1000,1000,1000,1000,1000,1000,1000,1000,1000,1000,1000,1000,1000,1000,1000,1000,1000,1000,1000,1000,1000,1000,1000,1000,1000,1000,1000,1000,1000,1203.719,1207.246,1206.395,1211.138,1214.3,1214.786,1218.678,1227.192,1230.354,1235.219,1240.814,1245.679,1250.057,1256.868,1261.733,1267.084,1275.841,1282.652,1286.544,1293.842,1301.625,1303.571,1192.765,1193.031,1193.35,1193.936,1194.552,1195.296,1195.92,1197.09,1198.094,1199.644,1201.651,1203.415,1204.266,1206.273,1208.462,1211.016,1214.422,1217.705,1219.53,1220.868,1223.787,1227.435,1232.3,1236.922,1243.49,1245.922,1249.571,1255.409,1260.76,1267.084,1272.922,1281.679,1285.571,1295.301,1299.193,1307.463,1309.409,1316.22,1208.333,1208.599,1209.093,1209.838,1210.743,1211.229,1212.202,1212.962,1213.844,1214.604,1216.489,1217.462,1219.53,1221.537,1223.787,1225.854,1228.408,1229.625,1232.057,1236.435,1238.381,1242.517,1247.868,1250.787,1252.49,1258.328,1263.679,1268.544,1278.76,1283.625,1289.463,1294.815,1302.112,1306.977,1316.707,1322.058,1327.896,1223.825,1224.053,1224.205,1224.782,1225.687,1226.554,1227.466,1228.53,1229.777,1229.989,1231.631,1233.273,1235.645,1236.8,1238.625,1241.422,1244.341,1247.625,1248.841,1253.463,1253.949,1254.922,1256.868,1263.922,1271.949,1280.706,1286.544,1290.923,1297.247,1298.22,1303.085,1311.842,1318.653,1324.491,1332.275,1340.545,1345.41,1239.468,1239.697,1240.107,1240.495,1240.974,1241.878,1243.034,1243.946,1245.344,1246.956,1249.328,1251.517,1254.192,1256.99,1261.125,1263.557,1268.544,1271.949,1274.625,1278.517,1283.139,1284.355,1288.004,1291.409,1296.274,1298.22,1306.49,1317.193,1326.437,1332.275,1343.95,1352.221,1357.086,1363.896,1255.226,1255.424,1255.857,1256.366,1257.02,1257.446,1258.601,1260.03,1261.125,1263.193,1265.99,1267.389,1268.848,1272.557,1275.476,1276.693,1279.612,1284.112,1287.031,1292.382,1297.004,1303.085,1307.707,1313.301,1320.599,1329.356,1337.139,1344.923,1350.761,1358.545,1364.383,1372.653,1272.55,1272.854,1273.082,1273.645,1273.645,1274.427,1275.324,1277.179,1277.696,1279.429,1280.281,1282.166,1284.051,1288.612,1294.571,1299.315,1303.571,1307.22,1310.382,1314.518,1317.437,1321.085,1327.166,1332.275,1333.734,1339.085,1346.869,1353.68,1361.464,1375.086,1387.248,1392.113,1292.01,1292.352,1292.831,1293.796,1294.906,1296.335,1297.521,1299.497,1301.869,1303.754,1306.49,1308.801,1311.355,1312.45,1314.882,1321.572,1327.166,1332.031,1342.734,1349.545,1350.761,1357.572,1363.896,1369.734,1380.924,1386.762,1401.356,1407.681,1309.409,1309.789,1310.344,1310.778,1311.614,1312.541,1314.153,1317.254,1000,1000,1151.421,1154.948,1152.82,1149.353,1000,1000,1346.869,1353.194,1360.248,1359.518,1362.68,1368.275,1376.545,1388.708,1400.384,1405.248,1000,1000,1000,1182.435,1188.273,1188.273,1000,1000,1000,1228.165,1239.841,1000,1000,1000,1000,1380.194,1378.248,1372.167,1000,1000,1000,1000,1000,1000,1000,1000,1149.597,1147.711,1145.917,1143.242,1144.093,1000,1000,1000,1000,1379.464,1385.059,1386.032,1383.843,1000,1000,1000,1000,1000,1000,1000,1000,1000,1000,1000,1000,1000,1000,1000,1000,1000,1000,1000,1000,1000,1000,1000,1000,1000,1000,1000,1000,1000,1000,1000,1000,1000,1000,1000,1000,1000,1000,1000,1000,1000,1000,1000,1000,1000,1000,1000,1000,1000,1000,1000,1000,1000,1000,1000,1000,1000,1000,1000,1000,1000,1000,1000,1000,1000,1000,1000,1000,1000,1000,1000,1000,1000,1000,1000,1000,1000,1000,1000,1000,1000,1000,1000,1000,1000,1000,1000,1000,1000,1000,1000,1000,1000,1000,1000,1000,1000,1000,1000,1000,1000,1000,1000,1000,1000,1000,1000,1000,1000,1000,1000,1000,1000,1000,1000,1000,1000,1000,1000,1000,1000,1000,1000,1000,1000,1000,1000,1000,1000,1000,1000,1000,1000,1000,1000,1000,1000,1000,1000,1000,1000,1000,1000,1000,1000,1000,1000,1000,1000,1000,1000,1000,1000,1000,1000,1000,1000,1000,1000,1000,1000,1000,1000,1000,1000,1000,1000,1000,1000,1000,1000,1000,1000,1000,1000,1000,1000,1000,1000,1000,1000,1000,1000,1000,1000,1000,1000,1000,1000,1000,1000,1000,1000,1000,1000,1000,1000,1000,1000,1000,1000,1000,1000,1000,1000,1000,1000,1000,1000,1000,1000,1000,1000,1000,1000,1000,1000,1000,1000,1000,1000,1000,1000,1000,1000,1000,1000,1000,1000,1000,1000,1000,1000,1000,1000,1000,1000,1000,1000,1000,1000,1000,1000,1000,1000,1000,1000,1000,1000,1000,1000,1000,1000,1000,1000,1000,1000,1000,1000,1000,1000,1000,1000,1000,1000,1000
1000,1000,1000,1000,1000,1000,1000,1000,1000,1000,1000,1000,1000,1000,1000,1000,1000,1000,1000,1000,1000,1000,1000,1000,1000,1000,1000,1000,1000,1000,1000,1000,1000,1000,1000,1000,1000,1000,1000,1000,1000,1000,1000,1000,1000,1000,1000,1000,1000,1000,1207.732,1208.705,1211.138,1215.273,1216.489,1218.678,1224.76,1230.354,1233.76,1237.895,1243.733,1250.057,1255.895,1261.247,1268.057,1276.814,1280.706,1286.544,1291.896,1297.734,1301.625,1192.765,1193.031,1193.297,1193.791,1194.354,1194.962,1195.783,1197.242,1198.641,1200.496,1201.651,1203.962,1204.813,1206.273,1207.246,1211.016,1212.841,1215.638,1217.341,1220.503,1222.327,1226.949,1231.814,1235.949,1240.814,1245.436,1248.841,1253.949,1259.301,1264.652,1271.949,1279.247,1284.598,1290.436,1297.247,1305.517,1307.463,1314.274,1208.333,1208.599,1208.971,1209.504,1210.423,1211.229,1212.354,1212.81,1213.327,1214.026,1215.638,1216.733,1218.983,1220.928,1222.814,1225.125,1227.679,1229.138,1232.057,1235.584,1237.408,1240.327,1245.679,1249.571,1253.219,1258.328,1265.868,1268.544,1275.355,1281.193,1286.544,1292.869,1300.166,1306.977,1315.734,1322.058,1327.896,1223.787,1224.053,1224.205,1224.722,1225.406,1226.31,1227.466,1228.378,1229.594,1229.989,1230.962,1232.543,1235.402,1236.496,1239.354,1242.517,1244.706,1246.773,1247.99,1251.638,1252.003,1254.922,1256.868,1262.22,1268.787,1279.247,1285.085,1290.436,1299.193,1299.193,1305.031,1310.869,1314.761,1321.572,1331.302,1340.545,1347.356,1239.582,1239.811,1240.229,1240.639,1241.346,1242,1242.76,1244.098,1245.344,1246.165,1248.841,1250.969,1253.584,1256.26,1260.76,1261.976,1266.233,1268.057,1270.003,1272.922,1277.787,1280.22,1285.085,1291.409,1298.22,1302.112,1309.896,1317.68,1326.437,1330.328,1342.977,1349.788,1357.086,1363.896,1255.264,1255.621,1256.207,1256.823,1257.339,1257.568,1258.328,1259.057,1260.182,1261.916,1264.409,1267.084,1268.848,1272.193,1275.476,1277.058,1279.612,1284.112,1287.031,1290.679,1297.004,1302.355,1306.977,1312.572,1319.139,1325.464,1331.788,1340.545,1345.896,1353.68,1361.464,1370.707,1272.474,1272.892,1273.188,1273.804,1273.721,1274.336,1275.324,1277.362,1278.821,1279.855,1280.95,1282.409,1283.504,1287.031,1294.571,1298.463,1302.599,1307.707,1310.869,1314.518,1319.382,1323.274,1327.896,1332.761,1333.734,1339.085,1346.869,1350.761,1360.491,1377.032,1383.843,1391.14,1291.972,1292.276,1292.77,1293.887,1295.164,1296.639,1297.886,1299.74,1301.139,1303.754,1306.125,1308.072,1309.896,1311.72,1313.301,1319.747,1324.491,1331.058,1340.545,1348.086,1350.761,1359.032,1363.896,1368.761,1379.951,1383.843,1394.546,1404.762,1309.409,1309.789,1310.618,1311.31,1311.933,1312.678,1314.153,1316.828,1324.612,1000,1152.576,1157.745,1152.82,1149.353,1147.711,1000,1000,1351.491,1357.572,1356.356,1360.248,1363.41,1369.734,1382.87,1400.384,1000,1000,1000,1000,1177.083,1182.435,1184.624,1000,1000,1000,1000,1234.003,1000,1000,1000,1000,1375.816,1377.032,1372.167,1000,1000,1000,1000,1000,1000,1000,1000,1151.421,1147.955,1145.917,1143.242,1144.397,1000,1000,1000,1000,1000,1000,1000,1000,1000,1000,1000,1000,1000,1000,1000,1000,1000,1000,1000,1000,1000,1000,1000,1000,1000,1000,1000,1000,1000,1000,1000,1000,1000,1000,1000,1000,1000,1000,1000,1000,1000,1000,1000,1000,1000,1000,1000,1000,1000,1000,1000,1000,1000,1000,1000,1000,1000,1000,1000,1000,1000,1000,1000,1000,1000,1000,1000,1000,1000,1000,1000,1000,1000,1000,1000,1000,1000,1000,1000,1000,1000,1000,1000,1000,1000,1000,1000,1000,1000,1000,1000,1000,1000,1000,1000,1000,1000,1000,1000,1000,1000,1000,1000,1000,1000,1000,1000,1000,1000,1000,1000,1000,1000,1000,1000,1000,1000,1000,1000,1000,1000,1000,1000,1000,1000,1000,1000,1000,1000,1000,1000,1000,1000,1000,1000,1000,1000,1000,1000,1000,1000,1000,1000,1000,1000,1000,1000,1000,1000,1000,1000,1000,1000,1000,1000,1000,1000,1000,1000,1000,1000,1000,1000,1000,1000,1000,1000,1000,1000,1000,1000,1000,1000,1000,1000,1000,1000,1000,1000,1000,1000,1000,1000,1000,1000,1000,1000,1000,1000,1000,1000,1000,1000,1000,1000,1000,1000,1000,1000,1000,1000,1000,1000,1000,1000,1000,1000,1000,1000,1000,1000,1000,1000,1000,1000,1000,1000,1000,1000,1000,1000,1000,1000,1000,1000,1000,1000,1000,1000,1000,1000,1000,1000,1000,1000,1000,1000,1000,1000,1000,1000,1000,1000,1000,1000,1000,1000,1000,1000,1000,1000,1000,1000,1000,1000,1000,1000,1000,1000,1000,1000,1000,1000,1000,1000,1000,1000,1000,1000,1000,1000,1000,1000,1000
1000,1000,1000,1000,1000,1000,1000,1000,1000,1000,1000,1000,1000,1000,1000,1000,1000,1000,1000,1000,1000,1000,1000,1000,1000,1000,1000,1000,1000,1000,1000,1000,1000,1000,1000,1000,1000,1000,1000,1000,1000,1000,1000,1000,1000,1000,1000,1000,1000,1000,1206.881,1208.219,1211.138,1214.3,1217.462,1219.895,1225.246,1230.354,1236.679,1238.868,1244.706,1250.057,1256.868,1261.733,1269.031,1276.814,1281.679,1285.571,1290.436,1296.76,1300.652,1192.765,1193.031,1193.198,1193.586,1194.019,1194.749,1195.54,1197.242,1198.854,1200.496,1201.165,1202.928,1203.962,1205.117,1205.969,1208.827,1211.746,1213.57,1216.854,1220.868,1222.814,1226.949,1232.3,1235.219,1240.084,1244.706,1248.111,1251.03,1256.868,1261.247,1268.057,1276.328,1283.625,1291.409,1297.247,1304.058,1307.463,1312.328,1317.193,1208.485,1208.721,1209.359,1210.21,1210.636,1211.624,1212.354,1212.962,1214.026,1215.212,1216.976,1218.983,1220.928,1222.814,1225.854,1227.314,1229.625,1232.057,1235.098,1238.381,1239.841,1244.463,1248.354,1253.219,1259.544,1266.598,1270.976,1276.328,1280.22,1286.544,1289.463,1296.274,1301.139,1311.842,1316.707,1323.031,1327.896,1223.863,1224.091,1224.486,1225.071,1226.204,1227.192,1228.53,1229.594,1230.172,1231.388,1232.057,1234.064,1236.253,1238.625,1240.692,1243.976,1245.557,1246.773,1250.179,1252.976,1255.409,1259.057,1265.868,1270.733,1277.787,1282.652,1288.49,1294.328,1298.22,1304.058,1310.382,1314.761,1319.626,1329.356,1338.599,1343.464,1239.43,1239.697,1240.054,1240.495,1241.346,1242,1243.186,1244.463,1245.344,1245.74,1248.598,1249.875,1252.064,1254.557,1258.449,1259.909,1263.557,1266.233,1269.031,1273.652,1279.004,1282.652,1286.787,1292.625,1297.734,1300.652,1307.463,1317.193,1323.031,1327.41,1340.058,1347.842,1357.086,1254.998,1255.469,1255.857,1256.625,1257.02,1257.446,1257.811,1258.328,1259.057,1260.03,1261.916,1263.922,1266.78,1268.24,1271.463,1275.476,1277.909,1280.463,1285.085,1286.544,1289.706,1295.058,1300.652,1305.031,1311.112,1318.166,1323.031,1330.815,1337.626,1344.923,1352.707,1361.464,1369.734,1378.491,1272.74,1272.983,1273.371,1273.5,1274.139,1274.96,1276.875,1278.426,1279.855,1281.193,1282.956,1284.598,1288.247,1294.206,1297.977,1302.112,1305.517,1308.193,1313.301,1316.707,1321.085,1326.437,1331.302,1331.302,1338.112,1345.896,1351.734,1361.464,1377.032,1381.897,1390.167,1291.972,1292.276,1292.77,1293.994,1295.164,1296.487,1297.521,1299.497,1300.409,1302.416,1304.362,1306.734,1307.707,1310.99,1312.085,1319.261,1324.004,1331.545,1340.545,1347.356,1351.734,1358.545,1360.491,1366.329,1374.113,1378.491,1384.816,1395.519,1407.681,1309.561,1310.162,1311.028,1311.827,1312.541,1313.849,1316.585,1000,1145.37,1152.82,1156.651,1153.428,1150.387,1148.624,1148.624,1000,1000,1357.572,1355.14,1359.518,1362.194,1371.194,1382.383,1399.411,1000,1000,1000,1000,1172.705,1179.759,1183.894,1000,1000,1000,1000,1234.003,1000,1000,1000,1000,1000,1367.302,1000,1000,1000,1000,1000,1000,1000,1000,1000,1152.82,1147.711,1145.552,1143.12,1145.036,1000,1000,1000,1000,1000,1000,1000,1000,1000,1000,1000,1000,1000,1000,1000,1000,1000,1000,1000,1000,1000,1000,1000,1000,1000,1000,1000,1000,1000,1000,1000,1000,1000,1000,1000,1000,1000,1000,1000,1000,1000,1000,1000,1000,1000,1000,1000,1000,1000,1000,1000,1000,1000,1000,1000,1000,1000,1000,1000,1000,1000,1000,1000,1000,1000,1000,1000,1000,1000,1000,1000,1000,1000,1000,1000,1000,1000,1000,1000,1000,1000,1000,1000,1000,1000,1000,1000,1000,1000,1000,1000,1000,1000,1000,1000,1000,1000,1000,1000,1000,1000,1000,1000,1000,1000,1000,1000,1000,1000,1000,1000,1000,1000,1000,1000,1000,1000,1000,1000,1000,1000,1000,1000,1000,1000,1000,1000,1000,1000,1000,1000,1000,1000,1000,1000,1000,1000,1000,1000,1000,1000,1000,1000,1000,1000,1000,1000,1000,1000,1000,1000,1000,1000,1000,1000,1000,1000,1000,1000,1000,1000,1000,1000,1000,1000,1000,1000,1000,1000,1000,1000,1000,1000,1000,1000,1000,1000,1000,1000,1000,1000,1000,1000,1000,1000,1000,1000,1000,1000,1000,1000,1000,1000,1000,1000,1000,1000,1000,1000,1000,1000,1000,1000,1000,1000,1000,1000,1000,1000,1000,1000,1000,1000,1000,1000,1000,1000,1000,1000,1000,1000,1000,1000,1000,1000,1000,1000,1000,1000,1000,1000,1000,1000,1000,1000,1000,1000,1000,1000,1000,1000,1000,1000,1000,1000,1000,1000,1000,1000,1000,1000,1000,1000,1000,1000,1000,1000,1000,1000,1000,1000,1000,1000,1000,1000,1000,1000,1000,1000,1000,1000,1000,1000,1000
1000,1000,1000,1000,1000,1000,1000,1000,1000,1000,1000,1000,1000,1000,1000,1000,1000,1000,1000,1000,1000,1000,1000,1000,1000,1000,1000,1000,1000,1000,1000,1000,1000,1000,1000,1000,1000,1000,1000,1000,1000,1000,1000,1000,1000,1000,1000,1000,1000,1000,1000,1206.881,1209.678,1212.597,1216.003,1216.976,1221.597,1225.976,1233.76,1237.408,1243.733,1249.571,1255.895,1260.274,1267.084,1272.922,1276.814,1281.679,1287.517,1295.788,1301.625,1192.841,1193.153,1193.297,1193.647,1194.095,1194.749,1195.783,1197.577,1199.036,1201.165,1202.138,1203.962,1204.813,1205.969,1205.969,1208.827,1210.286,1212.841,1215.638,1220.016,1221.354,1224.273,1229.625,1231.814,1236.922,1242.76,1245.922,1251.03,1255.895,1261.247,1268.057,1276.328,1282.652,1291.409,1295.301,1300.166,1304.058,1310.382,1317.193,1208.447,1208.637,1209.283,1209.587,1210.21,1211.107,1212.05,1212.962,1213.479,1215.638,1216.976,1218.496,1220.381,1221.537,1223.422,1225.489,1228.043,1230.841,1235.098,1238.381,1239.354,1246.652,1247.382,1252.003,1256.868,1262.949,1267.084,1271.463,1274.868,1278.76,1286.544,1291.896,1299.193,1306.977,1315.734,1322.058,1331.788,1223.977,1224.091,1224.486,1224.995,1226.204,1226.797,1228.226,1229.229,1229.989,1230.598,1231.388,1233.516,1235.949,1238.99,1241.787,1244.341,1245.922,1245.922,1249.814,1252.003,1254.922,1257.355,1265.868,1271.22,1278.517,1281.436,1286.544,1292.382,1295.788,1300.652,1307.463,1312.815,1316.707,1326.437,1335.193,1343.464,1239.506,1239.772,1240.168,1240.563,1241.255,1241.772,1243.034,1243.186,1244.615,1246.165,1248.598,1250.118,1252.672,1255.165,1257.719,1259.179,1261.976,1264.409,1267.206,1271.463,1277.787,1281.436,1285.571,1290.193,1294.815,1297.004,1304.058,1310.382,1317.68,1322.058,1334.22,1341.031,1353.194,1360.978,1255.188,1255.424,1256.062,1256.45,1257.02,1257.689,1258.191,1258.753,1260.365,1261.916,1263.679,1265.99,1267.936,1270.125,1273.652,1276.693,1280.463,1284.598,1288.004,1290.679,1295.788,1300.652,1306.247,1310.382,1317.68,1322.058,1328.383,1331.788,1339.572,1347.842,1359.518,1368.761,1377.518,1272.664,1272.892,1273.135,1273.249,1273.88,1274.534,1275.978,1277.544,1278.821,1280.281,1281.679,1283.504,1286.666,1291.896,1296.639,1301.139,1306.004,1308.193,1312.572,1314.518,1319.382,1323.761,1327.896,1328.626,1337.139,1343.464,1350.275,1362.437,1377.032,1383.843,1395.032,1292.048,1292.443,1292.891,1293.598,1294.663,1295.727,1296.821,1299.071,1300.409,1302.173,1304.605,1306.125,1307.463,1310.626,1312.45,1318.288,1324.491,1329.842,1336.896,1343.95,1348.086,1354.653,1357.572,1364.87,1370.221,1376.545,1380.924,1394.546,1406.708,1309.523,1310.002,1310.694,1311.203,1312.055,1313.545,1316.403,1000,1000,1151.421,1154.34,1152.272,1148.867,1147.103,1148.198,1000,1000,1357.572,1353.68,1358.788,1358.788,1369.248,1000,1000,1000,1000,1000,1207.732,1178.543,1181.219,1179.759,1000,1000,1000,1000,1000,1000,1000,1000,1000,1000,1000,1000,1000,1000,1000,1000,1000,1000,1000,1000,1151.178,1147.529,1145.218,1143.242,1144.397,1000,1000,1000,1000,1000,1000,1000,1000,1000,1000,1000,1000,1000,1000,1000,1000,1000,1000,1000,1000,1000,1000,1000,1000,1000,1000,1000,1000,1000,1000,1000,1000,1000,1000,1000,1000,1000,1000,1000,1000,1000,1000,1000,1000,1000,1000,1000,1000,1000,1000,1000,1000,1000,1000,1000,1000,1000,1000,1000,1000,1000,1000,1000,1000,1000,1000,1000,1000,1000,1000,1000,1000,1000,1000,1000,1000,1000,1000,1000,1000,1000,1000,1000,1000,1000,1000,1000,1000,1000,1000,1000,1000,1000,1000,1000,1000,1000,1000,1000,1000,1000,1000,1000,1000,1000,1000,1000,1000,1000,1000,1000,1000,1000,1000,1000,1000,1000,1000,1000,1000,1000,1000,1000,1000,1000,1000,1000,1000,1000,1000,1000,1000,1000,1000,1000,1000,1000,1000,1000,1000,1000,1000,1000,1000,1000,1000,1000,1000,1000,1000,1000,1000,1000,1000,1000,1000,1000,1000,1000,1000,1000,1000,1000,1000,1000,1000,1000,1000,1000,1000,1000,1000,1000,1000,1000,1000,1000,1000,1000,1000,1000,1000,1000,1000,1000,1000,1000,1000,1000,1000,1000,1000,1000,1000,1000,1000,1000,1000,1000,1000,1000,1000,1000,1000,1000,1000,1000,1000,1000,1000,1000,1000,1000,1000,1000,1000,1000,1000,1000,1000,1000,1000,1000,1000,1000,1000,1000,1000,1000,1000,1000,1000,1000,1000,1000,1000,1000,1000,1000,1000,1000,1000,1000,1000,1000,1000,1000,1000,1000,1000,1000,1000,1000,1000,1000,1000,1000,1000,1000,1000,1000,1000,1000,1000,1000,1000,1000,1000,1000,1000,1000,1000,1000,1000
1000,1000,1000,1000,1000,1000,1000,1000,1000,1000,1000,1000,1000,1000,1000,1000,1000,1000,1000,1000,1000,1000,1000,1000,1000,1000,1000,1000,1000,1000,1000,1000,1000,1000,1000,1000,1000,1000,1000,1000,1000,1000,1000,1000,1000,1000,1000,1000,1000,1000,1000,1000,1204.57,1208.219,1211.138,1213.327,1217.462,1222.814,1229.868,1234.49,1241.787,1248.598,1254.436,1258.328,1265.625,1270.003,1273.895,1279.733,1284.598,1292.869,1297.734,1192.841,1193.107,1193.404,1193.86,1194.354,1194.856,1195.783,1197.577,1198.641,1200.253,1200.922,1202.624,1203.415,1203.962,1205.361,1207.854,1208.827,1211.016,1214.422,1218.678,1221.841,1224.76,1228.895,1231.814,1236.435,1240.084,1245.436,1250.301,1255.409,1259.787,1268.057,1273.895,1279.733,1285.571,1294.328,1298.22,1301.139,1310.382,1208.295,1208.485,1208.865,1209.283,1209.504,1210.119,1210.53,1211.488,1212.05,1213.479,1215.212,1216.733,1218.496,1220.077,1221.233,1223.422,1225.125,1228.043,1230.841,1235.098,1238.381,1240.327,1245.679,1247.382,1251.517,1255.165,1260.274,1265.139,1268.544,1276.328,1281.193,1286.544,1286.544,1295.301,1302.112,1310.869,1319.626,1325.95,1223.863,1224.053,1224.334,1224.722,1225.778,1226.554,1227.922,1228.712,1229.594,1230.172,1231.631,1233.273,1235.645,1238.381,1240.327,1242.517,1243.611,1244.341,1247.138,1251.638,1254.436,1257.355,1265.868,1268.787,1273.166,1276.571,1282.166,1288.004,1294.815,1300.652,1306.49,1311.842,1316.707,1325.464,1334.22,1341.518,1348.329,1239.62,1239.811,1240.229,1240.882,1241.452,1242.243,1243.034,1245.344,1246.348,1248.354,1249.875,1252.064,1254.192,1255.53,1258.814,1260.274,1264.044,1266.72,1270.976,1275.598,1281.436,1286.301,1288.004,1292.139,1295.544,1302.112,1306.49,1315.247,1323.031,1333.248,1339.085,1349.788,1358.059,1254.998,1255.264,1255.735,1256.131,1256.625,1257.339,1257.932,1258.601,1259.848,1261.733,1263.193,1265.686,1267.632,1270.49,1273.652,1276.693,1280.463,1285.571,1290.193,1292.382,1297.49,1303.085,1306.247,1308.923,1316.22,1321.572,1324.491,1330.328,1337.139,1345.896,1356.599,1367.788,1373.626,1272.55,1272.778,1272.892,1273.135,1273.88,1274.534,1275.978,1277.879,1278.821,1280.524,1282.956,1284.598,1287.031,1291.896,1296.274,1298.828,1302.599,1305.031,1308.68,1310.382,1315.734,1319.869,1325.707,1327.896,1336.653,1344.437,1350.275,1361.464,1374.113,1379.951,1388.221,1291.934,1292.238,1292.542,1293.18,1293.994,1294.663,1296.031,1298.098,1299.071,1300.652,1303.207,1304.362,1306.49,1309.896,1312.085,1316.95,1323.031,1328.869,1333.977,1340.545,1345.896,1353.68,1356.113,1362.924,1369.734,1375.572,1376.545,1390.654,1402.329,1309.409,1309.865,1310.618,1310.937,1311.72,1312.815,1315.399,1000,1145.37,1151.178,1153.124,1152.272,1150.874,1147.955,1000,1000,1000,1350.761,1350.275,1352.707,1353.68,1363.41,1000,1000,1000,1000,1000,1206.273,1000,1181.219,1181.705,1000,1000,1000,1000,1000,1000,1000,1000,1000,1000,1000,1000,1000,1000,1000,1000,1000,1000,1000,1000,1150.083,1147.711,1144.397,1143.12,1000,1000,1000,1000,1000,1000,1000,1000,1000,1000,1000,1000,1000,1000,1000,1000,1000,1000,1000,1000,1000,1000,1000,1000,1000,1000,1000,1000,1000,1000,1000,1000,1000,1000,1000,1000,1000,1000,1000,1000,1000,1000,1000,1000,1000,1000,1000,1000,1000,1000,1000,1000,1000,1000,1000,1000,1000,1000,1000,1000,1000,1000,1000,1000,1000,1000,1000,1000,1000,1000,1000,1000,1000,1000,1000,1000,1000,1000,1000,1000,1000,1000,1000,1000,1000,1000,1000,1000,1000,1000,1000,1000,1000,1000,1000,1000,1000,1000,1000,1000,1000,1000,1000,1000,1000,1000,1000,1000,1000,1000,1000,1000,1000,1000,1000,1000,1000,1000,1000,1000,1000,1000,1000,1000,1000,1000,1000,1000,1000,1000,1000,1000,1000,1000,1000,1000,1000,1000,1000,1000,1000,1000,1000,1000,1000,1000,1000,1000,1000,1000,1000,1000,1000,1000,1000,1000,1000,1000,1000,1000,1000,1000,1000,1000,1000,1000,1000,1000,1000,1000,1000,1000,1000,1000,1000,1000,1000,1000,1000,1000,1000,1000,1000,1000,1000,1000,1000,1000,1000,1000,1000,1000,1000,1000,1000,1000,1000,1000,1000,1000,1000,1000,1000,1000,1000,1000,1000,1000,1000,1000,1000,1000,1000,1000,1000,1000,1000,1000,1000,1000,1000,1000,1000,1000,1000,1000,1000,1000,1000,1000,1000,1000,1000,1000,1000,1000,1000,1000,1000,1000,1000,1000,1000,1000,1000,1000,1000,1000,1000,1000,1000,1000,1000,1000,1000,1000,1000,1000,1000,1000,1000,1000,1000,1000,1000,1000,1000,1000,1000,1000,1000,1000,1000,1000,1000
1000,1000,1000,1000,1000,1000,1000,1000,1000,1000,1000,1000,1000,1000,1000,1000,1000,1000,1000,1000,1000,1000,1000,1000,1000,1000,1000,1000,1000,1000,1000,1000,1000,1000,1000,1000,1000,1000,1000,1000,1000,1000,1000,1000,1000,1000,1000,1000,1000,1000,1000,1000,1203.232,1207.246,1210.651,1211.138,1216.003,1219.895,1225.976,1229.868,1238.868,1245.679,1252.49,1257.355,1267.084,1270.976,1273.895,1278.76,1283.625,1288.49,1295.788,1192.765,1193.031,1193.297,1193.791,1194.27,1194.962,1195.92,1197.394,1198.459,1199.644,1200.07,1201.651,1202.624,1204.509,1205.117,1207.489,1208.219,1211.016,1213.57,1218.192,1220.868,1224.273,1228.895,1231.814,1235.949,1240.814,1246.652,1251.517,1255.895,1260.76,1265.625,1274.868,1279.733,1285.571,1289.463,1297.247,1301.139,1311.355,1208.219,1208.675,1208.766,1209.215,1209.359,1209.663,1210.119,1210.864,1211.898,1212.658,1214.604,1215.82,1217.462,1218.983,1219.834,1222.449,1224.395,1227.314,1230.354,1235.098,1237.895,1240.814,1243.49,1247.382,1251.517,1254.436,1259.544,1263.679,1266.598,1270.003,1276.328,1284.112,1289.463,1294.815,1300.166,1310.869,1315.734,1324.004,1223.787,1224.091,1224.38,1224.722,1225.581,1225.991,1227.055,1227.618,1228.895,1229.229,1231.206,1232.787,1235.402,1236.8,1238.625,1240.327,1241.422,1243.246,1246.773,1251.152,1254.922,1258.084,1267.571,1268.057,1273.166,1275.112,1280.706,1285.571,1292.382,1298.22,1303.085,1309.409,1312.815,1322.545,1332.275,1343.464,1239.354,1239.62,1239.811,1240.419,1240.723,1241.346,1242.243,1243.642,1245.162,1246.348,1248.598,1250.118,1251.517,1253.584,1255.53,1257.719,1260.76,1263.193,1265.382,1269.031,1274.139,1277.787,1282.652,1285.085,1288.004,1291.409,1297.734,1303.571,1312.328,1320.599,1331.302,1338.112,1345.896,1356.113,1361.951,1255.036,1255.469,1255.918,1256.366,1257.568,1257.932,1258.601,1259.848,1261.125,1262.524,1265.199,1267.084,1270.125,1272.922,1277.058,1280.463,1285.571,1291.166,1294.571,1298.707,1305.031,1308.923,1311.112,1316.22,1319.626,1323.031,1328.383,1335.193,1343.95,1355.626,1363.41,1370.707,1272.436,1272.702,1272.74,1273.029,1273.645,1274.336,1275.568,1277.879,1279.004,1280.706,1283.2,1284.598,1286.362,1290.801,1294.571,1297.49,1301.139,1303.571,1307.22,1308.193,1313.301,1318.653,1323.761,1326.437,1335.68,1344.437,1350.761,1362.437,1374.113,1380.924,1386.275,1291.896,1292.162,1292.352,1292.831,1293.69,1294.206,1295.575,1297.521,1298.463,1300.166,1302.659,1304.605,1306.734,1310.99,1314.031,1317.923,1323.518,1328.869,1333.248,1338.842,1344.68,1351.734,1354.653,1360.491,1368.761,1375.572,1375.572,1391.627,1402.329,1413.519,1309.751,1310.55,1310.937,1312.298,1313.545,1315.977,1000,1145.218,1148.867,1150.083,1000,1150.083,1000,1000,1000,1000,1000,1000,1000,1000,1000,1000,1000,1000,1000,1000,1203.84,1000,1181.705,1179.273,1000,1000,1000,1208.705,1206.759,1000,1000,1000,1000,1000,1000,1000,1000,1000,1000,1000,1000,1000,1000,1000,1000,1000,1000,1000,1000,1000,1000,1000,1000,1000,1000,1000,1000,1000,1000,1000,1000,1000,1000,1000,1000,1000,1000,1000,1000,1000,1000,1000,1000,1000,1000,1000,1000,1000,1000,1000,1000,1000,1000,1000,1000,1000,1000,1000,1000,1000,1000,1000,1000,1000,1000,1000,1000,1000,1000,1000,1000,1000,1000,1000,1000,1000,1000,1000,1000,1000,1000,1000,1000,1000,1000,1000,1000,1000,1000,1000,1000,1000,1000,1000,1000,1000,1000,1000,1000,1000,1000,1000,1000,1000,1000,1000,1000,1000,1000,1000,1000,1000,1000,1000,1000,1000,1000,1000,1000,1000,1000,1000,1000,1000,1000,1000,1000,1000,1000,1000,1000,1000,1000,1000,1000,1000,1000,1000,1000,1000,1000,1000,1000,1000,1000,1000,1000,1000,1000,1000,1000,1000,1000,1000,1000,1000,1000,1000,1000,1000,1000,1000,1000,1000,1000,1000,1000,1000,1000,1000,1000,1000,1000,1000,1000,1000,1000,1000,1000,1000,1000,1000,1000,1000,1000,1000,1000,1000,1000,1000,1000,1000,1000,1000,1000,1000,1000,1000,1000,1000,1000,1000,1000,1000,1000,1000,1000,1000,1000,1000,1000,1000,1000,1000,1000,1000,1000,1000,1000,1000,1000,1000,1000,1000,1000,1000,1000,1000,1000,1000,1000,1000,1000,1000,1000,1000,1000,1000,1000,1000,1000,1000,1000,1000,1000,1000,1000,1000,1000,1000,1000,1000,1000,1000,1000,1000,1000,1000,1000,1000,1000,1000,1000,1000,1000,1000,1000,1000,1000,1000,1000,1000,1000,1000,1000,1000,1000,1000,1000,1000,1000,1000,1000,1000,1000,1000,1000,1000,1000,1000,1000,1000,1000
1000,1000,1000,1000,1000,1000,1000,1000,1000,1000,1000,1000,1000,1000,1000,1000,1000,1000,1000,1000,1000,1000,1000,1000,1000,1000,1000,1000,1000,1000,1000,1000,1000,1000,1000,1000,1000,1000,1000,1000,1000,1000,1000,1000,1000,1000,1000,1000,1000,1000,1000,1000,1000,1206.395,1209.678,1211.138,1216.003,1218.192,1224.76,1228.408,1236.679,1240.814,1248.598,1254.436,1262.706,1267.084,1274.868,1277.787,1283.625,1288.49,1293.842,1301.625,1192.917,1193.153,1193.647,1194.354,1195.068,1195.783,1196.938,1197.577,1198.276,1198.854,1200.07,1201.408,1203.415,1204.509,1207.246,1208.827,1212.111,1214.422,1220.016,1222.814,1224.76,1228.408,1232.787,1235.949,1240.814,1246.652,1251.03,1255.409,1260.76,1263.679,1269.517,1271.949,1280.706,1283.625,1291.409,1296.274,1306.49,1314.274,1208.485,1208.637,1209.093,1209.215,1209.504,1210.21,1210.864,1211.761,1212.658,1214.604,1215.82,1217.219,1219.287,1220.928,1221.841,1225.125,1228.408,1230.354,1236.071,1238.381,1241.3,1245.192,1248.354,1250.787,1253.949,1256.868,1261.003,1267.084,1273.895,1278.76,1286.544,1290.436,1293.842,1300.166,1306.004,1310.869,1317.68,1329.842,1223.901,1224.167,1224.433,1225.071,1225.687,1226.918,1227.466,1228.712,1229.229,1230.962,1232.3,1234.854,1235.949,1238.017,1238.99,1240.692,1241.787,1245.557,1250.179,1253.949,1257.355,1265.868,1267.571,1273.166,1274.625,1279.247,1283.625,1291.896,1296.76,1302.112,1306.49,1312.815,1321.572,1328.383,1338.599,1345.41,1239.468,1239.697,1240.107,1240.495,1241.057,1242.121,1243.338,1245.162,1246.53,1247.625,1248.841,1250.118,1251.517,1253.949,1257.355,1259.909,1262.706,1264.409,1269.031,1274.139,1276.328,1280.22,1283.139,1284.355,1288.004,1294.815,1302.112,1311.355,1320.599,1330.328,1337.139,1344.923,1354.167,1356.113,1254.922,1255.34,1255.735,1256.207,1257.568,1257.932,1258.905,1260.03,1261.49,1262.767,1265.199,1266.78,1270.125,1272.557,1275.476,1278.274,1283.139,1288.004,1291.896,1297.004,1303.571,1308.193,1310.382,1313.301,1319.139,1323.518,1328.383,1336.167,1346.869,1355.626,1363.41,1369.734,1377.518,1272.626,1272.74,1273.082,1273.645,1274.336,1275.568,1277.544,1278.639,1280.524,1282.713,1284.294,1286.058,1289.706,1293.842,1297.125,1300.288,1302.599,1306.004,1307.707,1312.572,1317.437,1323.274,1327.166,1335.68,1345.41,1353.68,1362.437,1373.14,1379.951,1386.275,1396.005,1292.124,1292.276,1292.595,1293.34,1293.887,1295.027,1297.004,1298.281,1299.984,1302.416,1304.605,1307.099,1310.626,1314.031,1318.288,1323.518,1328.869,1333.248,1338.112,1342.004,1348.086,1351.734,1358.545,1367.302,1378.491,1379.951,1392.6,1398.438,1409.627,1309.447,1310.056,1310.344,1311.933,1313.089,1315.612,1000,1146.1,1148.867,1150.083,1000,1155.678,1000,1000,1000,1000,1000,1000,1000,1000,1000,1000,1000,1000,1000,1000,1196.543,1181.219,1181.705,1181.219,1000,1000,1213.084,1221.354,1219.408,1000,1000,1000,1000,1000,1000,1000,1000,1000,1000,1000,1000,1000,1000,1000,1000,1147.529,1000,1000,1000,1000,1000,1000,1000,1000,1000,1000,1000,1000,1000,1000,1000,1000,1000,1000,1000,1000,1000,1000,1000,1000,1000,1000,1000,1000,1000,1000,1000,1000,1000,1000,1000,1000,1000,1000,1000,1000,1000,1000,1000,1000,1000,1000,1000,1000,1000,1000,1000,1000,1000,1000,1000,1000,1000,1000,1000,1000,1000,1000,1000,1000,1000,1000,1000,1000,1000,1000,1000,1000,1000,1000,1000,1000,1000,1000,1000,1000,1000,1000,1000,1000,1000,1000,1000,1000,1000,1000,1000,1000,1000,1000,1000,1000,1000,1000,1000,1000,1000,1000,1000,1000,1000,1000,1000,1000,1000,1000,1000,1000,1000,1000,1000,1000,1000,1000,1000,1000,1000,1000,1000,1000,1000,1000,1000,1000,1000,1000,1000,1000,1000,1000,1000,1000,1000,1000,1000,1000,1000,1000,1000,1000,1000,1000,1000,1000,1000,1000,1000,1000,1000,1000,1000,1000,1000,1000,1000,1000,1000,1000,1000,1000,1000,1000,1000,1000,1000,1000,1000,1000,1000,1000,1000,1000,1000,1000,1000,1000,1000,1000,1000,1000,1000,1000,1000,1000,1000,1000,1000,1000,1000,1000,1000,1000,1000,1000,1000,1000,1000,1000,1000,1000,1000,1000,1000,1000,1000,1000,1000,1000,1000,1000,1000,1000,1000,1000,1000,1000,1000,1000,1000,1000,1000,1000,1000,1000,1000,1000,1000,1000,1000,1000,1000,1000,1000,1000,1000,1000,1000,1000,1000,1000,1000,1000,1000,1000,1000,1000,1000,1000,1000,1000,1000,1000,1000,1000,1000,1000,1000,1000,1000,1000,1000,1000,1000,1000,1000,1000,1000,1000,1000,1000,1000,1000,1000
1000,1000,1000,1000,1000,1000,1000,1000,1000,1000,1000,1000,1000,1000,1000,1000,1000,1000,1000,1000,1000,1000,1000,1000,1000,1000,1000,1000,1000,1000,1000,1000,1000,1000,1000,1000,1000,1000,1000,1000,1000,1000,1000,1000,1000,1000,1000,1000,1000,1000,1000,1000,1000,1205.908,1208.705,1210.165,1213.814,1216.489,1221.597,1226.462,1235.219,1240.327,1246.165,1250.057,1257.355,1262.706,1269.031,1274.868,1282.652,1287.517,1293.842,1301.625,1192.879,1193.198,1193.791,1194.552,1195.296,1195.783,1196.938,1197.394,1198.276,1199.036,1200.253,1201.651,1203.719,1204.266,1207.246,1208.827,1211.746,1213.57,1218.678,1220.868,1222.814,1225.733,1231.084,1234.733,1239.598,1245.436,1252.976,1255.895,1262.22,1265.625,1268.544,1269.517,1278.274,1281.679,1289.463,1294.328,1312.328,1315.247,1208.485,1208.599,1208.971,1209.032,1209.283,1209.922,1210.423,1211.107,1212.05,1213.844,1214.786,1215.82,1217.462,1219.287,1220.928,1223.422,1226.949,1229.989,1233.76,1236.922,1240.814,1243.49,1247.382,1249.571,1253.219,1256.868,1260.274,1266.598,1270.003,1276.814,1284.112,1288.49,1293.842,1298.22,1303.085,1310.869,1317.68,1326.923,1223.863,1224.167,1224.486,1225.071,1225.581,1226.554,1227.466,1228.712,1229.047,1230.962,1232.057,1234.55,1235.949,1237.713,1238.99,1241.422,1242.881,1246.409,1249.328,1252.976,1255.409,1261.247,1265.139,1271.22,1274.625,1279.247,1285.571,1290.923,1297.247,1302.112,1305.031,1310.869,1321.572,1327.41,1339.572,1347.356,1239.544,1239.734,1240,1240.35,1240.799,1241.772,1242.486,1244.615,1245.922,1247.199,1248.598,1250.118,1251.213,1253.28,1256.26,1259.544,1262.706,1264.044,1270.003,1274.139,1275.598,1278.517,1281.922,1284.355,1288.004,1294.815,1301.139,1311.355,1320.599,1329.356,1336.167,1342.977,1352.221,1354.167,1363.896,1255.302,1255.735,1256.366,1257.568,1257.932,1258.905,1260.182,1261.733,1263.01,1265.199,1267.632,1271.098,1273.287,1277.058,1279.977,1283.139,1286.058,1291.166,1295.788,1302.355,1306.977,1310.382,1311.842,1316.707,1321.572,1325.95,1333.248,1342.977,1353.68,1360.491,1367.788,1376.545,1272.474,1272.588,1272.816,1273.432,1273.88,1275.446,1277.179,1278.821,1280.524,1283.2,1284.598,1286.362,1288.977,1292.99,1296.274,1298.828,1301.625,1305.517,1308.193,1312.085,1316.707,1321.815,1326.437,1332.761,1342.004,1351.734,1359.518,1370.221,1378.978,1386.275,1396.978,1292.124,1292.314,1292.709,1293.34,1293.598,1294.541,1296.183,1297.521,1300.166,1303.207,1305.822,1309.166,1312.085,1314.031,1317.923,1322.545,1328.139,1332.761,1338.112,1342.004,1348.086,1352.221,1360.005,1371.194,1383.843,1389.681,1402.329,1409.627,1415.465,1309.523,1309.865,1310.109,1311.31,1312.541,1314.67,1000,1145.37,1147.711,1150.083,1000,1000,1000,1000,1000,1000,1000,1000,1000,1000,1000,1000,1000,1000,1000,1000,1195.57,1184.624,1188.273,1189.732,1000,1000,1208.705,1217.949,1212.111,1000,1000,1000,1000,1000,1000,1000,1000,1000,1000,1000,1000,1000,1000,1000,1000,1147.286,1000,1000,1000,1000,1000,1000,1000,1000,1000,1000,1000,1000,1000,1000,1000,1000,1000,1000,1000,1000,1000,1000,1000,1000,1000,1000,1000,1000,1000,1000,1000,1000,1000,1000,1000,1000,1000,1000,1000,1000,1000,1000,1000,1000,1000,1000,1000,1000,1000,1000,1000,1000,1000,1000,1000,1000,1000,1000,1000,1000,1000,1000,1000,1000,1000,1000,1000,1000,1000,1000,1000,1000,1000,1000,1000,1000,1000,1000,1000,1000,1000,1000,1000,1000,1000,1000,1000,1000,1000,1000,1000,1000,1000,1000,1000,1000,1000,1000,1000,1000,1000,1000,1000,1000,1000,1000,1000,1000,1000,1000,1000,1000,1000,1000,1000,1000,1000,1000,1000,1000,1000,1000,1000,1000,1000,1000,1000,1000,1000,1000,1000,1000,1000,1000,1000,1000,1000,1000,1000,1000,1000,1000,1000,1000,1000,1000,1000,1000,1000,1000,1000,1000,1000,1000,1000,1000,1000,1000,1000,1000,1000,1000,1000,1000,1000,1000,1000,1000,1000,1000,1000,1000,1000,1000,1000,1000,1000,1000,1000,1000,1000,1000,1000,1000,1000,1000,1000,1000,1000,1000,1000,1000,1000,1000,1000,1000,1000,1000,1000,1000,1000,1000,1000,1000,1000,1000,1000,1000,1000,1000,1000,1000,1000,1000,1000,1000,1000,1000,1000,1000,1000,1000,1000,1000,1000,1000,1000,1000,1000,1000,1000,1000,1000,1000,1000,1000,1000,1000,1000,1000,1000,1000,1000,1000,1000,1000,1000,1000,1000,1000,1000,1000,1000,1000,1000,1000,1000,1000,1000,1000,1000,1000,1000,1000,1000,1000,1000,1000,1000,1000,1000,1000,1000,1000,1000,1000,1000
1000,1000,1000,1000,1000,1000,1000,1000,1000,1000,1000,1000,1000,1000,1000,1000,1000,1000,1000,1000,1000,1000,1000,1000,1000,1000,1000,1000,1000,1000,1000,1000,1000,1000,1000,1000,1000,1000,1000,1000,1000,1000,1000,1000,1000,1000,1000,1000,1000,1000,1000,1000,1000,1000,1209.192,1208.705,1213.327,1215.273,1218.678,1221.597,1228.408,1235.219,1242.273,1247.138,1255.895,1262.706,1268.057,1274.868,1282.652,1286.544,1289.463,1297.734,1192.689,1192.955,1193.464,1194.354,1194.856,1195.418,1196.193,1196.938,1197.394,1198.459,1199.462,1200.922,1203.172,1204.509,1207.489,1208.827,1212.111,1214.057,1218.678,1221.354,1224.76,1228.895,1233.516,1235.949,1240.814,1245.436,1251.517,1255.409,1260.76,1263.193,1267.084,1267.084,1272.922,1278.274,1286.544,1291.409,1302.112,1310.382,1208.257,1208.561,1208.865,1209.032,1209.154,1209.838,1210.317,1210.864,1211.761,1213.661,1214.786,1216.064,1217.462,1219.287,1220.685,1224.03,1226.949,1230.841,1234.246,1236.922,1240.327,1243.49,1246.165,1250.301,1254.436,1257.598,1262.949,1268.544,1271.463,1277.787,1283.625,1288.49,1290.923,1298.22,1303.085,1308.923,1314.761,1325.95,1223.787,1224.129,1224.38,1224.722,1225.315,1226.204,1227.329,1228.378,1228.895,1230.172,1231.631,1234.064,1235.949,1238.017,1239.963,1242.517,1243.976,1245.557,1249.328,1252.003,1254.436,1257.355,1262.22,1265.868,1271.949,1277.787,1284.112,1290.436,1298.22,1302.112,1306.49,1311.842,1322.545,1327.41,1337.626,1346.383,1239.43,1239.62,1239.902,1240.289,1240.495,1241.346,1242.243,1243.642,1244.979,1246.165,1247.199,1248.841,1250.665,1252.368,1256.625,1259.179,1262.341,1264.409,1270.003,1271.949,1274.625,1277.301,1281.922,1283.625,1288.004,1295.544,1302.599,1309.896,1318.653,1328.383,1335.193,1342.004,1352.221,1357.086,1255.036,1255.378,1255.857,1256.541,1257.446,1257.689,1258.601,1259.513,1260.73,1262.098,1263.679,1266.233,1269.517,1272.193,1275.112,1279.125,1281.801,1285.085,1289.22,1295.058,1300.652,1306.247,1308.923,1313.788,1317.68,1323.031,1327.896,1335.193,1342.004,1353.68,1357.572,1364.383,1372.653,1379.464,1272.55,1272.892,1273.432,1273.964,1275.203,1276.875,1278.426,1280.524,1283.504,1285.45,1287.274,1288.977,1292.26,1294.571,1297.125,1300.288,1305.031,1308.68,1313.301,1317.437,1323.274,1327.896,1335.193,1344.437,1355.14,1365.356,1376.059,1382.87,1388.221,1396.978,1292.086,1292.238,1292.595,1293.264,1293.796,1294.419,1295.575,1296.639,1299.497,1301.382,1304.909,1307.463,1311.355,1312.815,1316.585,1321.572,1329.842,1335.193,1340.545,1345.167,1352.221,1356.113,1362.924,1375.572,1385.789,1392.6,1400.384,1406.708,1407.681,1416.438,1309.713,1310.056,1311.31,1312.952,1314.335,1000,1146.313,1150.083,1151.725,1000,1000,1000,1000,1000,1000,1000,1000,1000,1000,1000,1000,1000,1000,1000,1000,1187.3,1178.543,1181.705,1000,1000,1000,1218.435,1222.327,1217.949,1000,1000,1000,1000,1000,1000,1000,1000,1000,1000,1000,1000,1000,1000,1000,1000,1148.624,1000,1000,1000,1000,1000,1000,1000,1000,1000,1000,1000,1000,1000,1000,1000,1000,1000,1000,1000,1000,1000,1000,1000,1000,1000,1000,1000,1000,1000,1000,1000,1000,1000,1000,1000,1000,1000,1000,1000,1000,1000,1000,1000,1000,1000,1000,1000,1000,1000,1000,1000,1000,1000,1000,1000,1000,1000,1000,1000,1000,1000,1000,1000,1000,1000,1000,1000,1000,1000,1000,1000,1000,1000,1000,1000,1000,1000,1000,1000,1000,1000,1000,1000,1000,1000,1000,1000,1000,1000,1000,1000,1000,1000,1000,1000,1000,1000,1000,1000,1000,1000,1000,1000,1000,1000,1000,1000,1000,1000,1000,1000,1000,1000,1000,1000,1000,1000,1000,1000,1000,1000,1000,1000,1000,1000,1000,1000,1000,1000,1000,1000,1000,1000,1000,1000,1000,1000,1000,1000,1000,1000,1000,1000,1000,1000,1000,1000,1000,1000,1000,1000,1000,1000,1000,1000,1000,1000,1000,1000,1000,1000,1000,1000,1000,1000,1000,1000,1000,1000,1000,1000,1000,1000,1000,1000,1000,1000,1000,1000,1000,1000,1000,1000,1000,1000,1000,1000,1000,1000,1000,1000,1000,1000,1000,1000,1000,1000,1000,1000,1000,1000,1000,1000,1000,1000,1000,1000,1000,1000,1000,1000,1000,1000,1000,1000,1000,1000,1000,1000,1000,1000,1000,1000,1000,1000,1000,1000,1000,1000,1000,1000,1000,1000,1000,1000,1000,1000,1000,1000,1000,1000,1000,1000,1000,1000,1000,1000,1000,1000,1000,1000,1000,1000,1000,1000,1000,1000,1000,1000,1000,1000,1000,1000,1000,1000,1000,1000,1000,1000,1000,1000,1000,1000,1000,1000,1000,1000
1000,1000,1000,1000,1000,1000,1000,1000,1000,1000,1000,1000,1000,1000,1000,1000,1000,1000,1000,1000,1000,1000,1000,1000,1000,1000,1000,1000,1000,1000,1000,1000,1000,1000,1000,1000,1000,1000,1000,1000,1000,1000,1000,1000,1000,1000,1000,1000,1000,1000,1000,1000,1000,1000,1209.678,1209.678,1214.3,1216.003,1219.165,1221.111,1226.462,1233.03,1240.814,1244.706,1252.003,1259.301,1266.111,1271.949,1282.652,1287.517,1289.463,1296.76,1192.689,1192.879,1193.198,1193.86,1194.354,1194.856,1195.661,1196.634,1197.242,1198.276,1199.644,1201.165,1202.624,1204.813,1206.881,1208.462,1211.016,1214.422,1218.678,1221.354,1224.273,1227.922,1232.3,1234.003,1238.868,1243.976,1249.571,1255.409,1262.22,1260.76,1265.625,1269.517,1271.949,1276.328,1286.544,1292.382,1303.085,1310.382,1317.193,1208.485,1208.721,1208.865,1209.215,1209.747,1210.21,1210.743,1212.05,1213.145,1213.844,1214.786,1216.733,1218.192,1219.834,1222.814,1225.854,1229.625,1233.273,1236.071,1240.327,1244.463,1247.868,1252.003,1255.165,1257.598,1260.274,1267.084,1268.544,1275.355,1281.679,1287.517,1290.923,1298.22,1302.112,1307.95,1315.734,1329.842,1332.761,1224.091,1224.433,1224.661,1225.489,1226.098,1227.055,1227.922,1228.53,1229.594,1231.206,1233.03,1234.854,1238.017,1240.692,1242.517,1244.706,1246.773,1248.476,1250.179,1253.463,1255.409,1259.544,1265.139,1272.436,1277.787,1284.112,1290.436,1298.22,1300.652,1305.031,1309.409,1319.626,1324.491,1334.22,1343.464,1239.468,1239.697,1239.902,1240.168,1240.495,1241.255,1242.243,1243.642,1244.979,1246.165,1247.868,1249.328,1250.422,1252.368,1254.922,1256.99,1260.76,1262.341,1269.031,1271.463,1273.652,1276.814,1281.436,1283.625,1289.463,1297.004,1303.571,1309.896,1316.22,1324.977,1333.248,1343.95,1353.194,1359.032,1254.998,1255.302,1255.621,1256.541,1257.446,1257.932,1258.905,1259.666,1260.365,1261.733,1263.436,1266.233,1269.152,1271.828,1274.017,1278.274,1279.612,1283.139,1288.004,1295.058,1298.707,1304.301,1308.193,1311.112,1313.301,1322.058,1325.95,1335.193,1341.518,1352.707,1355.626,1365.356,1371.68,1272.436,1272.626,1272.892,1273.31,1274.055,1275.081,1276.419,1278.426,1280.037,1281.679,1283.504,1285.146,1286.362,1289.342,1292.99,1296.274,1300.288,1305.517,1310.382,1314.518,1318.653,1323.761,1327.166,1333.734,1342.004,1354.653,1365.356,1377.032,1382.87,1390.167,1291.896,1292.048,1292.2,1292.542,1293.264,1293.887,1294.663,1295.879,1297.156,1299.984,1301.625,1304.605,1307.099,1310.99,1312.085,1316.585,1320.599,1329.356,1333.248,1338.842,1342.734,1350.275,1356.113,1363.896,1375.572,1387.735,1394.546,1400.384,1408.654,1409.627,1309.409,1309.751,1310.162,1311.203,1313.393,1314.67,1000,1145.552,1147.955,1000,1000,1000,1000,1000,1000,1000,1000,1000,1000,1000,1000,1000,1000,1000,1000,1000,1000,1186.083,1185.354,1190.219,1000,1000,1222.327,1224.76,1221.354,1000,1000,1000,1000,1000,1000,1000,1000,1000,1000,1000,1000,1000,1000,1000,1000,1150.63,1147.529,1147.955,1000,1000,1000,1000,1000,1000,1000,1000,1000,1000,1000,1000,1000,1000,1000,1000,1000,1000,1000,1000,1000,1000,1000,1000,1000,1000,1000,1000,1000,1000,1000,1000,1000,1000,1000,1000,1000,1000,1000,1000,1000,1000,1000,1000,1000,1000,1000,1000,1000,1000,1000,1000,1000,1000,1000,1000,1000,1000,1000,1000,1000,1000,1000,1000,1000,1000,1000,1000,1000,1000,1000,1000,1000,1000,1000,1000,1000,1000,1000,1000,1000,1000,1000,1000,1000,1000,1000,1000,1000,1000,1000,1000,1000,1000,1000,1000,1000,1000,1000,1000,1000,1000,1000,1000,1000,1000,1000,1000,1000,1000,1000,1000,1000,1000,1000,1000,1000,1000,1000,1000,1000,1000,1000,1000,1000,1000,1000,1000,1000,1000,1000,1000,1000,1000,1000,1000,1000,1000,1000,1000,1000,1000,1000,1000,1000,1000,1000,1000,1000,1000,1000,1000,1000,1000,1000,1000,1000,1000,1000,1000,1000,1000,1000,1000,1000,1000,1000,1000,1000,1000,1000,1000,1000,1000,1000,1000,1000,1000,1000,1000,1000,1000,1000,1000,1000,1000,1000,1000,1000,1000,1000,1000,1000,1000,1000,1000,1000,1000,1000,1000,1000,1000,1000,1000,1000,1000,1000,1000,1000,1000,1000,1000,1000,1000,1000,1000,1000,1000,1000,1000,1000,1000,1000,1000,1000,1000,1000,1000,1000,1000,1000,1000,1000,1000,1000,1000,1000,1000,1000,1000,1000,1000,1000,1000,1000,1000,1000,1000,1000,1000,1000,1000,1000,1000,1000,1000,1000,1000,1000,1000,1000,1000,1000,1000,1000,1000,1000,1000,1000,1000,1000,1000,1000,1000,1000
1000,1000,1000,1000,1000,1000,1000,1000,1000,1000,1000,1000,1000,1000,1000,1000,1000,1000,1000,1000,1000,1000,1000,1000,1000,1000,1000,1000,1000,1000,1000,1000,1000,1000,1000,1000,1000,1000,1000,1000,1000,1000,1000,1000,1000,1000,1000,1000,1000,1000,1000,1000,1000,1000,1000,1207.732,1211.138,1212.597,1216.489,1219.895,1224.03,1229.868,1235.219,1238.868,1244.706,1253.463,1260.274,1267.084,1277.787,1282.652,1285.571,1293.842,1300.652,1192.765,1193.069,1193.586,1193.936,1194.445,1195.418,1196.634,1197.577,1199.462,1200.253,1201.895,1202.928,1203.962,1206.273,1208.827,1210.651,1212.841,1216.854,1219.043,1222.327,1225.246,1230.111,1231.084,1235.219,1240.814,1246.652,1251.03,1256.868,1259.787,1263.193,1267.084,1270.976,1277.301,1283.625,1290.436,1298.22,1306.49,1312.328,1208.333,1208.561,1208.766,1209.093,1209.838,1210.317,1210.864,1212.05,1213.327,1214.422,1215.395,1216.489,1218.496,1219.834,1222.145,1225.489,1228.773,1232.057,1235.584,1240.327,1243.003,1245.679,1249.571,1252.003,1253.949,1259.057,1264.409,1267.084,1275.355,1281.193,1286.544,1291.896,1298.22,1303.085,1309.896,1318.653,1325.95,1332.761,1223.901,1224.288,1224.486,1225.231,1225.885,1227.192,1227.77,1228.53,1229.229,1230.78,1232.3,1234.307,1237.104,1239.598,1241.422,1243.246,1245.557,1246.773,1248.841,1251.638,1254.436,1259.057,1263.436,1271.949,1277.058,1282.166,1288.49,1298.22,1300.652,1306.49,1311.842,1323.518,1326.437,1335.193,1343.464,1239.392,1239.697,1239.947,1240.168,1240.563,1241.452,1242,1243.338,1244.797,1245.922,1247.625,1248.841,1249.328,1251.213,1254.557,1256.625,1261.49,1264.409,1269.517,1271.949,1275.112,1277.301,1281.436,1285.085,1290.679,1297.734,1303.571,1311.355,1317.193,1324.977,1330.328,1342.977,1352.221,1359.032,1254.998,1255.34,1255.621,1256.29,1256.823,1257.689,1258.464,1259.513,1260.365,1261.916,1263.01,1265.99,1268.24,1271.098,1272.557,1277.058,1278.274,1281.801,1286.058,1293.355,1296.274,1301.139,1305.031,1310.382,1313.301,1323.031,1327.896,1337.626,1342.004,1351.734,1354.653,1364.383,1368.761,1378.491,1272.664,1272.892,1273.188,1273.88,1274.853,1275.978,1278.061,1280.037,1282.166,1284.051,1285.146,1286.666,1289.342,1292.26,1296.274,1300.652,1306.004,1312.572,1316.707,1321.815,1328.626,1331.302,1335.68,1342.977,1351.734,1363.41,1376.059,1380.924,1390.167,1396.005,1291.934,1292.162,1292.489,1293.34,1294.206,1295.164,1296.031,1297.521,1300.409,1302.173,1304.058,1306.734,1310.626,1311.355,1315.247,1320.599,1328.139,1332.761,1337.626,1342.004,1348.815,1355.14,1363.896,1375.572,1383.843,1392.6,1396.492,1406.708,1411.573,1309.485,1309.751,1310.162,1310.55,1312.055,1000,1000,1000,1151.968,1000,1000,1000,1000,1000,1000,1000,1000,1000,1000,1000,1000,1000,1000,1000,1000,1000,1198.975,1190.219,1191.192,1000,1000,1000,1000,1231.084,1000,1000,1000,1000,1000,1000,1000,1000,1000,1000,1000,1000,1000,1000,1000,1000,1000,1148.867,1145.552,1145.036,1000,1000,1000,1000,1000,1000,1000,1000,1000,1000,1000,1000,1000,1000,1000,1000,1000,1000,1000,1000,1000,1000,1000,1000,1000,1000,1000,1000,1000,1000,1000,1000,1000,1000,1000,1000,1000,1000,1000,1000,1000,1000,1000,1000,1000,1000,1000,1000,1000,1000,1000,1000,1000,1000,1000,1000,1000,1000,1000,1000,1000,1000,1000,1000,1000,1000,1000,1000,1000,1000,1000,1000,1000,1000,1000,1000,1000,1000,1000,1000,1000,1000,1000,1000,1000,1000,1000,1000,1000,1000,1000,1000,1000,1000,1000,1000,1000,1000,1000,1000,1000,1000,1000,1000,1000,1000,1000,1000,1000,1000,1000,1000,1000,1000,1000,1000,1000,1000,1000,1000,1000,1000,1000,1000,1000,1000,1000,1000,1000,1000,1000,1000,1000,1000,1000,1000,1000,1000,1000,1000,1000,1000,1000,1000,1000,1000,1000,1000,1000,1000,1000,1000,1000,1000,1000,1000,1000,1000,1000,1000,1000,1000,1000,1000,1000,1000,1000,1000,1000,1000,1000,1000,1000,1000,1000,1000,1000,1000,1000,1000,1000,1000,1000,1000,1000,1000,1000,1000,1000,1000,1000,1000,1000,1000,1000,1000,1000,1000,1000,1000,1000,1000,1000,1000,1000,1000,1000,1000,1000,1000,1000,1000,1000,1000,1000,1000,1000,1000,1000,1000,1000,1000,1000,1000,1000,1000,1000,1000,1000,1000,1000,1000,1000,1000,1000,1000,1000,1000,1000,1000,1000,1000,1000,1000,1000,1000,1000,1000,1000,1000,1000,1000,1000,1000,1000,1000,1000,1000,1000,1000,1000,1000,1000,1000,1000,1000,1000,1000,1000,1000,1000,1000,1000,1000,1000
1000,1000,1000,1000,1000,1000,1000,1000,1000,1000,1000,1000,1000,1000,1000,1000,1000,1000,1000,1000,1000,1000,1000,1000,1000,1000,1000,1000,1000,1000,1000,1000,1000,1000,1000,1000,1000,1000,1000,1000,1000,1000,1000,1000,1000,1000,1000,1000,1000,1000,1000,1000,1000,1000,1000,1206.881,1209.192,1213.814,1216.976,1218.678,1222.814,1227.679,1233.03,1235.949,1242.273,1252.49,1258.328,1266.111,1276.814,1281.679,1286.544,1296.76,1301.625,1192.803,1193.069,1193.464,1193.647,1194.179,1195.068,1196.193,1197.394,1199.036,1199.644,1200.922,1202.138,1203.415,1204.813,1207.246,1209.192,1211.746,1215.638,1219.043,1222.327,1225.733,1227.922,1231.084,1234.003,1239.598,1243.49,1247.382,1255.895,1259.301,1263.679,1268.544,1271.949,1277.301,1283.625,1290.436,1298.22,1308.436,1314.274,1208.371,1208.599,1208.721,1209.093,1209.587,1210.119,1210.53,1211.761,1212.81,1214.209,1214.786,1216.976,1217.949,1219.834,1221.537,1225.489,1228.043,1231.206,1233.76,1236.922,1240.327,1243.003,1247.382,1250.301,1253.949,1260.274,1262.949,1267.084,1272.922,1280.22,1283.625,1288.49,1296.274,1305.031,1311.842,1322.058,1330.815,1223.863,1224.015,1224.38,1224.661,1225.406,1225.778,1226.918,1227.329,1228.378,1229.047,1230.354,1231.875,1233.273,1235.645,1237.713,1241.057,1242.152,1243.976,1246.773,1248.476,1250.665,1253.949,1260.76,1263.922,1272.436,1277.787,1281.436,1287.031,1295.788,1298.22,1304.058,1309.409,1318.653,1324.491,1334.22,1342.491,1239.468,1239.697,1239.856,1240,1240.419,1241.057,1241.559,1242.76,1244.28,1245.557,1246.956,1248.841,1249.632,1250.969,1253.949,1255.895,1259.909,1265.382,1269.517,1271.949,1275.598,1279.004,1280.22,1285.085,1290.193,1296.274,1300.652,1307.463,1314.761,1324.004,1328.383,1341.031,1349.788,1356.113,1360.978,1255.112,1255.226,1255.735,1256.207,1256.914,1257.568,1258.753,1259.848,1261.125,1262.341,1265.199,1267.084,1269.517,1271.463,1276.693,1278.274,1282.287,1285.085,1290.679,1292.382,1298.22,1301.869,1307.707,1312.572,1322.058,1326.923,1333.248,1336.167,1347.842,1351.734,1361.464,1366.329,1377.518,1272.664,1272.778,1272.983,1273.645,1274.427,1275.203,1277.879,1279.612,1282.409,1284.051,1286.362,1286.666,1289.342,1291.531,1295.788,1299.315,1305.517,1310.869,1314.518,1319.869,1325.707,1330.085,1335.68,1342.004,1350.275,1361.464,1372.167,1378.005,1389.194,1291.896,1292.01,1292.276,1292.709,1293.34,1294.1,1295.164,1295.879,1297.338,1299.74,1301.869,1303.207,1306.49,1309.531,1310.626,1313.301,1319.261,1326.68,1331.058,1336.167,1343.95,1350.761,1359.032,1369.734,1378.491,1383.843,1390.654,1391.627,1407.681,1408.654,1309.485,1309.789,1310.55,1310.344,1312.541,1000,1000,1000,1000,1000,1000,1000,1000,1000,1000,1000,1000,1149.597,1150.874,1151.968,1000,1000,1000,1000,1000,1206.273,1196.543,1191.192,1188.273,1202.867,1000,1000,1000,1000,1000,1000,1000,1000,1000,1000,1000,1000,1000,1000,1000,1000,1000,1000,1000,1000,1000,1150.083,1146.677,1146.313,1000,1000,1000,1000,1000,1000,1000,1000,1000,1000,1000,1000,1000,1000,1000,1000,1000,1000,1000,1000,1000,1000,1000,1000,1000,1000,1000,1000,1000,1000,1000,1000,1000,1000,1000,1000,1000,1000,1000,1000,1000,1000,1000,1000,1000,1000,1000,1000,1000,1000,1000,1000,1000,1000,1000,1000,1000,1000,1000,1000,1000,1000,1000,1000,1000,1000,1000,1000,1000,1000,1000,1000,1000,1000,1000,1000,1000,1000,1000,1000,1000,1000,1000,1000,1000,1000,1000,1000,1000,1000,1000,1000,1000,1000,1000,1000,1000,1000,1000,1000,1000,1000,1000,1000,1000,1000,1000,1000,1000,1000,1000,1000,1000,1000,1000,1000,1000,1000,1000,1000,1000,1000,1000,1000,1000,1000,1000,1000,1000,1000,1000,1000,1000,1000,1000,1000,1000,1000,1000,1000,1000,1000,1000,1000,1000,1000,1000,1000,1000,1000,1000,1000,1000,1000,1000,1000,1000,1000,1000,1000,1000,1000,1000,1000,1000,1000,1000,1000,1000,1000,1000,1000,1000,1000,1000,1000,1000,1000,1000,1000,1000,1000,1000,1000,1000,1000,1000,1000,1000,1000,1000,1000,1000,1000,1000,1000,1000,1000,1000,1000,1000,1000,1000,1000,1000,1000,1000,1000,1000,1000,1000,1000,1000,1000,1000,1000,1000,1000,1000,1000,1000,1000,1000,1000,1000,1000,1000,1000,1000,1000,1000,1000,1000,1000,1000,1000,1000,1000,1000,1000,1000,1000,1000,1000,1000,1000,1000,1000,1000,1000,1000,1000,1000,1000,1000,1000,1000,1000,1000,1000,1000,1000,1000,1000,1000,1000,1000,1000,1000,1000,1000,1000,1000,1000,1000
1000,1000,1000,1000,1000,1000,1000,1000,1000,1000,1000,1000,1000,1000,1000,1000,1000,1000,1000,1000,1000,1000,1000,1000,1000,1000,1000,1000,1000,1000,1000,1000,1000,1000,1000,1000,1000,1000,1000,1000,1000,1000,1000,1000,1000,1000,1000,1000,1000,1000,1000,1000,1000,1000,1000,1000,1208.219,1211.624,1215.273,1218.192,1224.03,1229.138,1235.219,1237.408,1243.733,1252.003,1256.868,1263.679,1271.949,1277.787,1282.652,1291.896,1297.734,1192.651,1192.955,1193.244,1193.404,1193.936,1194.749,1195.661,1196.634,1198.641,1199.462,1200.922,1202.381,1203.719,1204.813,1207.246,1209.192,1211.381,1214.786,1218.192,1221.354,1224.76,1228.895,1231.814,1234.733,1238.381,1240.814,1245.436,1251.03,1255.895,1261.247,1266.111,1270.976,1276.328,1283.625,1287.517,1296.274,1304.058,1311.355,1208.333,1208.675,1208.721,1209.154,1209.663,1210.013,1210.423,1211.898,1212.81,1214.209,1215.212,1217.219,1217.705,1220.685,1222.145,1225.854,1228.773,1231.571,1233.76,1237.408,1239.841,1243.003,1246.165,1250.787,1253.219,1259.544,1262.949,1267.084,1272.436,1280.22,1283.625,1289.463,1297.247,1305.031,1309.896,1321.085,1330.815,1223.825,1224.015,1224.243,1224.6,1225.071,1225.406,1226.432,1227.055,1227.77,1228.53,1229.777,1231.206,1233.03,1235.098,1237.104,1239.598,1241.422,1243.611,1246.409,1248.476,1251.152,1255.409,1259.057,1264.652,1271.949,1275.841,1279.247,1285.571,1291.896,1296.76,1304.058,1308.436,1317.68,1328.383,1337.626,1340.545,1239.468,1239.734,1239.811,1239.902,1240.419,1240.974,1241.346,1242.76,1244.28,1244.979,1246.53,1249.084,1249.632,1251.821,1255.165,1256.99,1259.544,1265.382,1267.571,1270.003,1272.922,1277.301,1278.517,1282.652,1288.733,1296.274,1299.68,1306.49,1314.761,1321.572,1325.95,1337.139,1343.95,1348.815,1355.14,1254.96,1255.15,1255.621,1256.062,1256.716,1257.339,1258.464,1259.361,1260.912,1262.098,1264.409,1265.686,1267.936,1270.125,1274.382,1277.058,1282.774,1285.571,1290.193,1291.166,1296.274,1298.22,1305.031,1307.707,1316.707,1320.599,1328.383,1331.788,1342.004,1348.815,1360.491,1365.356,1378.491,1272.702,1272.983,1273.188,1273.964,1274.427,1275.081,1276.571,1278.821,1281.193,1283.504,1286.058,1288.612,1290.801,1293.355,1297.977,1301.625,1304.544,1309.896,1314.518,1319.382,1324.491,1328.626,1335.68,1341.031,1350.275,1361.464,1372.167,1378.978,1389.194,1394.059,1291.934,1292.162,1292.595,1293.34,1294.541,1295.575,1296.487,1298.281,1300.409,1301.869,1303.207,1305.822,1308.072,1309.531,1312.45,1319.261,1325.464,1329.842,1335.193,1341.275,1349.545,1356.113,1367.788,1377.518,1383.843,1386.762,1389.681,1402.329,1405.735,1309.447,1310.223,1311.401,1311.507,1000,1000,1000,1000,1000,1000,1000,1000,1000,1000,1000,1000,1000,1149.597,1151.178,1000,1000,1000,1000,1000,1000,1206.759,1197.03,1191.192,1188.273,1200.435,1000,1000,1234.003,1238.868,1240.814,1000,1000,1000,1000,1000,1000,1000,1000,1000,1000,1000,1000,1000,1000,1000,1000,1147.103,1146.495,1145.37,1000,1000,1000,1000,1000,1000,1000,1000,1000,1000,1000,1000,1000,1000,1000,1000,1000,1000,1000,1000,1000,1000,1000,1000,1000,1000,1000,1000,1000,1000,1000,1000,1000,1000,1000,1000,1000,1000,1000,1000,1000,1000,1000,1000,1000,1000,1000,1000,1000,1000,1000,1000,1000,1000,1000,1000,1000,1000,1000,1000,1000,1000,1000,1000,1000,1000,1000,1000,1000,1000,1000,1000,1000,1000,1000,1000,1000,1000,1000,1000,1000,1000,1000,1000,1000,1000,1000,1000,1000,1000,1000,1000,1000,1000,1000,1000,1000,1000,1000,1000,1000,1000,1000,1000,1000,1000,1000,1000,1000,1000,1000,1000,1000,1000,1000,1000,1000,1000,1000,1000,1000,1000,1000,1000,1000,1000,1000,1000,1000,1000,1000,1000,1000,1000,1000,1000,1000,1000,1000,1000,1000,1000,1000,1000,1000,1000,1000,1000,1000,1000,1000,1000,1000,1000,1000,1000,1000,1000,1000,1000,1000,1000,1000,1000,1000,1000,1000,1000,1000,1000,1000,1000,1000,1000,1000,1000,1000,1000,1000,1000,1000,1000,1000,1000,1000,1000,1000,1000,1000,1000,1000,1000,1000,1000,1000,1000,1000,1000,1000,1000,1000,1000,1000,1000,1000,1000,1000,1000,1000,1000,1000,1000,1000,1000,1000,1000,1000,1000,1000,1000,1000,1000,1000,1000,1000,1000,1000,1000,1000,1000,1000,1000,1000,1000,1000,1000,1000,1000,1000,1000,1000,1000,1000,1000,1000,1000,1000,1000,1000,1000,1000,1000,1000,1000,1000,1000,1000,1000,1000,1000,1000,1000,1000,1000,1000,1000,1000,1000,1000,1000,1000,1000,1000,1000,1000
1000,1000,1000,1000,1000,1000,1000,1000,1000,1000,1000,1000,1000,1000,1000,1000,1000,1000,1000,1000,1000,1000,1000,1000,1000,1000,1000,1000,1000,1000,1000,1000,1000,1000,1000,1000,1000,1000,1000,1000,1000,1000,1000,1000,1000,1000,1000,1000,1000,1000,1000,1000,1000,1000,1000,1000,1000,1211.138,1214.786,1218.192,1223.3,1227.192,1233.76,1235.219,1242.273,1250.057,1255.895,1261.247,1270.003,1274.868,1280.706,1289.463,1297.734,1303.571,1192.955,1193.198,1193.525,1194.019,1194.749,1195.54,1196.634,1197.911,1198.459,1199.827,1200.922,1202.138,1202.928,1205.665,1208.462,1209.922,1213.57,1217.341,1220.016,1222.327,1226.219,1228.895,1231.814,1235.949,1240.084,1243.49,1248.111,1252.976,1261.247,1266.111,1270.976,1276.328,1283.625,1286.544,1295.301,1303.085,1312.328,1208.257,1208.637,1208.675,1209.032,1209.427,1209.747,1210.119,1211.351,1212.05,1213.479,1214.786,1216.976,1217.705,1220.381,1221.233,1224.76,1226.584,1229.138,1231.206,1235.098,1237.408,1240.814,1246.165,1250.301,1252.49,1259.057,1261.49,1266.598,1270.003,1277.787,1278.76,1288.49,1292.869,1301.139,1306.004,1315.734,1325.95,1331.788,1223.939,1224.243,1224.539,1224.782,1225.489,1226.204,1226.918,1228.074,1228.895,1230.172,1230.962,1232.543,1234.064,1235.949,1238.017,1239.598,1242.881,1245.922,1248.841,1252.49,1258.571,1261.247,1265.868,1270.003,1273.166,1276.571,1282.652,1289.463,1296.76,1300.652,1306.49,1310.382,1320.599,1330.328,1337.626,1347.356,1239.62,1239.697,1239.902,1240.289,1241.255,1241.665,1243.642,1244.615,1245.162,1246.348,1249.328,1249.875,1252.064,1255.165,1256.26,1258.449,1263.193,1264.895,1267.571,1271.949,1276.328,1278.517,1284.355,1289.463,1295.544,1299.193,1306.49,1314.761,1320.599,1325.95,1335.193,1342.004,1346.869,1355.14,1254.922,1255.15,1255.568,1255.986,1256.716,1257.689,1258.905,1260.03,1261.733,1263.436,1265.199,1266.78,1268.544,1271.098,1273.652,1277.058,1281.801,1285.571,1288.004,1289.706,1293.355,1295.788,1301.869,1307.707,1316.707,1320.599,1327.896,1331.788,1338.599,1347.842,1359.518,1365.356,1377.518,1272.74,1272.892,1273.249,1274.055,1274.534,1275.203,1276.571,1278.821,1280.95,1282.956,1285.45,1288.977,1290.436,1293.842,1298.463,1302.599,1304.058,1309.896,1312.572,1318.166,1323.274,1330.085,1335.193,1340.545,1348.329,1357.086,1366.329,1373.14,1386.275,1395.032,1396.978,1292.162,1292.648,1293.18,1294.206,1295.727,1296.335,1299.071,1300.896,1302.416,1303.511,1307.463,1307.463,1309.531,1312.085,1318.774,1321.572,1326.68,1331.545,1336.896,1343.95,1350.761,1361.464,1370.221,1384.816,1383.843,1393.573,1405.735,1309.485,1309.599,1310.55,1310.778,1000,1000,1000,1000,1000,1000,1000,1000,1000,1000,1000,1000,1000,1000,1151.725,1000,1000,1000,1000,1000,1000,1000,1201.408,1195.57,1191.192,1189.732,1200.435,1000,1000,1000,1239.841,1245.679,1238.868,1000,1000,1000,1000,1000,1000,1000,1000,1000,1000,1000,1000,1000,1000,1000,1145.036,1143.652,1142.998,1000,1000,1000,1000,1000,1000,1000,1000,1000,1000,1000,1000,1000,1000,1000,1000,1000,1000,1000,1000,1000,1000,1000,1000,1000,1000,1000,1000,1000,1000,1000,1000,1000,1000,1000,1000,1000,1000,1000,1000,1000,1000,1000,1000,1000,1000,1000,1000,1000,1000,1000,1000,1000,1000,1000,1000,1000,1000,1000,1000,1000,1000,1000,1000,1000,1000,1000,1000,1000,1000,1000,1000,1000,1000,1000,1000,1000,1000,1000,1000,1000,1000,1000,1000,1000,1000,1000,1000,1000,1000,1000,1000,1000,1000,1000,1000,1000,1000,1000,1000,1000,1000,1000,1000,1000,1000,1000,1000,1000,1000,1000,1000,1000,1000,1000,1000,1000,1000,1000,1000,1000,1000,1000,1000,1000,1000,1000,1000,1000,1000,1000,1000,1000,1000,1000,1000,1000,1000,1000,1000,1000,1000,1000,1000,1000,1000,1000,1000,1000,1000,1000,1000,1000,1000,1000,1000,1000,1000,1000,1000,1000,1000,1000,1000,1000,1000,1000,1000,1000,1000,1000,1000,1000,1000,1000,1000,1000,1000,1000,1000,1000,1000,1000,1000,1000,1000,1000,1000,1000,1000,1000,1000,1000,1000,1000,1000,1000,1000,1000,1000,1000,1000,1000,1000,1000,1000,1000,1000,1000,1000,1000,1000,1000,1000,1000,1000,1000,1000,1000,1000,1000,1000,1000,1000,1000,1000,1000,1000,1000,1000,1000,1000,1000,1000,1000,1000,1000,1000,1000,1000,1000,1000,1000,1000,1000,1000,1000,1000,1000,1000,1000,1000,1000,1000,1000,1000,1000,1000,1000,1000,1000,1000,1000,1000,1000,1000,1000,1000,1000,1000,1000,1000,1000,1000,1000
1000,1000,1000,1000,1000,1000,1000,1000,1000,1000,1000,1000,1000,1000,1000,1000,1000,1000,1000,1000,1000,1000,1000,1000,1000,1000,1000,1000,1000,1000,1000,1000,1000,1000,1000,1000,1000,1000,1000,1000,1000,1000,1000,1000,1000,1000,1000,1000,1000,1000,1000,1000,1000,1000,1000,1000,1000,1209.192,1212.597,1216.489,1222.814,1227.192,1234.49,1235.949,1242.273,1247.625,1251.03,1255.895,1264.652,1269.031,1276.814,1285.571,1292.869,1298.707,1192.803,1192.993,1193.35,1193.936,1194.552,1195.175,1196.33,1197.577,1197.759,1198.854,1200.496,1201.651,1202.138,1205.117,1208.219,1209.557,1212.841,1216.003,1219.53,1221.354,1225.733,1228.895,1232.3,1235.949,1238.868,1242.76,1247.382,1252.49,1258.328,1264.652,1270.976,1274.868,1281.679,1283.625,1295.301,1304.058,1315.247,1208.219,1208.523,1208.637,1208.812,1209.093,1209.359,1209.922,1210.864,1211.898,1213.327,1215.212,1216.976,1218.739,1220.685,1221.537,1224.03,1225.854,1228.773,1230.354,1233.273,1236.435,1240.327,1243.003,1248.354,1252.003,1258.328,1260.274,1265.139,1268.544,1274.868,1276.328,1285.085,1288.49,1297.247,1305.031,1313.788,1323.031,1330.815,1223.825,1224.053,1224.243,1224.6,1225.071,1225.885,1226.554,1227.922,1228.712,1229.989,1231.206,1233.03,1234.307,1236.253,1238.017,1239.598,1242.517,1245.922,1248.476,1251.152,1258.084,1262.22,1266.355,1269.517,1273.166,1276.571,1282.652,1288.49,1295.788,1300.652,1307.463,1311.842,1319.626,1328.383,1335.193,1345.41,1239.468,1239.544,1239.811,1240.168,1241.057,1241.452,1242.76,1243.49,1244.28,1245.557,1248.841,1249.875,1252.368,1255.53,1256.625,1258.084,1263.193,1264.409,1266.72,1271.463,1275.112,1277.301,1283.625,1288.733,1296.274,1299.68,1305.031,1313.788,1319.626,1323.031,1330.328,1341.031,1344.923,1353.194,1361.951,1255.112,1255.378,1255.918,1256.716,1257.568,1258.753,1259.848,1260.912,1262.767,1263.922,1265.199,1267.084,1270.125,1272.193,1276.328,1280.463,1282.287,1285.571,1288.004,1292.869,1296.274,1303.571,1309.653,1317.68,1319.626,1326.923,1331.788,1338.599,1347.842,1358.545,1365.356,1376.545,1272.74,1272.983,1273.5,1273.964,1274.534,1275.324,1276.723,1278.426,1280.95,1283.2,1285.754,1289.342,1291.166,1294.571,1297.977,1302.112,1303.085,1308.193,1310.869,1316.22,1322.545,1329.356,1334.22,1339.572,1346.869,1353.68,1362.437,1372.167,1385.302,1391.14,1396.005,1292.276,1292.77,1293.18,1294.1,1295.301,1295.727,1298.463,1300.409,1302.173,1303.207,1307.099,1305.822,1306.734,1309.896,1317.437,1316.585,1321.572,1330.328,1333.248,1336.896,1345.896,1361.464,1364.87,1000,1386.762,1000,1000,1000,1000,1000,1000,1000,1000,1000,1000,1000,1000,1000,1000,1000,1000,1000,1000,1165.164,1161.88,1154.705,1151.725,1000,1000,1000,1000,1000,1000,1198.003,1193.138,1188.273,1191.192,1195.084,1000,1000,1221.354,1234.976,1239.841,1242.76,1000,1000,1000,1000,1000,1000,1000,1000,1000,1000,1000,1000,1000,1000,1000,1142.421,1142.877,1142.314,1000,1000,1000,1000,1000,1000,1000,1000,1000,1000,1000,1000,1000,1000,1000,1000,1000,1000,1000,1000,1000,1000,1000,1000,1000,1000,1000,1000,1000,1000,1000,1000,1000,1000,1000,1000,1000,1000,1000,1000,1000,1000,1000,1000,1000,1000,1000,1000,1000,1000,1000,1000,1000,1000,1000,1000,1000,1000,1000,1000,1000,1000,1000,1000,1000,1000,1000,1000,1000,1000,1000,1000,1000,1000,1000,1000,1000,1000,1000,1000,1000,1000,1000,1000,1000,1000,1000,1000,1000,1000,1000,1000,1000,1000,1000,1000,1000,1000,1000,1000,1000,1000,1000,1000,1000,1000,1000,1000,1000,1000,1000,1000,1000,1000,1000,1000,1000,1000,1000,1000,1000,1000,1000,1000,1000,1000,1000,1000,1000,1000,1000,1000,1000,1000,1000,1000,1000,1000,1000,1000,1000,1000,1000,1000,1000,1000,1000,1000,1000,1000,1000,1000,1000,1000,1000,1000,1000,1000,1000,1000,1000,1000,1000,1000,1000,1000,1000,1000,1000,1000,1000,1000,1000,1000,1000,1000,1000,1000,1000,1000,1000,1000,1000,1000,1000,1000,1000,1000,1000,1000,1000,1000,1000,1000,1000,1000,1000,1000,1000,1000,1000,1000,1000,1000,1000,1000,1000,1000,1000,1000,1000,1000,1000,1000,1000,1000,1000,1000,1000,1000,1000,1000,1000,1000,1000,1000,1000,1000,1000,1000,1000,1000,1000,1000,1000,1000,1000,1000,1000,1000,1000,1000,1000,1000,1000,1000,1000,1000,1000,1000,1000,1000,1000,1000,1000,1000,1000,1000,1000,1000,1000,1000,1000,1000,1000,1000,1000,1000,1000,1000,1000,1000,1000,1000,1000
1000,1000,1000,1000,1000,1000,1000,1000,1000,1000,1000,1000,1000,1000,1000,1000,1000,1000,1000,1000,1000,1000,1000,1000,1000,1000,1000,1000,1000,1000,1000,1000,1000,1000,1000,1000,1000,1000,1000,1000,1000,1000,1000,1000,1000,1000,1000,1000,1000,1000,1000,1000,1000,1000,1000,1000,1000,1000,1214.3,1218.192,1224.03,1228.408,1235.949,1237.895,1244.706,1248.598,1252.49,1257.355,1265.625,1271.949,1279.733,1287.517,1295.788,1300.652,1192.765,1193.031,1193.35,1193.791,1194.354,1195.068,1195.661,1196.938,1197.242,1198.641,1200.07,1201.408,1201.895,1204.813,1207.489,1210.286,1213.205,1216.489,1220.016,1222.814,1225.246,1229.625,1234.003,1236.922,1239.598,1243.976,1245.922,1251.517,1258.328,1262.22,1268.057,1270.976,1276.328,1278.274,1290.436,1299.193,1308.436,1316.22,1208.447,1208.523,1208.675,1208.918,1209.093,1209.587,1210.317,1211.488,1212.506,1214.422,1216.064,1217.949,1220.077,1221.537,1224.03,1225.854,1227.679,1229.989,1232.422,1235.098,1238.868,1243.976,1249.084,1253.949,1259.544,1261.003,1265.139,1268.057,1272.922,1272.922,1281.679,1286.058,1293.842,1302.112,1309.896,1322.058,1327.896,1223.825,1223.977,1224.205,1224.38,1224.661,1225.406,1226.098,1227.329,1228.378,1230.354,1231.631,1234.064,1235.098,1237.408,1238.625,1240.327,1241.422,1244.706,1246.773,1249.328,1254.436,1260.03,1263.436,1265.868,1270.003,1273.895,1280.706,1287.031,1294.328,1298.22,1303.085,1309.409,1317.68,1324.491,1333.248,1340.545,1239.354,1239.392,1239.697,1240.054,1240.799,1240.974,1242,1242.623,1243.49,1244.28,1247.625,1249.632,1252.368,1254.922,1255.895,1256.625,1260.274,1262.706,1266.233,1270.003,1275.598,1279.49,1284.355,1288.733,1295.544,1299.193,1302.599,1309.896,1317.193,1321.572,1327.41,1339.085,1342.977,1352.221,1360.978,1254.998,1255.302,1255.735,1256.45,1257.446,1258.464,1259.666,1260.73,1262.341,1263.436,1264.652,1266.78,1269.76,1271.828,1275.476,1279.612,1281.314,1282.774,1285.571,1290.193,1294.085,1299.923,1307.707,1315.247,1317.68,1324.491,1331.788,1341.518,1348.815,1359.518,1366.329,1378.491,1272.74,1273.029,1273.645,1274.336,1274.853,1275.568,1276.723,1278.061,1280.281,1282.409,1284.598,1287.639,1291.166,1294.571,1297.977,1300.652,1302.599,1305.517,1308.193,1312.572,1319.382,1325.22,1332.275,1337.139,1345.896,1351.734,1359.518,1369.248,1380.924,1386.275,1394.059,1292.2,1000,1292.77,1293.34,1293.887,1294.313,1297.004,1298.098,1299.071,1300.652,1305.213,1304.058,1305.213,1309.166,1316.585,1316.099,1000,1000,1335.68,1339.329,1350.275,1360.005,1374.113,1000,1392.6,1000,1000,1000,1000,1000,1000,1000,1000,1000,1000,1000,1000,1000,1000,1000,1000,1000,1164.799,1164.799,1163.948,1154.948,1150.874,1000,1000,1000,1000,1000,1000,1184.624,1181.219,1178.543,1186.083,1187.3,1000,1000,1000,1000,1225.733,1228.165,1000,1000,1000,1000,1000,1000,1000,1000,1000,1000,1000,1000,1000,1000,1000,1143.652,1143.652,1143.379,1000,1000,1000,1000,1000,1000,1000,1000,1000,1000,1000,1000,1000,1000,1000,1000,1000,1000,1000,1000,1000,1000,1000,1000,1000,1000,1000,1000,1000,1000,1000,1000,1000,1000,1000,1000,1000,1000,1000,1000,1000,1000,1000,1000,1000,1000,1000,1000,1000,1000,1000,1000,1000,1000,1000,1000,1000,1000,1000,1000,1000,1000,1000,1000,1000,1000,1000,1000,1000,1000,1000,1000,1000,1000,1000,1000,1000,1000,1000,1000,1000,1000,1000,1000,1000,1000,1000,1000,1000,1000,1000,1000,1000,1000,1000,1000,1000,1000,1000,1000,1000,1000,1000,1000,1000,1000,1000,1000,1000,1000,1000,1000,1000,1000,1000,1000,1000,1000,1000,1000,1000,1000,1000,1000,1000,1000,1000,1000,1000,1000,1000,1000,1000,1000,1000,1000,1000,1000,1000,1000,1000,1000,1000,1000,1000,1000,1000,1000,1000,1000,1000,1000,1000,1000,1000,1000,1000,1000,1000,1000,1000,1000,1000,1000,1000,1000,1000,1000,1000,1000,1000,1000,1000,1000,1000,1000,1000,1000,1000,1000,1000,1000,1000,1000,1000,1000,1000,1000,1000,1000,1000,1000,1000,1000,1000,1000,1000,1000,1000,1000,1000,1000,1000,1000,1000,1000,1000,1000,1000,1000,1000,1000,1000,1000,1000,1000,1000,1000,1000,1000,1000,1000,1000,1000,1000,1000,1000,1000,1000,1000,1000,1000,1000,1000,1000,1000,1000,1000,1000,1000,1000,1000,1000,1000,1000,1000,1000,1000,1000,1000,1000,1000,1000,1000,1000,1000,1000,1000,1000,1000,1000,1000,1000,1000,1000,1000,1000,1000,1000,1000,1000,1000,1000,1000,1000
1000,1000,1000,1000,1000,1000,1000,1000,1000,1000,1000,1000,1000,1000,1000,1000,1000,1000,1000,1000,1000,1000,1000,1000,1000,1000,1000,1000,1000,1000,1000,1000,1000,1000,1000,1000,1000,1000,1000,1000,1000,1000,1000,1000,1000,1000,1000,1000,1000,1000,1000,1000,1000,1000,1000,1000,1000,1000,1211.138,1216.489,1223.3,1229.868,1238.868,1243.733,1247.138,1247.138,1250.057,1254.922,1259.301,1265.625,1273.895,1281.679,1290.436,1296.76,1192.651,1192.955,1193.297,1193.525,1194.019,1194.749,1195.661,1196.786,1197.577,1199.036,1200.07,1200.922,1201.895,1205.117,1207.246,1209.922,1212.476,1214.422,1217.705,1220.016,1222.814,1227.435,1233.516,1235.949,1240.084,1243.976,1248.111,1251.517,1257.355,1260.76,1267.084,1270.976,1275.355,1277.301,1288.49,1295.301,1304.058,1311.355,1208.333,1208.447,1208.561,1208.812,1209.032,1209.504,1210.119,1211.107,1212.202,1214.026,1215.395,1217.219,1218.983,1221.233,1223.057,1224.76,1226.949,1230.354,1232.908,1236.435,1239.354,1245.192,1248.354,1252.003,1256.868,1260.274,1263.679,1268.057,1273.895,1276.814,1282.652,1288.49,1292.869,1300.166,1309.896,1317.68,1324.004,1331.788,1223.863,1224.091,1224.38,1224.661,1225.315,1225.991,1227.329,1228.074,1229.777,1231.388,1233.273,1235.098,1237.408,1239.354,1241.057,1242.881,1244.341,1246.409,1248.476,1252.976,1258.571,1263.922,1265.868,1270.733,1274.625,1279.977,1287.031,1293.355,1298.22,1303.085,1308.436,1315.734,1325.464,1331.302,1338.599,1347.356,1239.392,1239.734,1240.054,1240.723,1241.255,1242,1242.623,1243.794,1244.615,1247.625,1249.632,1252.368,1254.192,1255.53,1256.625,1259.909,1261.976,1265.382,1268.057,1272.922,1279.004,1285.085,1290.679,1298.22,1302.599,1304.058,1308.923,1315.247,1319.626,1324.004,1335.193,1342.004,1350.761,1359.032,1255.112,1255.34,1255.796,1256.541,1257.689,1258.328,1259.513,1260.03,1261.916,1262.767,1263.679,1265.443,1268.544,1270.49,1274.747,1278.76,1280.95,1282.287,1286.544,1290.193,1295.058,1301.869,1310.382,1315.247,1318.166,1325.95,1335.193,1341.518,1348.815,1356.599,1365.356,1374.599,1272.588,1273.029,1273.88,1274.336,1274.747,1275.841,1276.571,1277.696,1279.612,1282.166,1283.747,1287.639,1291.166,1295.058,1297.125,1300.652,1301.139,1304.544,1307.22,1312.085,1318.166,1322.545,1329.356,1334.22,1343.464,1351.734,1360.491,1371.194,1380.924,1386.275,1390.167,1292.2,1292.314,1000,1292.831,1293.104,1293.18,1295.301,1296.335,1298.463,1301.625,1306.49,1305.517,1306.734,1308.801,1314.518,1314.031,1000,1000,1000,1000,1000,1000,1000,1000,1395.519,1000,1000,1000,1416.438,1000,1000,1000,1000,1000,1000,1000,1000,1000,1000,1000,1000,1170.759,1169.299,1170.272,1169.786,1158.11,1000,1000,1000,1000,1000,1000,1000,1000,1182.435,1183.894,1192.651,1000,1000,1000,1211.138,1221.354,1220.381,1220.381,1000,1000,1000,1000,1000,1000,1000,1000,1000,1000,1000,1000,1000,1000,1000,1142.421,1142.998,1142.877,1000,1000,1000,1000,1321.815,1000,1000,1000,1000,1000,1000,1000,1000,1000,1000,1000,1000,1000,1000,1000,1000,1000,1000,1000,1000,1000,1000,1000,1000,1000,1000,1000,1000,1000,1000,1000,1000,1000,1000,1000,1000,1000,1000,1000,1000,1000,1000,1000,1000,1000,1000,1000,1000,1000,1000,1000,1000,1000,1000,1000,1000,1000,1000,1000,1000,1000,1000,1000,1000,1000,1000,1000,1000,1000,1000,1000,1000,1000,1000,1000,1000,1000,1000,1000,1000,1000,1000,1000,1000,1000,1000,1000,1000,1000,1000,1000,1000,1000,1000,1000,1000,1000,1000,1000,1000,1000,1000,1000,1000,1000,1000,1000,1000,1000,1000,1000,1000,1000,1000,1000,1000,1000,1000,1000,1000,1000,1000,1000,1000,1000,1000,1000,1000,1000,1000,1000,1000,1000,1000,1000,1000,1000,1000,1000,1000,1000,1000,1000,1000,1000,1000,1000,1000,1000,1000,1000,1000,1000,1000,1000,1000,1000,1000,1000,1000,1000,1000,1000,1000,1000,1000,1000,1000,1000,1000,1000,1000,1000,1000,1000,1000,1000,1000,1000,1000,1000,1000,1000,1000,1000,1000,1000,1000,1000,1000,1000,1000,1000,1000,1000,1000,1000,1000,1000,1000,1000,1000,1000,1000,1000,1000,1000,1000,1000,1000,1000,1000,1000,1000,1000,1000,1000,1000,1000,1000,1000,1000,1000,1000,1000,1000,1000,1000,1000,1000,1000,1000,1000,1000,1000,1000,1000,1000,1000,1000,1000,1000,1000,1000,1000,1000,1000,1000,1000,1000,1000,1000,1000,1000,1000,1000,1000,1000,1000,1000,1000,1000,1000,1000,1000,1000,1000,1000,1000,1000
1000,1000,1000,1000,1000,1000,1000,1000,1000,1000,1000,1000,1000,1000,1000,1000,1000,1000,1000,1000,1000,1000,1000,1000,1000,1000,1000,1000,1000,1000,1000,1000,1000,1000,1000,1000,1000,1000,1000,1000,1000,1000,1000,1000,1000,1000,1000,1000,1000,1000,1000,1000,1000,1000,1000,1000,1000,1000,1000,1216.003,1222.327,1228.408,1237.408,1240.814,1246.165,1247.138,1250.057,1255.895,1261.247,1266.111,1274.868,1280.706,1286.544,1292.869,1302.599,1192.765,1193.198,1193.464,1193.936,1194.445,1195.418,1196.193,1197.09,1198.094,1199.036,1200.07,1200.922,1203.719,1205.969,1208.462,1211.016,1212.841,1215.638,1218.192,1220.016,1224.273,1230.598,1234.003,1238.381,1244.706,1246.652,1250.301,1253.949,1259.301,1264.652,1268.057,1270.976,1275.355,1281.679,1289.463,1298.22,1307.463,1316.22,1208.409,1208.561,1208.766,1209.154,1209.587,1210.013,1211.107,1212.05,1213.661,1215.03,1216.733,1218.739,1220.381,1221.537,1223.787,1225.854,1228.773,1231.571,1235.098,1238.381,1243.49,1245.679,1249.571,1253.949,1257.598,1261.003,1266.598,1272.922,1276.814,1283.625,1290.923,1291.896,1301.139,1306.977,1314.761,1319.626,1326.923,1331.788,1223.977,1224.205,1224.486,1225.071,1225.885,1227.055,1228.074,1230.172,1230.962,1233.03,1234.307,1236.8,1238.99,1240.327,1242.517,1243.976,1245.557,1247.138,1252.003,1258.084,1264.652,1267.571,1272.436,1275.841,1279.247,1286.544,1291.896,1294.815,1301.625,1306.004,1312.815,1318.653,1327.41,1333.248,1342.491,1239.392,1239.811,1240.229,1240.974,1241.452,1242.121,1242.623,1243.794,1244.979,1247.625,1249.875,1252.672,1254.557,1255.165,1256.26,1259.179,1261.976,1265.382,1269.517,1274.625,1281.436,1287.517,1292.625,1297.734,1301.139,1303.571,1308.923,1315.247,1321.572,1325.95,1338.112,1343.95,1350.761,1357.086,1255.074,1255.15,1255.568,1256.207,1257.127,1257.811,1258.905,1259.513,1261.49,1263.01,1263.679,1265.686,1268.24,1269.152,1272.557,1277.544,1280.463,1282.774,1288.004,1291.896,1297.49,1303.085,1313.301,1319.626,1324.491,1331.788,1338.599,1342.977,1347.842,1354.653,1361.464,1373.626,1272.55,1272.892,1273.645,1274.055,1274.23,1275.324,1276.723,1277.544,1279.247,1281.679,1282.956,1284.294,1288.004,1291.896,1294.206,1297.49,1299.801,1305.031,1306.734,1311.599,1318.653,1322.545,1327.896,1334.22,1339.085,1345.896,1359.032,1365.356,1374.113,1380.924,1381.897,1388.221,1388.221,1396.978,1292.01,1292.314,1292.443,1293.598,1294.663,1295.727,1298.889,1304.909,1306.734,1307.463,1310.99,1000,1000,1000,1000,1000,1000,1000,1000,1000,1000,1000,1000,1000,1000,1000,1000,1000,1000,1000,1000,1000,1000,1000,1000,1000,1000,1000,1173.191,1170.759,1172.218,1172.218,1000,1000,1000,1000,1000,1000,1000,1000,1000,1175.867,1179.273,1185.354,1000,1000,1000,1217.949,1220.381,1218.435,1216.976,1000,1000,1000,1000,1000,1000,1000,1000,1000,1000,1000,1000,1000,1000,1000,1000,1142.998,1142.755,1000,1000,1000,1000,1318.653,1000,1000,1000,1000,1000,1000,1000,1000,1000,1000,1000,1000,1000,1000,1000,1000,1000,1000,1000,1000,1000,1000,1000,1000,1000,1000,1000,1000,1000,1000,1000,1000,1000,1000,1000,1000,1000,1000,1000,1000,1000,1000,1000,1000,1000,1000,1000,1000,1000,1000,1000,1000,1000,1000,1000,1000,1000,1000,1000,1000,1000,1000,1000,1000,1000,1000,1000,1000,1000,1000,1000,1000,1000,1000,1000,1000,1000,1000,1000,1000,1000,1000,1000,1000,1000,1000,1000,1000,1000,1000,1000,1000,1000,1000,1000,1000,1000,1000,1000,1000,1000,1000,1000,1000,1000,1000,1000,1000,1000,1000,1000,1000,1000,1000,1000,1000,1000,1000,1000,1000,1000,1000,1000,1000,1000,1000,1000,1000,1000,1000,1000,1000,1000,1000,1000,1000,1000,1000,1000,1000,1000,1000,1000,1000,1000,1000,1000,1000,1000,1000,1000,1000,1000,1000,1000,1000,1000,1000,1000,1000,1000,1000,1000,1000,1000,1000,1000,1000,1000,1000,1000,1000,1000,1000,1000,1000,1000,1000,1000,1000,1000,1000,1000,1000,1000,1000,1000,1000,1000,1000,1000,1000,1000,1000,1000,1000,1000,1000,1000,1000,1000,1000,1000,1000,1000,1000,1000,1000,1000,1000,1000,1000,1000,1000,1000,1000,1000,1000,1000,1000,1000,1000,1000,1000,1000,1000,1000,1000,1000,1000,1000,1000,1000,1000,1000,1000,1000,1000,1000,1000,1000,1000,1000,1000,1000,1000,1000,1000,1000,1000,1000,1000,1000,1000,1000,1000,1000,1000,1000,1000,1000,1000,1000,1000,1000,1000,1000,1000,1000,1000
1000,1000,1000,1000,1000,1000,1000,1000,1000,1000,1000,1000,1000,1000,1000,1000,1000,1000,1000,1000,1000,1000,1000,1000,1000,1000,1000,1000,1000,1000,1000,1000,1000,1000,1000,1000,1000,1000,1000,1000,1000,1000,1000,1000,1000,1000,1000,1000,1000,1000,1000,1000,1000,1000,1000,1000,1000,1000,1000,1214.786,1221.111,1227.679,1234.49,1239.354,1243.733,1246.165,1249.571,1257.355,1259.301,1267.084,1274.868,1280.706,1284.598,1292.869,1300.652,1192.765,1193.107,1193.404,1194.019,1194.445,1195.418,1196.482,1197.242,1198.094,1199.462,1200.07,1200.922,1203.719,1205.117,1207.854,1209.922,1212.111,1214.786,1218.678,1220.016,1224.273,1228.408,1231.814,1236.435,1240.084,1243.976,1249.571,1252.976,1256.868,1262.22,1264.652,1268.544,1271.949,1279.733,1287.517,1297.247,1307.463,1315.247,1208.371,1208.599,1208.721,1209.154,1209.747,1210.317,1211.624,1212.81,1213.844,1215.03,1216.489,1217.949,1218.739,1220.928,1223.422,1225.489,1228.773,1231.206,1234.246,1237.895,1241.3,1243.49,1247.868,1251.517,1255.165,1258.328,1267.084,1270.003,1276.814,1282.652,1290.436,1293.842,1302.112,1307.95,1315.734,1321.085,1325.95,1331.788,1223.939,1224.205,1224.38,1225.071,1225.489,1226.797,1227.922,1229.594,1230.962,1233.03,1234.064,1236.496,1238.017,1239.598,1241.787,1243.611,1244.341,1246.409,1249.328,1255.409,1262.949,1268.787,1275.112,1278.517,1282.166,1288.004,1291.896,1294.815,1300.652,1306.49,1310.869,1317.68,1328.383,1335.193,1341.518,1239.392,1239.811,1240.107,1240.563,1240.974,1241.346,1242,1243.186,1244.797,1246.956,1249.328,1251.517,1254.192,1255.53,1256.26,1259.179,1263.557,1265.747,1268.057,1274.139,1278.517,1283.625,1288.004,1294.085,1298.22,1302.599,1307.95,1316.22,1321.572,1325.95,1333.248,1339.085,1342.977,1354.167,1254.922,1255.112,1255.568,1256.29,1257.127,1257.689,1258.753,1259.361,1261.307,1263.01,1263.922,1265.686,1268.544,1269.517,1272.193,1276.328,1278.76,1281.314,1287.031,1290.679,1296.274,1301.869,1311.112,1316.22,1323.031,1330.815,1339.572,1344.923,1347.842,1353.68,1359.518,1372.653,1272.436,1272.938,1273.576,1273.88,1274.139,1275.203,1276.571,1276.875,1278.243,1280.706,1282.713,1284.294,1291.166,1295.423,1295.423,1298.463,1300.288,1304.058,1306.004,1310.869,1316.707,1315.004,1321.815,1325.22,1328.626,1339.085,1352.707,1356.113,1360.491,1375.086,1379.951,1381.897,1386.275,1291.972,1291.934,1000,1292.276,1292.595,1293.34,1294.313,1297.004,1302.963,1304.909,1304.909,1307.463,1000,1000,1000,1000,1000,1000,1000,1000,1000,1000,1000,1000,1000,1000,1402.329,1000,1000,1000,1000,1000,1000,1000,1000,1150.63,1000,1159.205,1000,1165.651,1165.164,1168.326,1000,1000,1000,1000,1000,1141.25,1000,1000,1000,1000,1179.759,1183.165,1187.3,1000,1000,1000,1215.516,1216.003,1213.57,1214.543,1000,1000,1000,1000,1000,1000,1000,1000,1000,1000,1000,1000,1000,1000,1000,1000,1145.036,1146.1,1000,1000,1000,1313.788,1315.734,1313.788,1307.707,1299.801,1000,1000,1000,1000,1000,1000,1000,1274.534,1000,1000,1000,1000,1000,1000,1000,1000,1000,1000,1000,1000,1000,1000,1000,1000,1000,1000,1000,1000,1000,1000,1000,1000,1000,1000,1000,1000,1000,1000,1000,1000,1000,1000,1000,1000,1000,1000,1000,1000,1000,1000,1000,1000,1000,1000,1000,1000,1000,1000,1000,1000,1000,1000,1000,1000,1000,1000,1000,1000,1000,1000,1000,1000,1000,1000,1000,1000,1000,1000,1000,1000,1000,1000,1000,1000,1000,1000,1000,1000,1000,1000,1000,1000,1000,1000,1000,1000,1000,1000,1000,1000,1000,1000,1000,1000,1000,1000,1000,1000,1369.772,1000,1000,1000,1000,1000,1000,1000,1000,1000,1000,1000,1000,1000,1000,1000,1000,1000,1000,1000,1000,1000,1000,1000,1000,1000,1000,1000,1000,1000,1000,1000,1000,1000,1000,1000,1000,1000,1000,1000,1000,1000,1000,1000,1000,1000,1000,1000,1000,1000,1000,1000,1000,1000,1000,1000,1000,1000,1000,1000,1000,1000,1000,1000,1000,1000,1000,1000,1000,1000,1000,1000,1000,1000,1000,1000,1000,1000,1000,1000,1000,1000,1000,1000,1000,1000,1000,1000,1000,1000,1000,1000,1000,1000,1000,1000,1000,1000,1000,1000,1000,1000,1000,1000,1000,1000,1000,1000,1000,1000,1000,1000,1000,1000,1000,1000,1000,1000,1000,1000,1000,1000,1000,1000,1000,1000,1000,1000,1000,1000,1000,1000,1000,1000,1000,1000,1000,1000,1000,1000,1000,1000,1000,1000,1000,1000,1000,1000,1000,1000,1000,1000,1000,1000,1000,1000,1000,1000,1000
1000,1000,1000,1000,1000,1000,1000,1000,1000,1000,1000,1000,1000,1000,1000,1000,1000,1000,1000,1000,1000,1000,1000,1000,1000,1000,1000,1000,1000,1000,1000,1000,1000,1000,1000,1000,1000,1000,1000,1000,1000,1000,1000,1000,1000,1000,1000,1000,1000,1000,1000,1000,1000,1000,1000,1000,1000,1000,1000,1000,1220.381,1227.679,1234.49,1238.868,1243.246,1244.706,1248.598,1255.895,1258.328,1267.084,1273.895,1277.787,1283.625,1289.463,1296.76,1192.727,1193.031,1193.297,1193.936,1194.27,1195.068,1196.057,1196.938,1197.577,1199.036,1199.462,1200.739,1203.172,1204.813,1207.854,1210.286,1211.746,1214.422,1218.192,1219.53,1222.327,1227.922,1230.598,1234.003,1236.922,1242.76,1244.706,1250.301,1252.976,1261.247,1266.111,1268.057,1271.949,1276.328,1284.598,1292.382,1302.112,1315.247,1208.295,1208.561,1208.766,1209.093,1209.663,1210.636,1211.761,1212.81,1213.661,1214.604,1215.82,1217.219,1218.192,1220.685,1221.537,1223.787,1226.584,1229.989,1232.422,1236.071,1239.841,1242.517,1245.679,1248.354,1252.49,1257.598,1266.598,1271.463,1277.787,1283.625,1289.463,1290.436,1298.22,1304.058,1310.869,1316.707,1323.031,1330.815,1223.901,1224.167,1224.38,1224.995,1225.581,1226.797,1228.074,1229.594,1230.78,1232.3,1233.273,1235.402,1237.408,1239.354,1242.152,1243.246,1244.706,1245.557,1248.841,1253.463,1262.949,1267.084,1271.949,1273.895,1277.058,1282.166,1287.031,1291.896,1299.68,1306.004,1314.761,1320.599,1330.328,1336.653,1346.383,1239.354,1239.856,1240.054,1240.419,1240.799,1241.346,1241.878,1243.034,1244.615,1246.956,1248.841,1250.969,1253.584,1255.53,1256.99,1259.544,1262.706,1264.895,1266.72,1272.436,1279.004,1283.139,1288.004,1293.355,1297.734,1302.599,1309.896,1317.68,1323.031,1330.328,1335.193,1341.031,1345.896,1355.14,1254.96,1255.188,1255.469,1255.986,1256.716,1257.339,1258.328,1259.057,1260.73,1262.767,1264.895,1266.233,1269.517,1270.49,1272.922,1276.693,1280.463,1281.801,1287.031,1289.22,1294.571,1298.707,1309.653,1313.788,1323.518,1330.815,1337.626,1341.518,1345.896,1351.734,1355.626,1370.707,1379.464,1272.892,1273.5,1273.964,1274.139,1275.081,1276.723,1277.027,1278.061,1279.612,1282.409,1284.294,1291.896,1294.571,1296.274,1298.463,1297.125,1297.977,1301.139,1305.031,1309.409,1314.518,1323.761,1328.626,1331.302,1342.004,1347.842,1352.707,1356.113,1374.113,1382.87,1391.14,1394.059,1292.352,1292.238,1000,1000,1000,1000,1294.541,1295.879,1301.382,1302.963,1000,1000,1000,1000,1000,1000,1000,1000,1000,1000,1000,1000,1000,1000,1000,1000,1000,1000,1000,1000,1000,1000,1000,1147.711,1000,1154.34,1160.299,1166.989,1169.299,1170.272,1000,1000,1000,1000,1000,1000,1141.174,1140.756,1000,1000,1000,1000,1167.597,1169.299,1163.218,1000,1000,1211.138,1218.435,1216.976,1215.516,1210.651,1204.327,1000,1000,1000,1000,1000,1000,1000,1000,1000,1000,1000,1000,1000,1000,1000,1146.1,1148.38,1000,1000,1000,1310.382,1313.788,1309.409,1303.571,1296.639,1292.99,1286.362,1284.598,1000,1000,1000,1276.267,1274.64,1273.432,1273.029,1000,1372.653,1000,1000,1000,1000,1000,1000,1000,1000,1000,1000,1000,1000,1000,1000,1000,1000,1000,1000,1000,1000,1000,1000,1000,1000,1000,1000,1000,1000,1000,1000,1000,1000,1000,1000,1000,1000,1000,1000,1000,1000,1000,1000,1000,1000,1000,1000,1000,1000,1000,1000,1000,1000,1000,1000,1000,1000,1000,1000,1000,1000,1000,1000,1000,1000,1000,1000,1000,1000,1000,1000,1000,1000,1000,1000,1000,1000,1000,1000,1000,1000,1000,1000,1000,1000,1000,1000,1000,1000,1000,1000,1000,1000,1000,1000,1000,1000,1433.952,1000,1000,1000,1000,1000,1000,1000,1000,1000,1000,1000,1000,1000,1000,1000,1000,1000,1000,1000,1000,1000,1000,1000,1000,1000,1000,1000,1000,1000,1000,1000,1000,1000,1000,1000,1000,1000,1000,1000,1000,1000,1000,1000,1000,1000,1000,1000,1000,1000,1000,1000,1000,1000,1000,1000,1000,1000,1000,1000,1000,1000,1000,1000,1000,1000,1000,1000,1000,1000,1000,1000,1000,1000,1000,1000,1000,1000,1000,1000,1000,1000,1000,1000,1000,1000,1000,1000,1000,1000,1000,1000,1000,1000,1000,1000,1000,1000,1000,1000,1000,1000,1000,1000,1000,1000,1000,1000,1000,1000,1000,1000,1000,1000,1000,1000,1000,1000,1000,1000,1000,1000,1000,1000,1000,1000,1000,1000,1000,1000,1000,1000,1000,1000,1000,1000,1000,1000,1000,1000,1000,1000,1000,1000,1000,1000,1000,1000,1000,1000,1000,1000,1000,1000,1000,1000,1000,1000,1000
1000,1000,1000,1000,1000,1000,1000,1000,1000,1000,1000,1000,1000,1000,1000,1000,1000,1000,1000,1000,1000,1000,1000,1000,1000,1000,1000,1000,1000,1000,1000,1000,1000,1000,1000,1000,1000,1000,1000,1000,1000,1000,1000,1000,1000,1000,1000,1000,1000,1000,1000,1000,1000,1000,1000,1000,1000,1000,1000,1000,1218.678,1226.462,1234.49,1237.408,1240.814,1242.273,1244.706,1252.003,1255.895,1265.625,1273.895,1276.814,1280.706,1287.517,1294.815,1300.652,1192.917,1193.244,1193.715,1194.095,1194.962,1195.661,1196.33,1197.09,1198.094,1198.641,1199.827,1201.895,1204.266,1206.577,1209.192,1211.746,1214.786,1217.341,1219.043,1222.327,1225.733,1227.435,1231.084,1233.516,1237.652,1242.03,1249.571,1253.949,1263.193,1268.057,1270.976,1272.922,1279.733,1285.571,1297.247,1304.058,1316.22,1208.409,1208.485,1208.599,1208.971,1209.427,1210.317,1211.624,1212.658,1213.661,1214.786,1215.395,1216.733,1217.462,1219.287,1220.685,1222.814,1225.125,1228.408,1231.206,1235.098,1237.895,1240.327,1243.976,1247.868,1252.003,1255.652,1265.139,1270.976,1278.76,1283.625,1290.436,1291.896,1298.22,1305.031,1309.896,1316.707,1322.058,1331.788,1223.825,1224.243,1224.539,1225.315,1225.687,1226.554,1227.618,1228.895,1230.172,1231.206,1232.3,1234.064,1235.949,1238.017,1241.422,1242.152,1243.246,1245.192,1247.138,1251.152,1262.949,1269.517,1272.436,1274.625,1275.841,1282.166,1287.031,1290.923,1297.247,1305.031,1311.842,1315.734,1326.437,1333.248,1342.491,1347.356,1239.772,1239.947,1240.229,1240.799,1241.665,1242.486,1243.49,1245.557,1247.199,1249.084,1250.665,1253.28,1254.557,1255.895,1258.084,1261.125,1262.706,1265.747,1270.003,1275.598,1281.436,1287.517,1292.625,1297.734,1304.058,1308.923,1318.653,1324.977,1332.275,1336.167,1342.977,1346.869,1354.167,1254.998,1255.34,1255.675,1256.29,1257.127,1257.568,1258.753,1259.513,1261.307,1262.767,1264.166,1265.686,1268.848,1270.125,1272.557,1276.328,1280.95,1284.112,1288.004,1289.706,1295.058,1299.193,1308.193,1315.247,1324.491,1332.761,1337.626,1338.599,1340.545,1346.869,1352.707,1367.788,1372.653,1272.702,1273.029,1273.432,1273.5,1274.336,1275.978,1275.978,1276.723,1000,1283.747,1287.031,1293.842,1295.058,1000,1000,1000,1000,1298.828,1303.571,1305.517,1309.409,1316.707,1323.761,1325.707,1345.896,1352.707,1358.059,1359.518,1379.951,1000,1395.032,1000,1000,1292.443,1000,1000,1000,1000,1000,1296.183,1300.896,1302.963,1000,1000,1000,1000,1000,1000,1000,1000,1000,1000,1000,1000,1000,1000,1000,1000,1000,1000,1000,1000,1000,1000,1000,1000,1000,1153.124,1158.475,1167.962,1000,1000,1000,1000,1000,1000,1000,1000,1141.045,1140.612,1000,1000,1000,1000,1169.786,1176.597,1165.407,1000,1000,1204.813,1221.354,1223.787,1224.76,1223.787,1219.408,1000,1000,1000,1000,1000,1000,1000,1000,1000,1000,1000,1000,1000,1000,1000,1145.917,1147.529,1000,1000,1000,1306.004,1308.193,1304.058,1297.977,1293.355,1000,1000,1284.051,1000,1000,1275.705,1274.96,1273.371,1272.938,1272.664,1000,1000,1000,1337.626,1330.815,1330.328,1000,1000,1000,1000,1000,1000,1000,1000,1000,1000,1000,1000,1000,1000,1000,1000,1000,1000,1000,1000,1000,1000,1000,1000,1000,1000,1000,1000,1000,1000,1000,1000,1000,1000,1000,1000,1000,1000,1000,1000,1000,1000,1000,1000,1000,1000,1000,1000,1000,1000,1000,1000,1000,1000,1000,1000,1000,1000,1000,1000,1000,1000,1000,1000,1000,1000,1000,1000,1000,1000,1000,1000,1000,1000,1000,1000,1000,1000,1000,1000,1000,1000,1000,1000,1000,1000,1000,1000,1000,1000,1000,1000,1395.275,1000,1377.153,1000,1000,1000,1382.87,1000,1000,1000,1364.87,1000,1000,1366.086,1000,1000,1000,1000,1000,1000,1000,1000,1000,1000,1000,1000,1000,1000,1000,1000,1000,1000,1000,1000,1000,1000,1000,1000,1000,1000,1000,1000,1000,1000,1000,1000,1000,1000,1000,1000,1000,1000,1000,1000,1000,1000,1000,1000,1000,1000,1000,1000,1000,1000,1000,1000,1000,1000,1000,1000,1000,1000,1000,1000,1000,1000,1000,1000,1000,1000,1000,1000,1000,1000,1000,1000,1000,1000,1000,1000,1000,1000,1000,1000,1000,1000,1000,1000,1000,1000,1000,1000,1000,1000,1000,1000,1000,1000,1000,1000,1000,1000,1000,1000,1000,1000,1000,1000,1000,1000,1000,1000,1000,1000,1000,1000,1000,1000,1000,1000,1000,1000,1000,1000,1000,1000,1000,1000,1000,1000,1000,1000,1000,1000,1000,1000,1000,1000,1000,1000,1000,1000,1000,1000,1000,1000,1000,1000,1000
1000,1000,1000,1000,1000,1000,1000,1000,1000,1000,1000,1000,1000,1000,1000,1000,1000,1000,1000,1000,1000,1000,1000,1000,1000,1000,1000,1000,1000,1000,1000,1000,1000,1000,1000,1000,1000,1000,1000,1000,1000,1000,1000,1000,1000,1000,1000,1000,1000,1000,1000,1000,1000,1000,1000,1000,1000,1000,1000,1000,1000,1228.408,1232.3,1235.219,1237.895,1241.787,1243.246,1251.03,1254.922,1266.111,1271.949,1276.814,1281.679,1288.49,1293.842,1301.625,1192.879,1193.244,1193.647,1193.86,1194.445,1195.175,1195.92,1196.786,1197.911,1198.459,1199.219,1200.922,1203.415,1205.665,1208.462,1212.111,1214.422,1217.341,1218.678,1221.354,1222.327,1224.76,1227.435,1230.111,1233.516,1240.084,1245.922,1252.49,1259.301,1265.625,1270.49,1274.868,1282.652,1289.463,1301.139,1309.409,1208.219,1208.371,1208.409,1208.485,1208.766,1209.154,1209.922,1211.351,1212.354,1213.327,1214.026,1215.638,1216.307,1217.219,1218.739,1220.077,1222.145,1224.395,1228.408,1230.841,1234.611,1236.922,1238.868,1240.814,1245.679,1249.571,1255.165,1262.949,1268.057,1276.328,1281.193,1286.544,1289.463,1297.247,1302.112,1308.923,1315.734,1321.085,1329.842,1223.939,1224.205,1224.433,1225.315,1225.687,1226.432,1227.618,1228.53,1230.598,1231.388,1232.057,1233.76,1235.098,1236.8,1239.598,1240.692,1242.517,1244.706,1245.192,1247.99,1256.382,1264.652,1268.057,1272.436,1274.625,1280.706,1285.571,1290.923,1297.247,1306.004,1311.842,1315.734,1324.491,1330.328,1335.193,1343.464,1239.582,1239.856,1240.107,1240.639,1241.346,1242.365,1243.49,1245.344,1246.956,1249.084,1250.969,1253.28,1254.192,1256.26,1257.355,1259.909,1261.976,1266.72,1270.49,1275.598,1280.22,1285.085,1289.463,1293.355,1300.652,1307.463,1318.653,1324.004,1333.248,1336.167,1343.95,1343.95,1352.221,1363.896,1255.378,1255.675,1256.45,1257.127,1257.811,1258.601,1259.848,1261.307,1263.436,1264.409,1266.78,1269.152,1270.733,1272.557,1276.693,1280.463,1285.085,1286.544,1289.706,1291.166,1295.788,1303.085,1311.112,1319.626,1330.815,1334.22,1337.626,1339.572,1346.869,1346.869,1362.437,1371.68,1272.55,1272.74,1273.31,1273.432,1274.055,1275.324,1275.203,1275.203,1000,1279.855,1000,1000,1290.436,1292.26,1000,1000,1000,1000,1000,1309.896,1000,1319.869,1000,1330.085,1353.68,1363.41,1359.518,1000,1381.897,1000,1000,1000,1292.709,1292.709,1000,1000,1000,1294.419,1000,1296.639,1000,1000,1000,1000,1000,1000,1000,1000,1000,1000,1000,1000,1000,1000,1000,1000,1000,1000,1000,1000,1000,1000,1000,1000,1000,1000,1000,1000,1155.921,1161.88,1000,1166.989,1000,1000,1000,1000,1000,1000,1140.756,1248.111,1000,1000,1000,1000,1171.002,1167.597,1160.543,1000,1000,1209.678,1226.706,1230.111,1227.192,1231.084,1230.111,1000,1000,1000,1000,1000,1000,1000,1147.529,1000,1000,1000,1000,1000,1000,1144.397,1145.37,1146.495,1000,1000,1000,1000,1309.409,1000,1296.639,1295.788,1000,1000,1282.409,1280.281,1276.115,1274.534,1273.576,1272.816,1272.55,1272.436,1364.383,1359.518,1353.68,1340.545,1325.95,1324.491,1305.761,1303.085,1305.031,1304.301,1000,1000,1000,1000,1000,1000,1000,1000,1000,1000,1000,1000,1000,1000,1000,1000,1000,1000,1000,1000,1000,1000,1000,1000,1000,1000,1000,1000,1000,1000,1000,1000,1000,1000,1000,1000,1000,1000,1000,1000,1000,1000,1000,1000,1000,1000,1000,1000,1000,1000,1000,1000,1000,1000,1000,1000,1000,1000,1000,1000,1000,1000,1000,1000,1000,1000,1000,1000,1000,1000,1000,1000,1000,1000,1000,1000,1000,1000,1000,1000,1000,1000,1000,1000,1000,1000,1000,1000,1000,1000,1359.518,1361.89,1362.133,1000,1000,1363.288,1000,1000,1357.268,1356.265,1000,1357.268,1000,1000,1000,1356.66,1000,1000,1000,1000,1000,1000,1000,1000,1000,1000,1000,1000,1000,1000,1000,1000,1000,1000,1000,1000,1000,1000,1000,1000,1000,1000,1000,1000,1000,1000,1000,1000,1000,1000,1000,1000,1000,1000,1000,1000,1000,1000,1000,1000,1000,1000,1000,1000,1000,1000,1000,1000,1000,1000,1000,1000,1000,1000,1000,1000,1000,1000,1000,1000,1000,1000,1000,1000,1000,1000,1000,1000,1000,1000,1000,1000,1000,1000,1000,1000,1000,1000,1000,1000,1000,1000,1000,1000,1000,1000,1000,1000,1000,1000,1000,1000,1000,1000,1000,1000,1000,1000,1000,1000,1000,1000,1000,1000,1000,1000,1000,1000,1000,1000,1000,1000,1000,1000,1000,1000,1000,1000,1000,1000,1000,1000,1000,1000,1000,1000,1000,1000,1000,1000,1000,1000,1000,1000,1000,1000,1000
1000,1000,1000,1000,1000,1000,1000,1000,1000,1000,1000,1000,1000,1000,1000,1000,1000,1000,1000,1000,1000,1000,1000,1000,1000,1000,1000,1000,1000,1000,1000,1000,1000,1000,1000,1000,1000,1000,1000,1000,1000,1000,1000,1000,1000,1000,1000,1000,1000,1000,1000,1000,1000,1000,1000,1000,1000,1000,1000,1000,1000,1000,1230.354,1235.219,1236.679,1240.814,1243.246,1252.003,1254.922,1265.625,1270.976,1278.76,1284.598,1292.869,1297.734,1192.727,1192.955,1193.244,1193.525,1193.86,1194.27,1195.296,1196.057,1197.09,1198.276,1198.854,1199.462,1200.496,1201.895,1204.266,1206.577,1211.016,1212.841,1215.638,1218.192,1221.354,1220.868,1224.76,1226.949,1229.625,1232.787,1240.084,1245.922,1253.949,1259.787,1265.625,1269.517,1271.949,1276.328,1286.544,1299.193,1309.409,1317.193,1208.257,1208.371,1208.485,1208.675,1209.032,1209.587,1210.743,1211.761,1212.81,1213.844,1215.395,1216.489,1217.462,1219.53,1220.928,1222.814,1225.125,1228.043,1229.625,1232.908,1234.611,1236.922,1242.517,1245.679,1250.301,1255.652,1262.949,1265.139,1272.922,1276.814,1281.679,1286.058,1293.842,1301.139,1307.95,1316.707,1321.085,1330.815,1223.825,1224.205,1224.486,1225.071,1225.406,1226.31,1227.055,1228.226,1229.777,1231.388,1232.057,1234.064,1235.098,1236.496,1238.99,1241.057,1242.152,1243.976,1244.341,1248.476,1255.895,1261.247,1267.084,1270.733,1273.166,1280.706,1287.031,1293.355,1302.112,1308.436,1311.842,1317.68,1323.518,1329.356,1334.22,1339.572,1239.392,1239.658,1239.856,1240.229,1240.882,1241.878,1243.186,1244.797,1246.165,1248.111,1249.084,1250.969,1252.368,1254.922,1256.625,1259.544,1261.976,1265.747,1270.49,1275.112,1280.22,1283.139,1288.004,1290.679,1297.734,1303.571,1315.247,1318.653,1330.328,1329.356,1337.139,1339.085,1348.815,1362.924,1255.515,1255.857,1256.625,1257.689,1258.191,1259.057,1260.182,1260.73,1262.098,1263.679,1265.686,1267.632,1271.828,1274.017,1275.841,1278.274,1281.314,1281.314,1282.774,1286.544,1291.166,1299.193,1306.247,1314.761,1322.058,1000,1331.788,1336.167,1339.572,1345.896,1354.653,1369.734,1272.474,1272.778,1273.188,1273.432,1273.804,1274.747,1274.747,1275.203,1000,1278.639,1282.409,1287.274,1287.031,1289.342,1000,1000,1000,1303.571,1310.382,1309.409,1000,1000,1000,1000,1000,1371.194,1367.302,1368.275,1379.951,1382.87,1000,1292.162,1000,1000,1000,1000,1000,1000,1000,1297.703,1000,1000,1000,1000,1000,1000,1000,1000,1000,1000,1000,1000,1000,1000,1000,1000,1000,1000,1000,1000,1000,1000,1000,1000,1000,1000,1147.711,1150.63,1155.313,1161.88,1168.813,1000,1000,1000,1000,1000,1000,1000,1140.262,1239.841,1000,1000,1000,1000,1171.732,1169.786,1000,1000,1000,1000,1222.327,1226.706,1222.327,1228.165,1225.733,1000,1000,1000,1000,1000,1000,1000,1150.387,1000,1000,1000,1000,1000,1000,1143.789,1144.245,1145.735,1000,1000,1000,1000,1312.085,1000,1000,1000,1000,1000,1000,1279.247,1276.115,1274.747,1273.721,1272.983,1272.588,1378.491,1361.464,1355.626,1347.842,1332.761,1317.68,1312.572,1292.869,1289.22,1285.085,1284.598,1279.125,1279.977,1278.274,1000,1000,1000,1000,1000,1000,1000,1000,1000,1000,1000,1000,1000,1000,1000,1000,1000,1000,1000,1000,1000,1000,1000,1000,1000,1000,1000,1000,1000,1000,1000,1000,1000,1000,1000,1000,1000,1000,1000,1000,1000,1000,1000,1000,1000,1000,1000,1000,1000,1000,1000,1000,1000,1000,1000,1000,1000,1000,1000,1000,1000,1000,1000,1000,1000,1000,1000,1000,1000,1000,1376.302,1000,1000,1000,1000,1000,1000,1000,1000,1000,1000,1000,1000,1000,1000,1000,1352.798,1352.479,1353.285,1000,1351.643,1352.266,1351.643,1000,1000,1000,1000,1000,1000,1000,1000,1000,1000,1000,1000,1000,1000,1000,1000,1000,1000,1000,1000,1000,1000,1000,1000,1000,1000,1000,1000,1000,1000,1000,1000,1000,1000,1000,1000,1000,1000,1000,1000,1000,1000,1000,1000,1000,1000,1000,1000,1000,1000,1000,1000,1000,1000,1000,1000,1000,1000,1000,1000,1000,1000,1000,1000,1000,1000,1000,1000,1000,1000,1000,1000,1000,1000,1000,1000,1000,1000,1000,1000,1000,1000,1000,1000,1000,1000,1000,1000,1000,1000,1000,1000,1000,1000,1000,1000,1000,1000,1000,1000,1000,1000,1000,1000,1000,1000,1000,1000,1000,1000,1000,1000,1000,1000,1000,1000,1000,1000,1000,1000,1000,1000,1000,1000,1000,1000,1000,1000,1000,1000,1000,1000,1000,1000,1000,1000,1000,1000,1000,1000,1000,1000,1000,1000,1000,1000,1000,1000,1000,1000,1000
1000,1000,1000,1000,1000,1000,1000,1000,1000,1000,1000,1000,1000,1000,1000,1000,1000,1000,1000,1000,1000,1000,1000,1000,1000,1000,1000,1000,1000,1000,1000,1000,1000,1000,1000,1000,1000,1000,1000,1000,1000,1000,1000,1000,1000,1000,1000,1000,1000,1000,1000,1000,1000,1000,1000,1000,1000,1000,1000,1000,1000,1000,1234.49,1237.408,1238.868,1240.814,1242.273,1248.598,1254.436,1263.679,1267.084,1275.841,1282.652,1291.896,1294.815,1192.651,1192.841,1193.153,1193.35,1193.715,1193.936,1194.749,1195.418,1196.634,1197.577,1199.036,1199.827,1200.739,1203.172,1204.813,1206.881,1210.651,1212.841,1215.273,1217.705,1220.503,1220.503,1223.787,1226.219,1230.111,1234.003,1240.084,1245.436,1252.49,1257.355,1264.652,1268.057,1271.949,1278.274,1288.49,1296.274,1306.49,1314.274,1208.295,1208.371,1208.485,1208.766,1209.093,1209.427,1210.21,1211.229,1212.202,1213.327,1215.395,1216.489,1218.192,1220.381,1221.537,1222.814,1225.125,1227.314,1228.773,1232.057,1234.246,1236.435,1241.787,1246.652,1253.219,1257.598,1263.679,1268.057,1273.895,1274.868,1279.247,1283.625,1289.463,1295.301,1305.031,1312.815,1321.085,1326.923,1223.825,1224.091,1224.539,1225.071,1225.489,1226.31,1227.192,1228.074,1229.412,1230.78,1232.543,1233.76,1235.098,1236.496,1238.625,1240.692,1241.787,1243.246,1244.706,1247.99,1257.355,1261.247,1265.868,1268.057,1271.22,1277.787,1285.571,1291.896,1302.112,1306.49,1311.842,1316.707,1321.572,1328.383,1335.193,1341.518,1239.468,1239.658,1239.811,1240.289,1240.974,1241.772,1242.76,1244.098,1245.344,1247.442,1249.084,1250.969,1252.368,1255.895,1257.355,1259.179,1261.976,1268.544,1270.976,1276.814,1281.922,1286.301,1290.679,1294.085,1299.193,1305.031,1315.247,1319.626,1327.41,1330.328,1340.058,1343.95,1350.761,1254.922,1255.378,1255.621,1256.29,1257.127,1257.568,1258.328,1259.666,1259.513,1260.73,1261.916,1264.166,1265.686,1270.125,1273.287,1275.112,1277.909,1279.612,1279.977,1280.95,1285.085,1290.193,1299.923,1305.031,1000,1000,1000,1319.626,1324.491,1326.923,1344.923,1358.545,1372.653,1000,1273.082,1273.645,1274.055,1274.336,1275.203,1275.978,1276.723,1000,1000,1000,1000,1285.146,1286.058,1000,1000,1293.842,1299.315,1000,1307.22,1000,1000,1000,1000,1369.248,1372.167,1373.14,1000,1381.897,1385.302,1389.194,1292.086,1292.443,1292.276,1000,1000,1000,1000,1298.889,1301.139,1302.963,1306.734,1000,1000,1000,1000,1000,1000,1000,1000,1000,1000,1000,1000,1000,1401.356,1000,1000,1000,1000,1000,1000,1000,1000,1000,1000,1148.38,1150.083,1153.124,1159.205,1167.475,1000,1000,1000,1000,1000,1000,1000,1000,1000,1000,1216.489,1000,1190.219,1174.651,1172.218,1166.867,1000,1000,1000,1223.787,1230.111,1227.192,1230.111,1229.138,1000,1000,1000,1000,1000,1000,1000,1149.597,1000,1000,1000,1000,1000,1145.218,1144.245,1143.652,1144.093,1000,1000,1000,1000,1000,1000,1000,1000,1000,1000,1280.037,1278.426,1275.705,1274.427,1273.645,1272.892,1272.474,1372.653,1358.545,1347.842,1337.626,1324.491,1312.572,1305.031,1291.896,1286.544,1281.314,1277.909,1274.747,1271.828,1000,1272.557,1270.125,1000,1000,1000,1000,1000,1000,1000,1000,1000,1000,1000,1000,1000,1000,1000,1000,1000,1000,1000,1000,1000,1000,1000,1000,1000,1000,1000,1000,1000,1000,1000,1000,1000,1000,1000,1000,1000,1000,1000,1000,1000,1000,1000,1000,1000,1000,1000,1000,1000,1000,1000,1000,1000,1368.64,1000,1000,1000,1000,1000,1000,1000,1000,1000,1000,1000,1000,1000,1000,1361.89,1359.275,1354.258,1352.798,1351.643,1351.643,1351.559,1000,1000,1000,1000,1000,1000,1000,1000,1000,1000,1452.438,1000,1453.411,1000,1443.681,1000,1000,1000,1000,1000,1000,1000,1000,1000,1000,1000,1400.87,1000,1000,1000,1000,1000,1000,1000,1000,1000,1000,1000,1000,1000,1000,1000,1000,1000,1000,1000,1000,1000,1000,1000,1000,1000,1000,1000,1000,1000,1000,1000,1000,1000,1000,1000,1000,1000,1000,1000,1000,1000,1000,1000,1000,1000,1000,1000,1000,1000,1000,1000,1000,1000,1000,1000,1000,1000,1000,1000,1000,1000,1000,1000,1000,1000,1000,1000,1000,1000,1000,1000,1000,1000,1000,1000,1000,1000,1000,1000,1000,1000,1000,1000,1000,1000,1000,1000,1000,1000,1000,1000,1000,1000,1000,1000,1000,1000,1000,1000,1000,1000,1000,1000,1000,1000,1000,1000,1000,1000,1000,1000,1000,1000,1000,1000,1000,1000,1000,1000,1000,1000,1000,1000,1000,1000,1000,1000,1000,1000,1000,1000,1000,1000,1000,1000,1000,1000,1000,1000,1000
1000,1000,1000,1000,1000,1000,1000,1000,1000,1000,1000,1000,1000,1000,1000,1000,1000,1000,1000,1000,1000,1000,1000,1000,1000,1000,1000,1000,1000,1000,1000,1000,1000,1000,1000,1000,1000,1000,1000,1000,1000,1000,1000,1000,1000,1000,1000,1000,1000,1000,1000,1000,1000,1000,1000,1000,1000,1000,1000,1000,1000,1000,1000,1237.408,1239.354,1242.273,1243.246,1252.003,1254.922,1263.679,1266.111,1275.841,1279.733,1289.463,1292.869,1301.625,1192.689,1193.031,1193.069,1193.464,1193.715,1194.445,1195.418,1196.634,1197.394,1198.641,1199.644,1200.253,1201.895,1203.415,1205.665,1209.192,1211.381,1214.057,1215.638,1220.016,1219.043,1223.3,1225.733,1229.625,1232.3,1239.598,1243.49,1252.49,1257.355,1264.652,1267.084,1274.868,1278.274,1287.517,1294.328,1304.058,1310.382,1315.247,1208.219,1208.447,1208.721,1208.971,1209.215,1210.013,1210.53,1211.624,1212.81,1214.422,1215.82,1217.705,1220.685,1222.145,1224.03,1226.584,1228.408,1229.138,1232.422,1235.584,1237.408,1242.517,1245.679,1252.49,1255.652,1262.22,1265.139,1270.976,1272.922,1277.787,1284.112,1290.923,1297.247,1306.004,1316.707,1322.058,1327.896,1223.787,1224.015,1224.486,1224.851,1225.315,1226.204,1226.797,1227.329,1229.047,1230.962,1232.057,1234.064,1235.402,1237.104,1238.99,1239.963,1241.787,1243.976,1244.341,1248.841,1256.868,1262.22,1268.057,1271.949,1275.841,1281.436,1288.49,1294.815,1300.652,1306.49,1310.869,1315.734,1318.653,1328.383,1335.193,1343.464,1239.43,1239.658,1239.811,1240.289,1240.723,1241.772,1242.76,1243.946,1244.979,1246.956,1248.354,1250.118,1250.969,1254.922,1255.53,1257.719,1262.341,1269.031,1270.976,1276.814,1281.922,1283.625,1288.004,1290.679,1295.544,1300.652,1309.896,1312.815,1320.599,1321.572,1331.302,1336.167,1345.896,1361.951,1255.264,1255.469,1256.207,1257.02,1258.191,1259.057,1261.916,1260.73,1262.098,1261.49,1263.679,1263.193,1268.848,1270.733,1273.287,1274.382,1276.693,1276.693,1278.274,1278.76,1288.004,1293.355,1300.652,1000,1000,1000,1000,1000,1000,1000,1365.356,1000,1000,1000,1273.721,1000,1000,1000,1000,1000,1000,1000,1000,1000,1286.058,1286.666,1285.754,1288.977,1293.842,1000,1000,1000,1000,1000,1000,1000,1000,1378.978,1372.167,1380.924,1379.951,1381.897,1000,1000,1000,1000,1000,1000,1000,1000,1000,1300.409,1000,1307.099,1000,1000,1000,1000,1000,1000,1000,1000,1000,1000,1000,1000,1000,1000,1000,1000,1000,1000,1000,1000,1000,1000,1000,1145.036,1149.353,1149.597,1151.421,1154.036,1162.245,1000,1000,1000,1000,1000,1000,1000,1000,1000,1000,1000,1000,1192.651,1183.894,1177.083,1000,1000,1000,1205.786,1217.949,1230.111,1226.706,1234.976,1232.057,1000,1000,1000,1000,1000,1000,1000,1000,1000,1000,1000,1155.678,1148.198,1146.677,1145.37,1143.789,1143.242,1000,1000,1000,1000,1000,1000,1000,1000,1000,1283.2,1278.821,1277.179,1274.96,1274.23,1273.249,1272.778,1272.436,1374.599,1359.518,1349.788,1341.518,1327.896,1311.112,1301.869,1288.49,1282.287,1277.544,1273.652,1271.463,1271.098,1268.24,1265.99,1265.443,1264.409,1260.182,1000,1000,1000,1000,1000,1000,1000,1000,1000,1000,1000,1000,1000,1000,1000,1000,1000,1000,1000,1406.465,1000,1000,1000,1000,1000,1000,1000,1000,1000,1000,1000,1000,1000,1000,1000,1000,1000,1000,1000,1000,1000,1000,1000,1367.545,1000,1000,1000,1000,1000,1000,1000,1357.268,1355.717,1355.018,1355.383,1355.018,1000,1000,1000,1000,1000,1000,1000,1000,1355.535,1000,1354.41,1000,1000,1000,1000,1439.303,1443.681,1436.384,1000,1000,1000,1000,1440.276,1424.708,1424.708,1423.735,1000,1406.708,1000,1410.113,1000,1399.411,1398.438,1000,1000,1000,1000,1000,1000,1000,1000,1000,1000,1369.734,1375.086,1000,1000,1000,1000,1000,1000,1000,1000,1000,1000,1000,1000,1000,1000,1000,1000,1000,1000,1000,1000,1000,1000,1000,1000,1000,1000,1000,1000,1000,1000,1000,1000,1000,1000,1000,1000,1000,1000,1000,1000,1000,1000,1000,1000,1000,1000,1000,1000,1000,1000,1000,1000,1000,1000,1000,1000,1000,1000,1000,1000,1000,1000,1000,1000,1000,1000,1000,1000,1000,1000,1000,1000,1000,1000,1000,1000,1000,1000,1000,1000,1000,1000,1000,1000,1000,1000,1000,1000,1000,1000,1000,1000,1000,1000,1000,1000,1000,1000,1000,1000,1000,1000,1000,1000,1000,1000,1000,1000,1000,1000,1000,1000,1000,1000,1000,1000,1000,1000,1000,1000,1000,1000,1000,1000,1000,1000,1000,1000,1000,1000,1000,1000,1000,1000,1000,1000,1000,1000,1000
1000,1000,1000,1000,1000,1000,1000,1000,1000,1000,1000,1000,1000,1000,1000,1000,1000,1000,1000,1000,1000,1000,1000,1000,1000,1000,1000,1000,1000,1000,1000,1000,1000,1000,1000,1000,1000,1000,1000,1000,1000,1000,1000,1000,1000,1000,1000,1000,1000,1000,1000,1000,1000,1000,1000,1000,1000,1000,1000,1000,1000,1000,1000,1235.219,1238.868,1241.787,1244.706,1252.003,1254.922,1261.247,1262.706,1270.976,1275.841,1283.625,1289.463,1300.652,1303.571,1192.993,1193.107,1193.525,1193.647,1194.27,1195.068,1196.193,1196.938,1197.911,1199.219,1200.253,1201.408,1202.928,1205.117,1207.489,1209.192,1213.205,1216.003,1218.678,1218.678,1222.814,1224.273,1227.435,1231.084,1236.435,1241.3,1250.301,1256.868,1262.22,1268.057,1274.868,1278.274,1284.598,1291.409,1300.166,1303.085,1307.463,1315.247,1208.409,1208.561,1208.812,1209.032,1209.587,1210.21,1211.229,1212.506,1214.422,1216.064,1217.462,1220.928,1222.145,1224.395,1226.949,1228.408,1228.773,1232.422,1234.611,1236.071,1240.327,1245.192,1249.571,1254.436,1260.274,1264.409,1270.003,1271.463,1276.328,1281.679,1286.544,1293.842,1303.085,1313.788,1319.626,1327.896,1329.842,1223.901,1224.288,1224.6,1225.155,1225.991,1226.554,1226.918,1228.53,1229.989,1231.206,1233.516,1235.645,1237.104,1238.99,1241.422,1242.881,1244.706,1246.773,1250.179,1258.084,1261.733,1267.571,1271.949,1277.058,1282.166,1290.436,1294.815,1301.625,1304.058,1310.869,1315.734,1320.599,1331.302,1338.599,1346.383,1239.506,1239.582,1239.734,1239.902,1240.289,1241.057,1242.365,1243.49,1244.615,1246.53,1247.868,1249.328,1250.969,1254.922,1256.99,1259.909,1264.044,1270.49,1274.139,1279.49,1281.436,1281.922,1284.355,1284.355,1289.463,1296.274,1306.004,1307.95,1315.247,1316.22,1327.41,1336.167,1350.761,1363.896,1255.34,1255.226,1255.621,1255.857,1257.568,1258.191,1261.307,1260.365,1261.916,1260.912,1263.01,1263.193,1000,1269.517,1268.848,1268.848,1269.517,1271.098,1273.652,1277.909,1000,1299.193,1000,1000,1308.923,1000,1000,1000,1000,1000,1359.518,1000,1272.588,1273.432,1273.5,1000,1000,1000,1000,1000,1000,1000,1000,1000,1000,1287.639,1000,1294.571,1296.639,1000,1000,1000,1000,1000,1000,1000,1000,1371.194,1361.464,1370.221,1366.329,1371.194,1000,1000,1000,1000,1000,1000,1000,1294.1,1296.183,1300.409,1000,1308.801,1000,1000,1000,1000,1000,1000,1000,1000,1000,1000,1000,1000,1000,1000,1000,1000,1000,1000,1000,1000,1000,1000,1000,1147.529,1149.11,1149.11,1149.353,1149.84,1154.34,1000,1000,1000,1000,1000,1000,1000,1000,1000,1000,1000,1000,1193.138,1185.354,1000,1000,1000,1000,1000,1213.57,1223.787,1221.354,1225.733,1000,1000,1000,1000,1000,1000,1000,1000,1000,1000,1000,1000,1154.036,1147.286,1144.549,1144.093,1142.208,1142.101,1000,1000,1000,1000,1000,1000,1000,1000,1000,1281.679,1278.061,1277.027,1274.96,1274.055,1273.082,1272.626,1371.68,1365.356,1354.653,1345.896,1335.193,1323.031,1308.193,1300.652,1288.49,1284.112,1277.909,1272.922,1268.544,1268.24,1264.895,1262.524,1262.098,1261.125,1257.446,1256.062,1255.568,1000,1000,1000,1000,1000,1000,1000,1000,1000,1000,1000,1000,1000,1000,1000,1000,1000,1000,1000,1000,1000,1000,1000,1000,1000,1000,1000,1000,1000,1000,1000,1000,1000,1000,1000,1000,1000,1000,1000,1000,1000,1000,1000,1000,1000,1000,1000,1000,1000,1351.149,1351.149,1350.541,1350.693,1350.655,1000,1000,1000,1000,1000,1434.438,1000,1000,1000,1000,1446.6,1441.735,1000,1000,1000,1000,1410.113,1402.329,1000,1000,1000,1000,1395.519,1382.87,1378.978,1377.518,1369.005,1366.329,1372.653,1000,1373.14,1371.437,1372.653,1000,1000,1000,1000,1000,1000,1000,1000,1000,1000,1353.559,1355.748,1000,1000,1000,1000,1000,1000,1000,1000,1000,1000,1000,1000,1000,1000,1000,1000,1000,1000,1000,1000,1000,1000,1000,1000,1000,1000,1000,1000,1000,1000,1000,1000,1000,1000,1000,1000,1000,1000,1000,1000,1000,1000,1000,1000,1000,1000,1000,1000,1000,1000,1000,1000,1000,1000,1000,1000,1000,1000,1000,1000,1000,1000,1000,1000,1000,1000,1000,1000,1000,1000,1000,1000,1000,1000,1000,1000,1000,1000,1000,1000,1000,1000,1000,1000,1000,1000,1000,1000,1000,1000,1000,1000,1000,1000,1000,1000,1000,1000,1000,1000,1000,1000,1000,1000,1000,1000,1000,1000,1000,1000,1000,1000,1000,1000,1000,1000,1000,1000,1000,1000,1000,1000,1000,1000,1000,1000,1000,1000,1000,1000,1000,1000,1000,1000,1000,1000,1000,1000,1000
1000,1000,1000,1000,1000,1000,1000,1000,1000,1000,1000,1000,1000,1000,1000,1000,1000,1000,1000,1000,1000,1000,1000,1000,1000,1000,1000,1000,1000,1000,1000,1000,1000,1000,1000,1000,1000,1000,1000,1000,1000,1000,1000,1000,1000,1000,1000,1000,1000,1000,1000,1000,1000,1000,1000,1000,1000,1000,1000,1000,1000,1000,1000,1000,1238.868,1240.327,1243.246,1248.598,1253.463,1257.355,1260.274,1268.057,1273.895,1281.679,1288.49,1297.734,1302.599,1192.879,1192.955,1193.244,1193.586,1194.095,1194.643,1195.418,1196.482,1197.242,1198.641,1199.827,1201.408,1202.381,1204.509,1205.665,1207.854,1210.651,1213.57,1217.341,1218.678,1222.327,1224.273,1226.219,1230.598,1235.949,1242.03,1250.301,1257.355,1262.22,1266.111,1270.49,1276.328,1280.706,1287.517,1295.301,1298.22,1304.058,1311.355,1208.257,1208.447,1208.812,1209.032,1209.663,1210.317,1211.107,1212.202,1213.479,1215.638,1216.733,1220.077,1221.537,1223.057,1225.125,1227.679,1227.314,1231.206,1233.273,1234.611,1238.868,1243.003,1247.382,1250.787,1256.868,1260.274,1266.598,1268.544,1273.895,1281.679,1286.058,1292.869,1300.166,1309.896,1315.734,1323.031,1324.977,1223.863,1224.167,1224.486,1225.071,1226.098,1226.797,1227.192,1228.378,1229.594,1230.78,1233.273,1235.645,1237.408,1239.598,1242.152,1243.246,1245.192,1247.99,1252.003,1261.733,1267.084,1271.22,1273.166,1279.977,1284.112,1290.923,1295.788,1302.112,1302.112,1309.409,1313.788,1317.68,1329.356,1337.626,1345.41,1239.468,1239.506,1239.544,1239.772,1240.168,1240.799,1242.121,1243.186,1244.098,1244.797,1245.74,1247.442,1249.084,1252.976,1256.26,1260.274,1264.895,1271.463,1276.814,1281.922,1283.139,1283.139,1285.085,1282.652,1285.571,1290.679,1295.544,1300.652,1309.896,1314.761,1328.383,1345.896,1355.14,1363.896,1254.998,1255.074,1255.264,1255.735,1257.689,1259.848,1262.098,1261.307,1262.098,1262.524,1263.01,1263.679,1265.443,1269.517,1266.537,1000,1269.152,1000,1000,1000,1000,1000,1304.301,1000,1000,1000,1000,1000,1000,1000,1362.437,1378.491,1272.664,1273.576,1273.432,1273.371,1000,1000,1000,1000,1000,1000,1000,1000,1000,1288.977,1292.625,1295.058,1298.828,1000,1000,1000,1000,1000,1000,1000,1000,1000,1000,1000,1000,1000,1000,1000,1000,1000,1000,1000,1000,1294.784,1000,1299.315,1000,1000,1000,1000,1000,1000,1000,1000,1000,1000,1000,1000,1000,1000,1000,1000,1000,1000,1000,1000,1000,1000,1000,1000,1149.11,1148.38,1149.353,1149.84,1150.083,1150.083,1153.124,1000,1000,1000,1000,1000,1000,1000,1000,1000,1000,1000,1000,1000,1184.624,1000,1000,1000,1000,1000,1218.435,1225.733,1231.084,1225.733,1000,1000,1000,1000,1000,1000,1000,1000,1000,1000,1000,1155.678,1150.083,1146.921,1144.853,1144.549,1142.314,1142.421,1000,1000,1000,1000,1000,1000,1000,1000,1000,1280.95,1278.426,1276.571,1274.853,1273.88,1273.135,1272.702,1377.518,1368.761,1358.545,1343.95,1331.788,1316.22,1305.031,1296.274,1287.031,1281.801,1275.841,1270.733,1267.084,1265.99,1262.767,1261.125,1259.848,1258.328,1256.541,1255.621,1255.226,1000,1347.842,1341.031,1333.248,1328.383,1324.004,1323.031,1000,1000,1000,1000,1000,1000,1000,1000,1000,1000,1000,1000,1000,1000,1000,1000,1000,1000,1000,1000,1000,1351.149,1350.313,1441.735,1439.303,1450.492,1000,1000,1000,1442.708,1429.573,1436.384,1000,1000,1000,1000,1000,1000,1000,1000,1000,1000,1424.708,1427.627,1000,1413.519,1000,1000,1000,1000,1396.005,1396.978,1394.546,1397.465,1402.329,1000,1000,1398.438,1000,1000,1000,1000,1000,1000,1000,1000,1000,1000,1000,1369.005,1363.653,1358.545,1353.072,1348.694,1347.599,1348.694,1353.559,1351.491,1351.856,1352.707,1348.329,1341.579,1341.335,1338.842,1000,1000,1336.47,1000,1000,1000,1000,1000,1000,1000,1000,1000,1000,1000,1000,1000,1000,1000,1000,1000,1000,1000,1000,1000,1000,1000,1000,1000,1000,1000,1000,1000,1000,1000,1000,1000,1000,1000,1000,1000,1000,1000,1000,1000,1000,1000,1000,1000,1000,1000,1000,1000,1000,1000,1000,1000,1000,1000,1000,1000,1000,1000,1000,1000,1000,1000,1000,1000,1000,1000,1000,1000,1000,1000,1000,1000,1000,1000,1000,1000,1000,1000,1000,1000,1000,1000,1000,1000,1000,1000,1000,1000,1000,1000,1000,1000,1000,1000,1000,1000,1000,1000,1000,1000,1000,1000,1000,1000,1000,1000,1000,1000,1000,1000,1000,1000,1000,1000,1000,1000,1000,1000,1000,1000,1000,1000,1000,1000,1000,1000,1000,1000,1000,1000,1000,1000,1000,1000,1000,1000,1000,1000,1000,1000,1000,1000,1000
1000,1000,1000,1000,1000,1000,1000,1000,1000,1000,1000,1000,1000,1000,1000,1000,1000,1000,1000,1000,1000,1000,1000,1000,1000,1000,1000,1000,1000,1000,1000,1000,1000,1000,1000,1000,1000,1000,1000,1000,1000,1000,1000,1000,1000,1000,1000,1000,1000,1000,1000,1000,1000,1000,1000,1000,1000,1000,1000,1000,1000,1000,1000,1000,1238.868,1238.868,1243.246,1246.165,1253.463,1256.868,1257.355,1261.733,1268.057,1273.895,1280.706,1291.896,1297.734,1192.727,1192.917,1193.069,1193.404,1193.86,1194.27,1194.962,1195.783,1196.634,1198.641,1199.827,1201.651,1202.928,1205.361,1205.665,1208.219,1211.016,1213.57,1216.003,1218.678,1221.354,1224.273,1225.733,1229.625,1234.003,1239.598,1246.652,1254.436,1259.787,1265.625,1270.976,1276.328,1280.706,1285.571,1292.382,1296.274,1302.112,1306.49,1316.22,1208.333,1208.637,1208.865,1209.427,1210.119,1210.864,1212.354,1213.661,1215.03,1216.064,1218.983,1219.53,1220.928,1222.814,1226.219,1226.584,1229.989,1232.908,1234.611,1237.408,1241.3,1246.652,1250.301,1256.382,1259.544,1265.868,1269.517,1274.868,1280.22,1286.544,1291.896,1298.22,1306.977,1311.842,1323.031,1325.95,1223.825,1224.167,1224.486,1224.927,1225.687,1226.432,1226.918,1227.922,1228.712,1230.172,1232.3,1235.098,1237.713,1240.327,1243.246,1244.341,1246.409,1248.476,1251.638,1259.544,1266.355,1270.003,1272.436,1277.787,1282.652,1288.49,1295.788,1299.68,1302.112,1306.49,1309.409,1314.761,1328.383,1337.626,1345.41,1239.506,1239.468,1239.506,1239.697,1240.054,1240.639,1242,1243.034,1243.49,1243.946,1245.74,1247.625,1249.632,1252.976,1254.557,1256.625,1260.274,1265.747,1271.463,1279.004,1281.922,1284.355,1285.571,1283.625,1287.517,1291.409,1000,1000,1308.923,1314.761,1324.977,1338.112,1347.842,1354.167,1354.167,1358.059,1000,1254.998,1256.131,1258.464,1260.182,1260.365,1263.436,1261.916,1261.916,1000,1000,1000,1000,1000,1000,1000,1000,1000,1000,1000,1000,1000,1000,1000,1000,1000,1000,1000,1366.329,1378.491,1272.626,1273.371,1000,1000,1000,1000,1000,1000,1000,1000,1000,1000,1000,1292.26,1000,1298.828,1302.112,1000,1000,1000,1000,1000,1000,1000,1000,1000,1000,1000,1000,1000,1000,1000,1000,1000,1000,1000,1000,1293.994,1294.906,1296.821,1000,1301.869,1000,1000,1000,1000,1000,1000,1000,1000,1000,1000,1000,1000,1000,1000,1000,1000,1000,1000,1000,1000,1000,1000,1150.083,1148.867,1149.353,1149.597,1149.353,1149.597,1151.725,1000,1000,1000,1000,1000,1000,1000,1000,1000,1000,1000,1000,1195.084,1183.894,1000,1000,1000,1000,1000,1218.435,1230.111,1236.922,1232.057,1000,1000,1000,1000,1000,1000,1000,1000,1000,1000,1146.677,1151.968,1147.103,1145.37,1144.397,1144.245,1142.208,1142.527,1000,1000,1000,1000,1000,1000,1000,1000,1000,1000,1000,1275.324,1274.139,1273.371,1272.816,1378.491,1370.707,1365.356,1355.626,1342.977,1332.761,1318.166,1306.977,1296.274,1288.004,1281.801,1275.841,1270.125,1266.78,1264.895,1261.733,1260.365,1258.905,1257.689,1256.29,1255.378,1360.978,1342.977,1330.328,1319.626,1309.896,1301.139,1295.544,1294.815,1000,1000,1000,1000,1000,1000,1000,1000,1000,1000,1000,1000,1000,1000,1000,1000,1000,1000,1000,1000,1000,1430.546,1411.086,1407.194,1404.762,1000,1000,1000,1000,1405.735,1396.978,1000,1000,1000,1000,1000,1000,1000,1000,1384.329,1000,1385.789,1387.248,1389.194,1000,1000,1000,1000,1000,1000,1000,1000,1368.032,1363.167,1000,1000,1359.518,1359.518,1000,1000,1000,1000,1000,1000,1000,1000,1000,1349.788,1350.64,1000,1347.599,1344.437,1339.937,1336.714,1335.437,1335.68,1336.045,1336.045,1337.869,1000,1000,1000,1333.795,1332.275,1000,1000,1000,1000,1000,1000,1000,1000,1000,1000,1000,1000,1000,1000,1000,1000,1000,1000,1000,1000,1000,1000,1000,1000,1000,1000,1000,1000,1000,1000,1000,1000,1000,1000,1000,1000,1000,1000,1000,1000,1000,1000,1000,1000,1000,1000,1000,1000,1000,1000,1000,1000,1000,1000,1000,1000,1000,1000,1000,1000,1000,1000,1000,1000,1000,1000,1000,1000,1000,1000,1000,1000,1000,1000,1000,1000,1000,1000,1000,1000,1000,1000,1000,1000,1000,1000,1000,1000,1000,1000,1000,1000,1000,1000,1000,1000,1000,1000,1000,1000,1000,1000,1000,1000,1000,1000,1000,1000,1000,1000,1000,1000,1000,1000,1000,1000,1000,1000,1000,1000,1000,1000,1000,1000,1000,1000,1000,1000,1000,1000,1000,1000,1000,1000,1000,1000,1000,1000,1000,1000,1000,1000,1000,1000,1000,1000,1000
1000,1000,1000,1000,1000,1000,1000,1000,1000,1000,1000,1000,1000,1000,1000,1000,1000,1000,1000,1000,1000,1000,1000,1000,1000,1000,1000,1000,1000,1000,1000,1000,1000,1000,1000,1000,1000,1000,1000,1000,1000,1000,1000,1000,1000,1000,1000,1000,1000,1000,1000,1000,1000,1000,1000,1000,1000,1000,1000,1000,1000,1000,1000,1000,1000,1238.868,1243.733,1247.138,1252.003,1254.922,1256.868,1258.328,1264.652,1270.003,1276.814,1286.544,1294.815,1302.599,1192.803,1192.955,1193.198,1193.586,1194.095,1194.856,1195.661,1196.482,1198.276,1199.462,1200.496,1201.895,1204.509,1204.813,1207.246,1211.381,1214.057,1216.854,1219.53,1221.841,1223.787,1224.76,1228.895,1234.003,1240.084,1247.382,1255.409,1259.301,1263.679,1268.544,1272.922,1277.301,1283.625,1288.49,1295.301,1298.22,1303.085,1314.274,1208.295,1208.523,1208.865,1209.427,1210.21,1211.351,1212.354,1213.661,1215.212,1215.638,1217.705,1218.192,1219.834,1221.537,1225.854,1226.949,1230.354,1233.273,1236.071,1237.895,1240.814,1245.192,1248.354,1254.436,1258.328,1265.139,1271.463,1277.787,1284.112,1289.463,1294.815,1300.166,1305.031,1309.896,1321.085,1325.95,1223.825,1224.167,1224.6,1224.782,1225.581,1225.991,1226.675,1227.329,1228.378,1229.229,1231.388,1233.516,1235.645,1238.625,1241.787,1242.881,1244.706,1247.138,1249.328,1257.355,1265.868,1271.949,1273.895,1281.436,1285.085,1290.436,1293.355,1295.788,1297.247,1299.68,1304.058,1310.382,1321.572,1332.275,1338.599,1347.356,1348.329,1239.354,1239.468,1240.107,1240.799,1242.365,1243.794,1244.615,1243.946,1245.74,1246.53,1248.111,1249.084,1251.517,1252.976,1257.719,1262.341,1270.003,1277.301,1280.22,1282.652,1283.625,1281.436,1286.787,1290.193,1000,1000,1306.49,1312.328,1321.572,1329.356,1343.95,1347.842,1344.923,1357.086,1254.998,1254.998,1255.986,1259.057,1258.753,1260.182,1263.436,1263.01,1263.01,1000,1000,1000,1000,1000,1000,1000,1000,1000,1000,1000,1000,1332.761,1337.139,1000,1000,1000,1000,1000,1355.626,1372.653,1377.518,1272.664,1272.512,1000,1000,1000,1000,1000,1000,1000,1000,1000,1000,1000,1000,1296.274,1296.639,1000,1000,1000,1000,1000,1000,1000,1000,1000,1000,1000,1000,1000,1000,1000,1000,1000,1000,1000,1000,1293.796,1000,1000,1000,1000,1000,1000,1000,1000,1000,1000,1000,1000,1000,1000,1000,1000,1000,1000,1000,1000,1000,1000,1000,1000,1000,1000,1152.576,1150.63,1150.083,1150.083,1149.84,1149.597,1150.63,1152.576,1000,1000,1000,1000,1000,1000,1000,1000,1000,1000,1000,1000,1181.219,1000,1000,1000,1000,1000,1210.651,1220.381,1224.76,1000,1000,1000,1000,1000,1000,1000,1000,1000,1000,1000,1144.245,1147.103,1144.549,1143.789,1142.998,1142.998,1141.729,1141.813,1141.174,1000,1000,1000,1000,1000,1000,1000,1000,1000,1000,1000,1000,1000,1273.188,1272.664,1377.518,1366.329,1358.545,1344.923,1337.139,1322.058,1312.572,1299.923,1290.679,1283.139,1276.328,1268.848,1265.686,1263.922,1261.307,1259.209,1258.054,1256.823,1255.621,1362.924,1353.194,1342.004,1327.41,1313.788,1306.49,1299.68,1289.463,1284.355,1274.139,1270.49,1000,1000,1000,1251.213,1248.354,1252.368,1000,1000,1000,1000,1000,1000,1000,1000,1000,1000,1000,1000,1000,1000,1000,1000,1366.329,1000,1000,1000,1369.734,1376.302,1368.032,1372.167,1369.005,1368.032,1000,1000,1000,1357.572,1357.572,1354.41,1000,1000,1000,1000,1000,1000,1000,1000,1000,1000,1000,1000,1343.707,1343.707,1000,1336.714,1338.356,1339.39,1000,1337.869,1000,1000,1000,1333.46,1332.275,1000,1000,1000,1000,1000,1332.411,1332.275,1330.769,1330.572,1329.682,1329.568,1329.173,1328.945,1000,1000,1000,1000,1000,1000,1000,1000,1000,1000,1000,1000,1000,1000,1000,1000,1000,1000,1000,1000,1000,1000,1000,1000,1000,1000,1000,1000,1000,1000,1000,1000,1000,1000,1000,1000,1000,1000,1000,1000,1000,1000,1000,1000,1000,1000,1000,1000,1000,1000,1000,1000,1000,1000,1000,1000,1000,1000,1000,1000,1000,1000,1000,1000,1000,1000,1000,1000,1000,1000,1000,1000,1000,1000,1000,1000,1000,1000,1000,1000,1000,1000,1000,1000,1000,1000,1000,1000,1000,1000,1000,1000,1000,1000,1000,1000,1000,1000,1000,1000,1000,1000,1000,1000,1000,1000,1000,1000,1000,1000,1000,1000,1000,1000,1000,1000,1000,1000,1000,1000,1000,1000,1000,1000,1000,1000,1000,1000,1000,1000,1000,1000,1000,1000,1000,1000,1000,1000,1000,1000,1000,1000,1000,1000,1000,1000,1000,1000,1000,1000,1000,1000,1000
1000,1000,1000,1000,1000,1000,1000,1000,1000,1000,1000,1000,1000,1000,1000,1000,1000,1000,1000,1000,1000,1000,1000,1000,1000,1000,1000,1000,1000,1000,1000,1000,1000,1000,1000,1000,1000,1000,1000,1000,1000,1000,1000,1000,1000,1000,1000,1000,1000,1000,1000,1000,1000,1000,1000,1000,1000,1000,1000,1000,1000,1000,1000,1000,1000,1000,1241.787,1241.787,1247.625,1250.057,1253.463,1255.895,1266.111,1270.003,1277.787,1285.571,1295.788,1301.625,1192.917,1193.069,1193.297,1193.586,1193.936,1194.445,1195.296,1196.193,1197.759,1199.219,1200.07,1201.651,1203.719,1204.509,1206.577,1210.651,1213.205,1216.489,1220.503,1222.327,1224.76,1225.246,1228.895,1231.814,1238.868,1243.49,1251.03,1255.409,1260.76,1263.193,1269.517,1275.355,1279.733,1284.598,1292.382,1299.193,1305.517,1314.274,1208.257,1208.523,1208.766,1209.359,1210.21,1211.107,1212.202,1214.026,1214.786,1215.638,1217.462,1217.949,1218.983,1220.685,1224.76,1226.219,1229.989,1232.422,1234.611,1236.922,1241.3,1245.192,1249.571,1256.382,1259.544,1265.868,1271.463,1279.247,1283.625,1287.517,1293.842,1297.247,1301.139,1308.923,1317.68,1325.95,1223.863,1224.167,1224.722,1224.995,1225.489,1225.991,1226.675,1226.797,1227.77,1228.895,1231.206,1233.03,1235.098,1238.017,1240.327,1240.692,1241.787,1245.557,1245.922,1253.463,1262.949,1270.003,1271.22,1279.247,1282.652,1287.031,1289.463,1294.328,1291.896,1291.896,1294.815,1299.68,1307.463,1322.545,1331.302,1342.491,1346.383,1345.41,1346.383,1239.902,1240.289,1241.772,1242.897,1243.946,1243.338,1244.098,1244.463,1245.74,1246.956,1250.118,1251.821,1255.53,1000,1266.233,1272.436,1276.814,1283.139,1283.139,1283.139,1289.463,1289.463,1290.193,1292.139,1302.599,1310.382,1321.572,1325.95,1339.085,1000,1353.194,1255.074,1255.34,1255.226,1255.735,1000,1256.823,1258.601,1260.03,1260.912,1261.125,1000,1000,1000,1000,1000,1000,1000,1000,1000,1000,1000,1000,1000,1000,1000,1000,1000,1000,1000,1000,1000,1000,1000,1371.68,1365.356,1000,1000,1000,1000,1000,1000,1000,1000,1000,1000,1000,1000,1000,1000,1000,1000,1000,1000,1000,1000,1000,1000,1000,1000,1000,1000,1000,1000,1000,1000,1000,1000,1000,1294.784,1000,1000,1000,1000,1000,1000,1000,1000,1000,1000,1000,1000,1000,1000,1000,1000,1000,1000,1000,1000,1000,1000,1000,1000,1000,1000,1150.63,1150.63,1150.387,1150.083,1149.353,1149.11,1149.353,1000,1000,1000,1000,1000,1000,1000,1000,1000,1000,1000,1000,1000,1000,1000,1000,1000,1000,1000,1222.327,1224.76,1224.76,1000,1000,1000,1000,1000,1000,1000,1000,1000,1000,1000,1143.12,1144.549,1142.755,1142.755,1142.01,1142.314,1141.478,1141.904,1141.106,1000,1000,1000,1000,1000,1000,1000,1000,1000,1000,1000,1000,1000,1000,1000,1000,1000,1370.707,1351.734,1342.977,1325.464,1315.247,1299.923,1290.193,1282.774,1275.112,1268.544,1265.99,1263.679,1260.912,1258.905,1257.446,1256.541,1255.424,1360.978,1352.221,1340.058,1322.058,1307.463,1296.274,1289.463,1277.787,1274.625,1269.517,1266.233,1259.544,1255.165,1249.084,1246.53,1244.098,1244.797,1244.098,1243.642,1244.463,1246.53,1000,1000,1000,1000,1000,1000,1000,1000,1000,1000,1000,1000,1000,1000,1000,1000,1000,1347.234,1346.504,1345.41,1343.464,1342.187,1000,1340.727,1339.39,1337.626,1338.356,1337.383,1333.977,1336.957,1337.383,1000,1000,1000,1000,1000,1000,1000,1000,1000,1000,1332.852,1000,1329.682,1331.286,1331.758,1331.073,1331.514,1331.879,1330.078,1329.804,1329.416,1328.907,1424.222,1432.979,1000,1000,1000,1000,1424.222,1414.005,1423.249,1000,1407.194,1396.492,1390.654,1000,1000,1000,1000,1000,1000,1000,1000,1000,1000,1000,1000,1000,1000,1000,1000,1000,1000,1000,1000,1000,1000,1000,1000,1000,1000,1000,1000,1000,1000,1000,1000,1000,1000,1000,1000,1000,1000,1000,1000,1000,1000,1000,1000,1000,1000,1000,1000,1000,1000,1000,1000,1000,1000,1000,1000,1000,1000,1000,1000,1000,1000,1000,1000,1000,1000,1000,1000,1000,1000,1000,1000,1000,1000,1000,1000,1000,1000,1000,1000,1000,1000,1000,1000,1000,1000,1000,1000,1000,1000,1000,1000,1000,1000,1000,1000,1000,1000,1000,1000,1000,1000,1000,1000,1000,1000,1000,1000,1000,1000,1000,1000,1000,1000,1000,1000,1000,1000,1000,1000,1000,1000,1000,1000,1000,1000,1000,1000,1000,1000,1000,1000,1000,1000,1000,1000,1000,1000,1000,1000,1000,1000,1000,1000,1000,1000,1000,1000,1000,1000,1000,1000,1000
1000,1000,1000,1000,1000,1000,1000,1000,1000,1000,1000,1000,1000,1000,1000,1000,1000,1000,1000,1000,1000,1000,1000,1000,1000,1000,1000,1000,1000,1000,1000,1000,1000,1000,1000,1000,1000,1000,1000,1000,1000,1000,1000,1000,1000,1000,1000,1000,1000,1000,1000,1000,1000,1000,1000,1000,1000,1000,1000,1000,1000,1000,1000,1000,1000,1000,1235.949,1237.895,1241.787,1249.571,1252.49,1254.922,1265.625,1270.003,1274.868,1282.652,1290.436,1297.734,1192.803,1192.955,1193.107,1193.464,1194.019,1194.552,1195.783,1196.786,1198.459,1199.462,1200.922,1202.381,1204.266,1205.117,1206.881,1209.192,1212.111,1215.273,1218.678,1221.354,1224.273,1225.246,1228.895,1233.516,1238.868,1243.976,1249.571,1253.949,1257.355,1260.76,1267.084,1273.895,1278.274,1284.598,1292.382,1300.166,1308.436,1316.22,1208.447,1208.766,1208.918,1209.587,1210.119,1210.986,1212.05,1213.844,1214.209,1215.03,1216.733,1217.219,1217.949,1219.53,1223.787,1225.489,1228.773,1231.571,1235.098,1237.895,1242.517,1245.679,1249.571,1254.436,1256.868,1263.679,1270.976,1280.22,1283.625,1289.463,1292.869,1294.815,1294.815,1302.112,1311.842,1324.977,1223.901,1224.129,1224.782,1224.995,1225.489,1225.885,1227.055,1226.797,1227.618,1228.378,1229.989,1231.631,1233.516,1236.8,1239.354,1239.354,1240.692,1242.517,1243.246,1247.99,1256.868,1265.868,1268.057,1272.436,1276.571,1283.625,1284.112,1290.436,1293.355,1292.382,1295.788,1299.68,1303.085,1314.761,1323.518,1333.248,1339.572,1342.491,1346.383,1240.168,1240.639,1241.559,1242.76,1243.49,1243.338,1244.098,1244.28,1245.162,1246.956,1248.354,1248.841,1254.192,1000,1261.49,1265.747,1274.625,1280.22,1281.922,1284.355,1292.625,1292.139,1000,1294.815,1302.599,1308.923,1000,1317.68,1000,1343.95,1000,1255.188,1000,1000,1000,1000,1000,1260.03,1261.733,1262.341,1260.912,1000,1000,1000,1000,1000,1000,1000,1000,1000,1000,1000,1000,1000,1000,1000,1000,1000,1000,1000,1000,1000,1000,1000,1000,1000,1000,1000,1000,1000,1000,1000,1000,1000,1000,1000,1000,1293.355,1000,1000,1000,1000,1000,1000,1000,1000,1000,1000,1000,1000,1000,1000,1000,1000,1000,1000,1000,1000,1000,1295.438,1295.879,1000,1000,1000,1000,1000,1000,1000,1000,1000,1000,1000,1000,1000,1000,1000,1000,1000,1000,1000,1000,1000,1000,1000,1000,1000,1148.198,1149.84,1151.725,1151.725,1150.874,1151.725,1152.82,1000,1000,1000,1000,1000,1000,1000,1000,1000,1000,1000,1000,1000,1179.273,1175.867,1173.435,1000,1000,1000,1218.435,1224.76,1221.354,1000,1000,1000,1000,1000,1000,1000,1000,1000,1000,1000,1000,1141.813,1142.01,1142.101,1141.813,1142.208,1141.554,1141.813,1141.318,1000,1000,1000,1000,1000,1000,1000,1000,1000,1000,1000,1000,1000,1000,1000,1000,1000,1000,1000,1000,1342.004,1328.383,1306.247,1295.058,1282.774,1274.017,1268.544,1265.686,1263.922,1260.73,1258.905,1257.02,1255.918,1255.188,1358.059,1347.842,1336.167,1318.653,1303.571,1290.679,1282.652,1274.139,1269.517,1266.233,1261.976,1257.719,1252.976,1249.328,1245.557,1243.642,1242.486,1241.452,1240.419,1240.563,1240.419,1000,1000,1000,1000,1000,1000,1000,1000,1000,1000,1000,1000,1000,1000,1000,1000,1000,1337.869,1337.869,1336.957,1334.312,1000,1000,1330.769,1330.861,1330.397,1330.861,1330.572,1329.933,1329.743,1329.622,1000,1000,1000,1329.059,1000,1000,1000,1433.952,1432.979,1427.141,1432.005,1420.816,1415.951,1427.141,1431.033,1000,1432.005,1432.979,1420.816,1414.005,1412.059,1403.302,1392.113,1395.032,1000,1000,1000,1000,1377.518,1376.059,1385.302,1000,1369.734,1360.248,1000,1340.545,1000,1000,1000,1000,1000,1000,1000,1000,1000,1000,1000,1000,1000,1000,1000,1000,1000,1000,1000,1000,1000,1000,1000,1000,1000,1000,1000,1000,1000,1000,1000,1000,1000,1000,1000,1000,1000,1000,1000,1000,1000,1000,1000,1000,1000,1000,1000,1000,1000,1000,1000,1000,1000,1000,1000,1000,1000,1000,1000,1000,1000,1000,1000,1000,1000,1000,1000,1000,1000,1000,1000,1000,1000,1000,1000,1000,1000,1000,1000,1000,1000,1000,1000,1000,1000,1000,1000,1000,1000,1000,1000,1000,1000,1000,1000,1000,1000,1000,1000,1000,1000,1000,1000,1000,1000,1000,1000,1000,1000,1000,1000,1000,1000,1000,1000,1000,1000,1000,1000,1000,1000,1000,1000,1000,1000,1000,1000,1000,1000,1000,1000,1000,1000,1000,1000,1000,1000,1000,1000,1000,1000,1000,1000,1000,1000,1000,1000,1000,1000,1000,1000,1000
1000,1000,1000,1000,1000,1000,1000,1000,1000,1000,1000,1000,1000,1000,1000,1000,1000,1000,1000,1000,1000,1000,1000,1000,1000,1000,1000,1000,1000,1000,1000,1000,1000,1000,1000,1000,1000,1000,1000,1000,1000,1000,1000,1000,1000,1000,1000,1000,1000,1000,1000,1000,1000,1000,1000,1000,1000,1000,1000,1000,1000,1000,1000,1000,1000,1000,1000,1236.679,1237.895,1245.679,1249.571,1252.49,1261.247,1268.057,1272.922,1280.706,1288.49,1300.652,1192.841,1193.031,1193.198,1193.586,1194.019,1194.552,1195.54,1196.938,1198.459,1199.462,1200.253,1201.408,1202.928,1204.509,1205.969,1210.286,1213.57,1216.003,1218.678,1221.841,1223.787,1224.76,1228.408,1232.3,1236.922,1241.3,1245.922,1250.301,1254.436,1259.301,1264.652,1271.949,1277.301,1284.598,1292.382,1303.085,1311.355,1208.257,1208.447,1208.766,1208.971,1209.587,1210.21,1210.986,1211.624,1213.327,1213.844,1214.604,1215.638,1216.064,1216.733,1218.192,1222.145,1224.03,1228.408,1231.206,1236.071,1239.841,1244.463,1247.868,1253.219,1256.868,1261.003,1265.139,1273.895,1282.652,1284.112,1287.517,1292.869,1294.815,1295.301,1303.085,1313.788,1326.923,1223.863,1224.053,1224.722,1224.782,1225.155,1225.406,1226.31,1225.778,1226.432,1227.192,1229.047,1230.78,1232.787,1237.104,1239.963,1239.354,1000,1242.517,1000,1000,1000,1261.733,1265.868,1266.355,1272.436,1278.517,1278.517,1282.166,1290.923,1290.436,1295.788,1302.112,1304.058,1313.788,1316.707,1326.437,1327.41,1337.626,1336.653,1000,1240,1240.974,1241.772,1243.338,1244.098,1246.165,1246.348,1247.868,1248.111,1249.632,1248.841,1255.165,1256.99,1262.341,1000,1274.139,1277.301,1281.922,1285.085,1294.085,1295.544,1299.193,1298.22,1305.031,1309.896,1000,1000,1000,1000,1000,1000,1000,1000,1000,1000,1000,1258.464,1259.666,1260.547,1000,1000,1000,1000,1000,1000,1000,1285.085,1000,1000,1000,1000,1000,1000,1000,1000,1000,1000,1000,1000,1000,1000,1000,1000,1000,1000,1000,1000,1000,1000,1000,1000,1000,1000,1000,1000,1000,1291.896,1291.166,1000,1000,1000,1000,1000,1000,1000,1000,1000,1000,1000,1000,1000,1000,1000,1000,1000,1000,1000,1000,1293.887,1295.027,1000,1000,1000,1000,1000,1000,1000,1000,1000,1000,1000,1000,1000,1000,1000,1000,1000,1000,1000,1000,1000,1000,1000,1000,1000,1000,1149.597,1151.421,1151.178,1150.387,1151.968,1153.428,1152.576,1000,1000,1000,1000,1000,1000,1000,1000,1000,1000,1000,1000,1000,1173.435,1173.435,1000,1000,1000,1198.489,1208.219,1202.867,1000,1000,1000,1000,1000,1000,1000,1000,1000,1000,1000,1000,1000,1142.314,1142.01,1141.478,1141.729,1141.318,1141.395,1000,1000,1000,1000,1000,1000,1000,1000,1000,1000,1000,1000,1000,1000,1000,1000,1000,1000,1000,1000,1000,1000,1350.761,1323.031,1000,1000,1279.977,1272.557,1268.24,1266.78,1263.193,1260.365,1257.568,1256.29,1255.15,1355.14,1345.896,1335.193,1317.68,1302.599,1290.679,1282.652,1273.652,1268.057,1264.044,1258.449,1254.192,1250.422,1246.956,1244.098,1242.623,1241.346,1240.563,1240.107,1240.35,1239.658,1342.491,1000,1000,1000,1000,1000,1000,1000,1000,1000,1000,1000,1000,1000,1000,1000,1000,1000,1332.411,1000,1000,1000,1000,1429.087,1429.087,1422.276,1424.222,1424.222,1420.816,1000,1409.14,1410.113,1406.221,1407.194,1396.492,1396.005,1390.654,1390.654,1385.302,1388.708,1000,1000,1000,1374.113,1376.059,1000,1000,1384.816,1384.816,1378.978,1376.545,1370.707,1367.059,1360.248,1000,1358.788,1000,1344.68,1345.167,1342.977,1342.491,1347.842,1344.194,1337.261,1000,1000,1322.119,1319.687,1000,1000,1000,1000,1000,1000,1000,1000,1000,1000,1000,1000,1000,1000,1000,1000,1000,1000,1000,1000,1000,1000,1000,1000,1000,1000,1000,1000,1000,1000,1000,1000,1000,1000,1000,1000,1000,1000,1000,1000,1000,1000,1000,1000,1000,1000,1000,1000,1000,1000,1000,1000,1000,1000,1000,1000,1000,1000,1000,1000,1000,1000,1000,1000,1000,1000,1000,1000,1000,1000,1000,1000,1000,1000,1000,1000,1000,1000,1000,1000,1000,1000,1000,1000,1000,1000,1000,1000,1000,1000,1000,1000,1000,1000,1000,1000,1000,1000,1000,1000,1000,1000,1000,1000,1000,1000,1000,1000,1000,1000,1000,1000,1000,1000,1000,1000,1000,1000,1000,1000,1000,1000,1000,1000,1000,1000,1000,1000,1000,1000,1000,1000,1000,1000,1000,1000,1000,1000,1000,1000,1000,1000,1000,1000,1000,1000,1000,1000,1000,1000,1000
1000,1000,1000,1000,1000,1000,1000,1000,1000,1000,1000,1000,1000,1000,1000,1000,1000,1000,1000,1000,1000,1000,1000,1000,1000,1000,1000,1000,1000,1000,1000,1000,1000,1000,1000,1000,1000,1000,1000,1000,1000,1000,1000,1000,1000,1000,1000,1000,1000,1000,1000,1000,1000,1000,1000,1000,1000,1000,1000,1000,1000,1000,1000,1000,1000,1000,1000,1234.49,1234.49,1243.733,1250.057,1254.922,1262.706,1270.003,1273.895,1278.76,1286.544,1296.76,1192.879,1193.069,1193.404,1193.715,1194.095,1194.445,1195.783,1196.634,1198.094,1199.219,1200.253,1200.922,1202.928,1204.813,1205.969,1209.922,1212.476,1215.273,1217.705,1220.868,1222.327,1224.273,1227.435,1231.814,1237.652,1241.3,1245.436,1250.301,1253.949,1259.301,1264.652,1273.895,1279.247,1286.544,1292.382,1303.085,1309.409,1208.219,1208.409,1208.865,1209.032,1209.663,1210.119,1210.743,1210.864,1212.202,1212.506,1213.844,1214.786,1215.82,1216.489,1217.949,1221.233,1223.787,1228.408,1231.206,1235.584,1239.841,1243.976,1246.165,1249.571,1253.219,1257.598,1263.679,1271.463,1281.193,1282.652,1285.085,1287.517,1287.517,1287.517,1295.301,1303.085,1321.085,1332.761,1224.015,1224.539,1224.486,1224.782,1225.155,1225.687,1225.315,1226.204,1226.797,1228.895,1229.777,1230.962,1234.854,1235.949,1000,1000,1000,1000,1000,1000,1263.436,1267.084,1268.057,1269.517,1273.166,1271.949,1276.571,1284.112,1288.004,1300.652,1310.382,1310.382,1314.761,1318.653,1321.572,1328.383,1343.464,1345.41,1000,1240.054,1240.639,1241.559,1243.338,1244.797,1246.773,1246.165,1247.199,1249.632,1252.368,1255.165,1264.895,1266.233,1269.517,1273.652,1280.22,1281.922,1285.085,1286.787,1294.815,1292.139,1294.815,1297.734,1307.463,1313.788,1000,1000,1000,1000,1000,1000,1000,1000,1000,1000,1000,1260.547,1260.03,1262.098,1000,1000,1000,1000,1000,1000,1000,1000,1000,1000,1000,1000,1000,1000,1000,1000,1000,1000,1000,1000,1000,1000,1000,1000,1000,1000,1000,1000,1000,1000,1000,1000,1000,1000,1000,1000,1000,1288.612,1288.247,1000,1000,1000,1000,1000,1000,1000,1000,1000,1000,1000,1000,1000,1000,1000,1000,1000,1000,1000,1293.18,1293.994,1295.027,1000,1000,1000,1000,1000,1000,1000,1000,1000,1000,1000,1000,1000,1000,1000,1000,1000,1000,1000,1000,1000,1000,1000,1000,1000,1000,1149.353,1151.421,1150.63,1150.083,1151.178,1152.576,1151.968,1000,1000,1000,1000,1000,1000,1000,1000,1000,1000,1000,1000,1000,1177.083,1000,1000,1000,1000,1188.759,1197.03,1000,1000,1000,1000,1000,1000,1000,1000,1000,1000,1000,1000,1000,1000,1142.998,1142.314,1141.813,1141.904,1141.395,1141.318,1000,1000,1000,1000,1000,1000,1000,1000,1000,1000,1000,1000,1000,1000,1000,1000,1000,1000,1000,1000,1000,1000,1000,1000,1000,1000,1000,1000,1000,1272.557,1266.78,1261.49,1257.932,1256.366,1255.112,1352.221,1346.869,1335.193,1317.68,1305.031,1293.355,1283.625,1274.139,1268.544,1264.409,1258.814,1254.922,1251.213,1246.956,1243.946,1242,1240.495,1239.947,1239.697,1239.62,1342.491,1337.626,1320.599,1310.382,1000,1304.058,1290.923,1290.923,1294.328,1282.166,1281.436,1000,1000,1000,1000,1000,1000,1000,1000,1000,1000,1000,1000,1000,1000,1000,1000,1389.681,1389.681,1387.248,1381.41,1380.437,1381.41,1381.41,1378.978,1371.194,1364.14,1360.248,1358.788,1356.356,1000,1000,1000,1342.004,1343.707,1344.68,1000,1000,1000,1348.572,1344.194,1342.977,1342.004,1340.545,1000,1000,1000,1000,1325.22,1324.977,1323.031,1324.612,1000,1325.585,1319.687,1319.382,1000,1313.545,1311.507,1000,1000,1000,1000,1000,1000,1000,1000,1000,1000,1000,1000,1000,1000,1000,1000,1000,1000,1000,1000,1000,1000,1000,1000,1000,1000,1000,1000,1000,1000,1000,1000,1000,1000,1000,1000,1000,1000,1000,1000,1000,1000,1000,1000,1000,1000,1000,1000,1000,1000,1000,1000,1000,1000,1000,1000,1000,1000,1000,1000,1000,1000,1000,1000,1373.14,1000,1000,1000,1000,1000,1000,1000,1000,1000,1000,1000,1000,1000,1000,1000,1000,1000,1000,1000,1000,1000,1000,1000,1000,1000,1000,1000,1000,1000,1000,1000,1000,1000,1000,1000,1000,1000,1000,1000,1000,1000,1000,1000,1000,1000,1000,1000,1000,1000,1000,1000,1000,1000,1000,1000,1000,1000,1000,1000,1000,1000,1000,1000,1000,1000,1000,1000,1000,1000,1000,1000,1000,1000,1000,1000,1000,1000,1000,1000,1000,1000,1000,1000,1000,1000,1000
1000,1000,1000,1000,1000,1000,1000,1000,1000,1000,1000,1000,1000,1000,1000,1000,1000,1000,1000,1000,1000,1000,1000,1000,1000,1000,1000,1000,1000,1000,1000,1000,1000,1000,1000,1000,1000,1000,1000,1000,1000,1000,1000,1000,1000,1000,1000,1000,1000,1000,1000,1000,1000,1000,1000,1000,1000,1000,1000,1000,1000,1000,1000,1000,1000,1000,1000,1000,1233.03,1242.273,1251.03,1255.895,1264.652,1272.922,1277.787,1280.706,1288.49,1297.734,1192.879,1192.993,1193.297,1193.647,1193.936,1194.27,1195.661,1196.482,1197.759,1199.036,1200.253,1200.496,1201.895,1203.962,1204.813,1207.246,1210.286,1213.57,1215.638,1219.53,1221.841,1223.787,1226.949,1230.598,1234.003,1237.652,1240.084,1245.922,1251.03,1258.328,1263.679,1273.895,1279.247,1286.544,1289.463,1302.112,1306.49,1314.274,1208.257,1208.637,1208.721,1209.427,1209.504,1209.922,1209.922,1211.229,1211.488,1213.145,1214.422,1215.395,1215.82,1216.976,1219.287,1221.233,1225.125,1226.949,1231.206,1237.408,1242.517,1246.652,1249.084,1252.49,1253.219,1258.328,1264.409,1277.787,1280.22,1286.058,1287.517,1286.058,1283.625,1289.463,1300.166,1317.68,1327.896,1223.901,1224.38,1224.205,1224.288,1224.782,1225.231,1224.927,1225.687,1226.675,1228.53,1229.412,1230.78,1235.402,1238.017,1000,1000,1000,1000,1000,1000,1258.084,1262.22,1265.139,1269.517,1274.625,1000,1000,1000,1000,1000,1000,1000,1315.734,1320.599,1323.518,1338.599,1346.383,1348.329,1239.62,1239.772,1240.107,1240.723,1241.772,1243.186,1243.642,1243.49,1245.557,1249.084,1252.976,1259.179,1267.206,1268.057,1272.436,1274.139,1281.436,1000,1000,1000,1000,1294.085,1297.734,1302.599,1310.382,1314.761,1000,1000,1000,1000,1000,1000,1000,1000,1000,1000,1000,1260.03,1260.182,1261.733,1260.73,1000,1000,1000,1000,1000,1000,1000,1000,1000,1000,1000,1000,1000,1000,1000,1000,1000,1000,1000,1000,1000,1000,1000,1000,1000,1000,1000,1000,1000,1000,1000,1000,1000,1000,1000,1000,1288.977,1290.071,1000,1000,1000,1000,1000,1000,1000,1000,1000,1000,1000,1000,1000,1000,1000,1000,1000,1000,1292.314,1292.96,1293.598,1293.598,1000,1000,1000,1000,1000,1000,1000,1000,1000,1000,1000,1000,1000,1000,1000,1000,1000,1000,1000,1000,1000,1000,1000,1000,1000,1000,1148.624,1151.968,1150.874,1150.63,1150.387,1152.272,1149.597,1000,1000,1000,1000,1000,1000,1000,1000,1000,1000,1000,1000,1000,1000,1000,1000,1000,1000,1000,1205.786,1000,1000,1000,1000,1000,1000,1000,1000,1000,1000,1000,1000,1000,1000,1144.701,1142.755,1141.729,1141.638,1141.174,1141.045,1140.756,1000,1000,1000,1000,1000,1000,1000,1000,1000,1329.743,1329.804,1329.173,1329.416,1000,1000,1000,1000,1000,1433.952,1000,1000,1000,1000,1000,1000,1000,1000,1000,1000,1000,1266.537,1259.848,1257.689,1255.515,1360.978,1347.842,1333.248,1313.788,1306.004,1292.625,1282.652,1272.922,1267.206,1262.706,1259.179,1256.26,1251.517,1246.956,1243.946,1242,1240.495,1239.947,1239.62,1239.468,1335.193,1325.464,1310.869,1300.652,1292.382,1286.544,1278.517,1273.895,1275.112,1271.22,1270.733,1000,1000,1000,1000,1000,1000,1000,1000,1000,1000,1000,1000,1000,1000,1000,1000,1000,1000,1000,1000,1352.707,1356.356,1000,1357.572,1349.545,1342.977,1335.802,1334.099,1332.396,1332.396,1000,1326.68,1325.585,1324.977,1322.423,1322.423,1324.004,1322.727,1322.423,1323.639,1322.727,1319.93,1000,1000,1000,1000,1317.254,1000,1000,1000,1000,1000,1000,1311.507,1310.937,1310.474,1309.751,1405.735,1000,1397.465,1387.735,1000,1000,1000,1000,1393.573,1000,1000,1000,1000,1000,1000,1000,1000,1000,1000,1000,1360.005,1000,1000,1000,1335.68,1000,1000,1000,1000,1000,1000,1000,1000,1000,1000,1000,1304.909,1306.125,1305.822,1304.605,1000,1000,1000,1000,1000,1000,1000,1000,1000,1000,1000,1000,1000,1000,1000,1000,1000,1000,1000,1000,1000,1000,1000,1000,1000,1337.139,1000,1000,1000,1000,1000,1000,1000,1000,1000,1000,1000,1000,1000,1000,1000,1000,1000,1000,1000,1000,1000,1000,1000,1000,1000,1000,1000,1000,1000,1000,1000,1000,1000,1000,1000,1000,1000,1000,1000,1000,1000,1000,1000,1000,1000,1000,1000,1000,1000,1000,1000,1000,1000,1000,1000,1000,1000,1000,1000,1000,1000,1000,1000,1000,1000,1000,1000,1000,1000,1000,1000,1000,1000,1000,1000,1000,1000,1000,1000,1000,1000,1000,1000,1000,1000,1000
1000,1000,1000,1000,1000,1000,1000,1000,1000,1000,1000,1000,1000,1000,1000,1000,1000,1000,1000,1000,1000,1000,1000,1000,1000,1000,1000,1000,1000,1000,1000,1000,1000,1000,1000,1000,1000,1000,1000,1000,1000,1000,1000,1000,1000,1000,1000,1000,1000,1000,1000,1000,1000,1000,1000,1000,1000,1000,1000,1000,1000,1000,1000,1000,1000,1000,1000,1000,1236.679,1246.165,1254.922,1259.301,1267.084,1273.895,1278.76,1281.679,1286.544,1296.76,1192.727,1192.803,1193.107,1193.586,1193.86,1194.354,1195.661,1196.33,1197.394,1198.641,1200.253,1200.739,1202.624,1204.266,1204.509,1205.665,1209.192,1211.016,1212.841,1217.341,1220.016,1222.814,1227.922,1231.814,1236.435,1240.084,1241.3,1245.436,1250.301,1258.328,1263.193,1270.49,1278.274,1285.571,1288.49,1299.193,1307.463,1316.22,1208.409,1208.675,1208.865,1209.359,1209.215,1209.504,1209.587,1210.423,1210.53,1211.624,1212.658,1213.479,1215.212,1216.489,1218.983,1219.834,1223.422,1223.787,1228.043,1232.422,1240.327,1246.652,1246.652,1248.354,1249.084,1250.301,1254.436,1265.868,1272.436,1281.193,1285.085,1281.679,1285.085,1290.436,1301.139,1313.788,1322.058,1326.923,1223.863,1329.842,1224.091,1224.661,1224.661,1224.782,1225.489,1225.489,1227.618,1228.895,1230.962,1235.949,1239.598,1000,1000,1000,1000,1000,1000,1000,1255.409,1259.544,1265.139,1275.112,1272.436,1000,1000,1000,1000,1324.491,1321.572,1326.437,1326.437,1333.248,1336.653,1347.356,1343.464,1239.658,1239.468,1240,1240.289,1241.559,1242.365,1243.946,1243.338,1247.199,1250.665,1255.895,1265.382,1272.436,1273.652,1279.004,1276.814,1281.922,1000,1000,1000,1000,1000,1300.652,1302.599,1312.328,1320.599,1000,1000,1000,1000,1000,1000,1000,1000,1000,1000,1000,1000,1000,1000,1000,1000,1000,1000,1000,1000,1000,1000,1288.004,1000,1000,1000,1000,1000,1000,1000,1000,1000,1000,1000,1000,1000,1000,1000,1000,1000,1000,1000,1000,1000,1000,1000,1000,1000,1000,1000,1000,1287.639,1290.436,1000,1303.571,1303.571,1000,1000,1000,1000,1000,1000,1000,1000,1000,1000,1000,1000,1000,1000,1000,1000,1000,1292.443,1292.77,1000,1000,1000,1000,1000,1000,1000,1000,1000,1000,1000,1000,1000,1000,1000,1000,1000,1000,1000,1000,1000,1000,1000,1000,1000,1146.495,1148.624,1150.874,1150.083,1149.597,1149.84,1150.874,1000,1000,1000,1000,1000,1000,1000,1000,1000,1000,1000,1000,1000,1174.164,1171.732,1172.218,1000,1000,1000,1000,1206.759,1000,1000,1000,1000,1000,1000,1000,1000,1000,1000,1000,1000,1000,1000,1145.735,1143.379,1141.395,1141.554,1140.984,1140.923,1140.612,1000,1000,1000,1000,1000,1000,1000,1000,1000,1000,1000,1417.897,1417.897,1000,1000,1000,1000,1000,1000,1000,1403.302,1000,1000,1000,1000,1000,1000,1000,1000,1000,1000,1000,1260.365,1257.02,1255.515,1360.978,1345.896,1320.599,1308.923,1292.625,1281.922,1268.544,1264.044,1258.814,1256.625,1253.28,1250.422,1246.773,1244.28,1242,1240.563,1240,1239.658,1239.43,1337.626,1327.41,1314.761,1303.085,1291.896,1285.085,1276.571,1269.517,1267.571,1263.436,1256.382,1252.003,1247.138,1241.787,1234.307,1230.354,1229.047,1000,1225.885,1000,1000,1000,1000,1000,1000,1000,1000,1000,1000,1000,1000,1000,1000,1000,1000,1000,1329.234,1000,1324.977,1322.727,1000,1000,1000,1313.24,1311.933,1311.203,1311.31,1311.72,1311.203,1311.614,1311.72,1311.028,1310.223,1309.713,1000,1000,1000,1310.474,1309.789,1000,1397.465,1000,1000,1000,1397.465,1394.546,1396.492,1390.654,1380.924,1384.816,1369.734,1356.599,1000,1000,1000,1000,1366.329,1000,1000,1000,1000,1000,1000,1000,1000,1000,1000,1000,1332.031,1000,1000,1000,1313.666,1000,1000,1000,1000,1000,1000,1000,1000,1000,1000,1000,1000,1296.821,1297.521,1295.438,1000,1000,1293.515,1292.77,1000,1000,1292.489,1000,1000,1000,1000,1000,1000,1000,1000,1000,1000,1000,1000,1000,1000,1000,1000,1000,1000,1000,1000,1000,1000,1000,1000,1000,1000,1000,1000,1000,1000,1000,1000,1000,1000,1000,1000,1000,1000,1000,1000,1000,1000,1000,1000,1000,1000,1000,1000,1000,1000,1000,1000,1000,1000,1000,1000,1000,1000,1000,1000,1000,1000,1000,1000,1000,1000,1000,1000,1000,1000,1000,1000,1000,1000,1000,1000,1000,1000,1000,1000,1000,1000,1000,1000,1000,1000,1000,1000,1000,1000,1000,1000,1000,1000,1000,1000,1000,1000,1000,1000,1000,1000,1000,1000,1000
1000,1000,1000,1000,1000,1000,1000,1000,1000,1000,1000,1000,1000,1000,1000,1000,1000,1000,1000,1000,1000,1000,1000,1000,1000,1000,1000,1000,1000,1000,1000,1000,1000,1000,1000,1000,1000,1000,1000,1000,1000,1000,1000,1000,1000,1000,1000,1000,1000,1000,1000,1000,1000,1000,1000,1000,1000,1000,1000,1000,1000,1000,1000,1000,1000,1000,1000,1000,1000,1243.733,1253.463,1256.868,1266.111,1270.976,1279.733,1280.706,1289.463,1294.815,1192.651,1192.765,1193.153,1193.464,1193.715,1194.019,1194.749,1195.296,1196.193,1197.759,1198.854,1199.827,1200.922,1203.172,1203.415,1205.969,1209.192,1211.746,1214.057,1217.705,1220.016,1222.814,1226.219,1226.949,1231.084,1234.003,1234.733,1238.868,1247.382,1258.328,1261.247,1270.976,1279.247,1284.598,1288.49,1298.22,1304.058,1315.247,1208.219,1208.295,1208.485,1209.093,1208.812,1208.918,1209.154,1209.838,1209.283,1210.21,1000,1000,1213.661,1215.82,1217.705,1219.834,1222.814,1222.449,1226.584,1229.989,1237.408,1244.463,1246.165,1249.084,1248.354,1246.652,1250.301,1257.598,1264.409,1271.463,1280.22,1281.193,1286.544,1291.896,1302.112,1309.896,1317.68,1223.787,1224.129,1224.015,1224.38,1000,1000,1224.782,1225.885,1226.098,1229.047,1229.777,1231.631,1235.402,1239.354,1000,1000,1000,1000,1000,1000,1000,1256.382,1258.571,1262.949,1269.517,1269.517,1000,1000,1000,1000,1316.707,1317.68,1318.653,1321.572,1325.464,1324.491,1332.275,1332.275,1343.464,1342.491,1239.811,1240.229,1241.452,1241.772,1243.338,1243.49,1246.53,1000,1000,1000,1270.976,1272.436,1277.301,1000,1000,1000,1000,1000,1000,1000,1000,1299.193,1000,1000,1000,1000,1000,1000,1000,1000,1000,1000,1000,1000,1000,1000,1000,1260.912,1262.524,1265.686,1000,1000,1000,1000,1271.828,1275.112,1281.314,1281.314,1000,1000,1000,1300.652,1306.247,1306.977,1000,1000,1000,1000,1000,1000,1000,1000,1000,1000,1000,1000,1000,1000,1000,1000,1000,1000,1000,1000,1000,1000,1000,1000,1000,1296.639,1000,1000,1000,1000,1000,1000,1000,1000,1000,1000,1000,1000,1000,1000,1000,1000,1000,1000,1000,1000,1000,1000,1000,1000,1000,1000,1000,1000,1000,1000,1000,1000,1000,1000,1000,1000,1000,1000,1000,1000,1000,1000,1000,1000,1148.624,1149.353,1150.387,1149.84,1149.597,1150.63,1152.82,1000,1000,1000,1000,1000,1000,1000,1000,1000,1000,1000,1000,1000,1166.867,1169.299,1171.002,1000,1000,1000,1000,1217.949,1220.381,1000,1000,1000,1000,1000,1000,1000,1000,1000,1000,1000,1000,1146.677,1148.624,1144.853,1141.813,1141.638,1140.984,1140.612,1140.528,1000,1000,1000,1000,1000,1000,1000,1000,1382.87,1000,1387.735,1381.41,1383.843,1383.843,1364.14,1000,1000,1000,1000,1000,1374.113,1000,1351.977,1350.275,1344.194,1334.099,1334.099,1332.761,1324.977,1321.572,1000,1000,1000,1000,1000,1000,1000,1326.437,1314.761,1299.193,1288.733,1272.922,1267.571,1261.125,1258.084,1252.976,1250.118,1246.165,1244.098,1241.878,1240.799,1240.107,1239.734,1239.392,1337.626,1327.41,1317.68,1305.031,1290.923,1282.652,1271.949,1262.22,1261.247,1258.571,1253.463,1247.138,1241.787,1235.645,1230.172,1227.466,1226.554,1225.885,1224.851,1225.778,1225.778,1225.071,1225.581,1227.922,1226.554,1000,1000,1000,1000,1000,1000,1000,1000,1000,1000,1000,1000,1000,1314.518,1000,1000,1000,1000,1309.409,1411.573,1407.681,1408.654,1000,1391.627,1393.573,1398.438,1383.843,1380.924,1378.491,1368.761,1362.437,1000,1000,1000,1000,1000,1000,1353.194,1000,1360.491,1356.113,1356.599,1000,1000,1356.113,1345.167,1337.626,1000,1000,1000,1000,1338.112,1000,1000,1000,1000,1000,1000,1000,1000,1000,1000,1000,1000,1000,1000,1300.409,1300.652,1000,1000,1299.497,1000,1000,1000,1000,1000,1000,1000,1293.036,1292.831,1292.443,1292.831,1292.352,1000,1390.167,1389.194,1367.302,1000,1000,1000,1000,1000,1000,1000,1000,1000,1000,1000,1000,1000,1000,1000,1000,1000,1000,1000,1000,1000,1000,1000,1000,1000,1000,1000,1000,1000,1000,1000,1000,1000,1000,1000,1000,1000,1000,1000,1000,1000,1000,1000,1000,1000,1000,1000,1000,1000,1000,1000,1000,1000,1000,1000,1000,1000,1000,1000,1000,1000,1000,1000,1000,1000,1000,1000,1000,1000,1000,1000,1000,1000,1000,1000,1000,1000,1000,1000,1000,1000,1000,1000,1000,1000,1000,1000,1000,1000,1000,1000,1000,1000,1000,1000,1000,1000,1000,1000,1000,1000,1000,1000,1000,1000,1000,1000,1000
1000,1000,1000,1000,1000,1000,1000,1000,1000,1000,1000,1000,1000,1000,1000,1000,1000,1000,1000,1000,1000,1000,1000,1000,1000,1000,1000,1000,1000,1000,1000,1000,1000,1000,1000,1000,1000,1000,1000,1000,1000,1000,1000,1000,1000,1000,1000,1000,1000,1000,1000,1000,1000,1000,1000,1000,1000,1000,1000,1000,1000,1000,1000,1000,1000,1000,1000,1000,1000,1252.003,1260.274,1265.625,1271.949,1271.949,1274.868,1275.841,1284.598,1285.571,1294.815,1300.652,1192.917,1193.107,1193.35,1193.86,1194.445,1194.856,1195.783,1197.577,1199.036,1200.496,1202.138,1204.509,1204.266,1205.969,1207.854,1211.016,1213.205,1217.341,1218.192,1221.841,1222.327,1223.787,1227.922,1233.516,1234.003,1243.49,1251.517,1262.22,1262.22,1271.949,1277.301,1283.625,1281.679,1290.436,1287.517,1298.22,1298.22,1302.112,1307.463,1208.523,1317.193,1208.257,1208.561,1209.093,1208.812,1209.587,1000,1000,1215.03,1220.077,1220.685,1222.145,1222.449,1221.537,1221.841,1225.854,1229.989,1235.098,1235.098,1239.841,1240.327,1243.003,1245.192,1256.382,1264.409,1272.922,1279.247,1283.625,1290.436,1295.301,1000,1000,1321.085,1223.939,1224.167,1330.815,1224.288,1224.782,1000,1000,1226.554,1226.554,1229.047,1229.412,1231.875,1234.064,1237.104,1000,1000,1000,1000,1000,1000,1000,1256.382,1256.868,1261.247,1266.355,1267.084,1000,1000,1000,1000,1000,1000,1324.491,1333.248,1331.302,1341.518,1340.545,1000,1341.518,1239.468,1239.811,1240.35,1241.559,1242,1242.486,1243.034,1000,1000,1000,1000,1000,1000,1000,1000,1000,1000,1000,1000,1000,1302.599,1000,1000,1000,1000,1000,1000,1000,1342.977,1000,1000,1342.004,1000,1000,1000,1000,1257.689,1259.057,1260.912,1263.679,1265.443,1000,1269.152,1000,1000,1000,1271.463,1276.328,1276.693,1000,1000,1000,1294.571,1303.571,1303.085,1000,1000,1000,1000,1000,1000,1000,1000,1000,1000,1000,1000,1000,1000,1000,1000,1000,1000,1000,1000,1000,1000,1000,1000,1000,1000,1000,1000,1000,1000,1000,1000,1000,1000,1000,1000,1000,1000,1000,1000,1000,1000,1000,1000,1000,1000,1000,1000,1000,1000,1000,1000,1000,1000,1000,1000,1000,1000,1000,1000,1000,1000,1000,1000,1000,1000,1000,1000,1000,1000,1147.286,1147.955,1149.597,1149.11,1149.11,1150.387,1152.82,1000,1000,1000,1000,1000,1000,1000,1000,1000,1000,1000,1000,1173.435,1165.894,1163.705,1165.407,1000,1000,1000,1211.138,1212.111,1211.138,1211.138,1000,1000,1000,1000,1000,1000,1000,1000,1000,1000,1000,1000,1000,1143.515,1141.638,1141.478,1140.984,1140.809,1140.984,1144.549,1000,1000,1000,1334.099,1338.599,1000,1000,1350.761,1360.734,1358.059,1349.545,1344.68,1341.031,1336.288,1334.099,1000,1000,1000,1000,1347.356,1341.031,1336.288,1336.288,1332.396,1326.315,1325.22,1000,1321.876,1322.423,1000,1000,1000,1000,1000,1000,1000,1000,1326.437,1312.815,1301.139,1281.922,1274.625,1267.571,1262.706,1256.625,1250.665,1245.922,1243.642,1241.559,1240.35,1239.811,1239.43,1339.572,1328.383,1323.518,1315.734,1303.085,1290.436,1279.247,1266.355,1256.382,1254.436,1251.152,1247.99,1243.246,1237.713,1232.057,1229.047,1226.554,1225.885,1224.995,1224.433,1224.433,1224.288,1223.825,1224.015,1224.243,1224.129,1224.38,1000,1000,1000,1000,1000,1306.977,1000,1000,1000,1000,1000,1000,1000,1000,1000,1000,1000,1000,1390.654,1369.734,1372.167,1000,1000,1000,1000,1347.356,1345.167,1341.275,1336.896,1328.869,1333.977,1000,1332.761,1000,1326.68,1000,1318.288,1320.112,1324.491,1327.166,1331.545,1000,1318.288,1319.747,1314.031,1000,1000,1000,1308.801,1000,1308.801,1000,1000,1000,1000,1000,1000,1000,1000,1000,1000,1000,1297.338,1000,1000,1294.906,1294.663,1000,1293.036,1293.887,1294.313,1293.264,1292.831,1000,1000,1000,1000,1000,1387.248,1380.924,1381.897,1377.032,1000,1000,1000,1000,1000,1000,1000,1000,1000,1000,1000,1000,1000,1000,1000,1000,1000,1000,1000,1000,1000,1000,1000,1000,1000,1000,1000,1000,1000,1000,1000,1000,1000,1000,1000,1000,1000,1000,1000,1000,1000,1000,1000,1000,1000,1000,1000,1000,1000,1000,1000,1000,1000,1000,1000,1000,1000,1000,1000,1000,1000,1000,1000,1000,1000,1000,1000,1000,1000,1000,1000,1000,1000,1000,1000,1000,1000,1000,1000,1000,1000,1000,1000,1000,1000,1000,1000,1000,1000,1000,1000,1000,1000,1000,1000,1000,1000,1000,1000,1000,1000,1000,1000,1000,1000,1000,1000,1000,1000,1000,1000,1000
1000,1000,1000,1000,1000,1000,1000,1000,1000,1000,1000,1000,1000,1000,1000,1000,1000,1000,1000,1000,1000,1000,1000,1000,1000,1000,1000,1000,1000,1000,1000,1000,1000,1000,1000,1000,1000,1000,1000,1000,1000,1000,1000,1000,1000,1000,1000,1000,1000,1000,1000,1000,1000,1000,1000,1000,1000,1000,1000,1000,1000,1000,1000,1000,1000,1000,1000,1000,1000,1000,1260.274,1264.652,1271.949,1270.976,1273.895,1276.814,1281.679,1284.598,1287.517,1295.788,1301.625,1192.803,1192.993,1193.791,1193.791,1194.552,1195.296,1196.938,1197.759,1200.496,1200.739,1202.138,1201.895,1203.962,1204.509,1207.854,1210.651,1216.003,1215.638,1220.016,1221.354,1219.043,1223.3,1000,1232.3,1240.814,1254.436,1262.22,1259.787,1268.544,1268.544,1270.976,1271.949,1282.652,1279.733,1293.355,1296.274,1296.274,1296.274,1312.328,1000,1300.166,1208.257,1208.675,1208.409,1208.918,1209.838,1210.864,1212.81,1218.192,1219.834,1220.685,1219.287,1219.53,1221.233,1000,1000,1237.408,1237.895,1239.841,1240.327,1243.003,1246.165,1255.652,1265.868,1000,1000,1285.085,1293.842,1296.274,1306.004,1306.004,1314.761,1327.896,1223.901,1000,1224.722,1000,1000,1000,1227.466,1000,1228.895,1228.226,1230.962,1231.631,1234.854,1000,1000,1000,1000,1000,1000,1000,1259.544,1258.571,1265.868,1270.003,1273.166,1000,1283.625,1000,1000,1000,1000,1000,1335.193,1334.22,1343.464,1335.193,1335.193,1000,1239.392,1239.947,1000,1241.559,1241.665,1242.623,1243.642,1247.625,1250.665,1000,1000,1000,1000,1000,1262.341,1000,1000,1000,1000,1000,1301.139,1000,1304.058,1000,1000,1000,1000,1322.058,1324.977,1332.275,1329.356,1334.22,1000,1000,1000,1000,1000,1000,1000,1264.409,1265.99,1000,1268.848,1000,1000,1000,1269.517,1272.193,1272.922,1000,1000,1295.058,1292.382,1299.923,1299.923,1000,1000,1000,1000,1000,1000,1000,1000,1000,1000,1000,1000,1000,1000,1000,1000,1000,1000,1000,1000,1000,1000,1000,1000,1000,1297.977,1000,1000,1000,1000,1000,1000,1000,1000,1000,1000,1000,1000,1000,1000,1000,1000,1000,1000,1000,1000,1000,1000,1000,1000,1000,1000,1000,1000,1000,1000,1000,1000,1000,1000,1000,1000,1000,1000,1000,1000,1000,1000,1000,1000,1147.711,1148.198,1149.597,1149.353,1149.11,1152.272,1000,1000,1000,1000,1000,1000,1000,1000,1000,1000,1000,1000,1000,1166.38,1165.407,1161.516,1161.516,1000,1000,1000,1218.435,1216.003,1213.084,1214.543,1000,1000,1000,1000,1000,1000,1000,1000,1000,1312.055,1000,1000,1000,1000,1141.106,1140.923,1140.703,1140.566,1140.809,1143.515,1000,1000,1321.268,1321.268,1321.876,1324.004,1000,1000,1333.612,1336.288,1332.031,1329.964,1324.977,1323.335,1319.382,1320.173,1321.876,1323.031,1322.727,1325.22,1321.876,1319.139,1318.409,1315.795,1000,1314.335,1314.518,1314.518,1000,1000,1000,1000,1000,1405.735,1391.627,1372.167,1000,1000,1000,1000,1000,1000,1000,1270.49,1263.193,1254.557,1249.328,1245.557,1243.034,1240.882,1240,1239.43,1336.653,1323.518,1316.707,1310.382,1299.193,1285.571,1275.841,1263.436,1254.922,1253.463,1251.638,1247.138,1242.517,1236.8,1231.388,1228.378,1226.918,1225.885,1225.231,1224.38,1224.243,1223.939,1325.95,1324.004,1324.004,1311.842,1311.842,1314.761,1310.869,1297.247,1298.22,1293.842,1289.463,1287.517,1278.76,1000,1000,1000,1000,1000,1000,1000,1000,1000,1000,1000,1000,1341.275,1000,1000,1324.004,1332.761,1327.653,1328.139,1322.545,1320.112,1314.518,1312.815,1308.072,1307.707,1304.605,1304.909,1302.659,1307.707,1309.896,1311.72,1315.247,1317.923,1308.436,1306.49,1304.909,1000,1000,1299.984,1000,1299.497,1299.315,1299.74,1299.071,1297.338,1000,1000,1000,1000,1000,1000,1000,1000,1000,1000,1000,1000,1000,1000,1366.329,1376.059,1386.275,1378.978,1383.843,1000,1000,1000,1000,1000,1000,1000,1000,1000,1000,1000,1000,1000,1000,1000,1000,1000,1000,1000,1000,1000,1000,1000,1000,1000,1000,1000,1000,1000,1000,1000,1000,1000,1000,1000,1000,1000,1000,1000,1000,1000,1000,1000,1000,1000,1000,1000,1000,1000,1000,1000,1000,1000,1000,1000,1000,1000,1000,1000,1000,1000,1000,1000,1000,1000,1000,1000,1000,1000,1000,1000,1000,1000,1000,1000,1000,1000,1000,1000,1000,1000,1000,1000,1000,1000,1000,1000,1000,1000,1000,1000,1000,1000,1000,1000,1000,1000,1000,1000,1000,1000,1000,1000,1000,1000,1000,1000,1000,1000,1000,1000,1000,1000,1000,1000,1000,1000,1000,1000,1000,1000,1000
1000,1000,1000,1000,1000,1000,1000,1000,1000,1000,1000,1000,1000,1000,1000,1000,1000,1000,1000,1000,1000,1000,1000,1000,1000,1000,1000,1000,1000,1000,1000,1000,1000,1000,1000,1000,1000,1000,1000,1000,1000,1000,1000,1000,1000,1000,1000,1000,1000,1000,1000,1000,1000,1000,1000,1000,1000,1000,1000,1000,1000,1000,1000,1000,1000,1000,1000,1000,1000,1000,1000,1000,1000,1000,1000,1000,1271.949,1273.895,1281.679,1292.869,1192.651,1192.765,1192.993,1193.936,1194.095,1194.643,1196.057,1197.09,1198.094,1200.922,1201.651,1000,1000,1206.273,1207.246,1209.557,1210.286,1215.638,1212.841,1216.489,1215.638,1000,1000,1000,1230.111,1000,1251.03,1255.409,1252.49,1000,1268.057,1270.976,1270.976,1280.706,1279.733,1286.544,1292.382,1293.355,1292.382,1000,1000,1000,1000,1000,1208.257,1208.721,1209.427,1000,1211.624,1218.192,1221.537,1223.422,1221.233,1221.233,1222.814,1000,1228.043,1232.422,1235.584,1237.408,1239.354,1243.49,1251.517,1254.436,1262.22,1268.544,1275.355,1276.814,1290.436,1297.247,1302.112,1000,1314.761,1000,1000,1000,1000,1000,1000,1000,1227.055,1227.618,1000,1000,1231.206,1232.3,1233.76,1000,1000,1000,1000,1000,1000,1000,1258.571,1253.463,1262.22,1269.517,1271.22,1277.058,1289.463,1289.463,1000,1000,1000,1000,1336.653,1340.545,1336.653,1000,1000,1000,1239.468,1000,1240.35,1241.559,1241.665,1000,1243.794,1000,1000,1000,1000,1000,1000,1000,1000,1000,1000,1000,1000,1290.193,1296.274,1000,1301.139,1000,1000,1000,1000,1323.031,1324.977,1335.193,1333.248,1337.139,1000,1000,1000,1000,1000,1000,1000,1260.547,1263.193,1000,1265.443,1000,1000,1000,1270.49,1272.922,1000,1000,1000,1292.382,1289.22,1294.571,1298.22,1303.085,1000,1000,1000,1000,1000,1000,1000,1000,1000,1000,1000,1000,1000,1000,1000,1000,1000,1000,1000,1000,1000,1000,1000,1000,1297.49,1000,1000,1000,1000,1000,1000,1000,1000,1000,1000,1000,1000,1000,1000,1000,1000,1000,1000,1000,1000,1000,1000,1000,1000,1000,1000,1000,1000,1000,1000,1000,1000,1000,1000,1000,1000,1000,1000,1000,1000,1000,1000,1000,1150.63,1147.711,1148.38,1149.11,1148.38,1147.955,1152.272,1155.921,1000,1000,1000,1000,1000,1000,1000,1000,1000,1000,1000,1000,1164.191,1164.678,1163.705,1163.218,1000,1000,1208.705,1213.084,1210.651,1210.651,1207.246,1000,1000,1000,1000,1000,1000,1000,1000,1000,1310.344,1000,1000,1000,1143.379,1141.478,1141.174,1140.923,1140.703,1140.809,1142.421,1000,1312.298,1000,1314.67,1314.852,1315.034,1000,1000,1000,1000,1316.403,1317.011,1315.612,1315.795,1313.393,1313.545,1313.849,1313.849,1313.545,1315.034,1314.67,1312.952,1312.42,1310.854,1310.618,1310.405,1310.002,1309.865,1309.957,1309.523,1400.384,1401.356,1407.681,1402.329,1394.546,1377.518,1369.734,1000,1346.626,1000,1000,1000,1000,1000,1000,1000,1000,1000,1000,1241.346,1240.168,1239.392,1333.248,1324.491,1317.68,1309.409,1302.112,1287.031,1275.841,1264.652,1256.382,1251.152,1248.841,1244.341,1239.598,1234.307,1229.777,1227.618,1226.432,1225.315,1224.782,1224.288,1223.977,1330.815,1321.085,1316.707,1306.977,1295.301,1286.544,1283.625,1280.22,1281.193,1286.058,1287.517,1288.49,1288.49,1281.193,1000,1000,1000,1320.112,1314.882,1000,1312.085,1000,1000,1000,1000,1000,1000,1311.72,1309.531,1307.463,1313.301,1311.72,1311.355,1307.463,1306.125,1303.207,1301.625,1298.889,1297.886,1296.487,1295.727,1000,1297.338,1299.497,1300.166,1302.659,1303.511,1298.463,1297.338,1295.301,1293.598,1000,1000,1000,1293.887,1294.419,1293.887,1000,1000,1000,1000,1000,1000,1365.356,1000,1356.113,1352.707,1350.761,1000,1000,1000,1000,1348.329,1338.112,1339.572,1342.977,1000,1340.545,1332.761,1330.815,1323.274,1000,1318.653,1323.761,1000,1000,1000,1000,1000,1000,1000,1000,1000,1000,1000,1000,1000,1000,1280.037,1000,1000,1000,1000,1000,1000,1000,1273.5,1000,1000,1000,1000,1000,1000,1000,1000,1000,1000,1000,1000,1000,1000,1000,1000,1000,1000,1000,1000,1000,1000,1000,1000,1000,1000,1000,1000,1000,1000,1000,1000,1000,1000,1000,1000,1000,1000,1000,1000,1000,1000,1000,1000,1000,1000,1000,1000,1000,1000,1000,1000,1000,1000,1000,1000,1000,1000,1000,1000,1000,1000,1000,1000,1000,1000,1000,1000,1000,1000,1000,1000,1000,1000,1000,1000,1000,1000,1000,1000,1000,1000,1000,1000,1000,1000,1000,1000,1000,1000,1000,1000,1000
1000,1000,1000,1000,1000,1000,1000,1000,1000,1000,1000,1000,1000,1000,1000,1000,1000,1000,1000,1000,1000,1000,1000,1000,1000,1000,1000,1000,1000,1000,1000,1000,1000,1000,1000,1000,1000,1000,1000,1000,1000,1000,1000,1000,1000,1000,1000,1000,1000,1000,1000,1000,1000,1000,1000,1000,1000,1000,1000,1000,1000,1000,1000,1000,1000,1000,1000,1000,1000,1000,1000,1000,1000,1000,1000,1000,1000,1000,1000,1000,1000,1000,1192.879,1000,1194.354,1195.296,1196.33,1197.394,1198.276,1199.219,1199.036,1201.165,1201.651,1204.266,1206.577,1209.557,1209.192,1216.003,1211.746,1000,1000,1000,1000,1000,1000,1000,1000,1000,1000,1000,1000,1268.544,1265.625,1277.301,1274.868,1277.301,1280.706,1283.625,1278.274,1000,1000,1000,1000,1000,1208.637,1209.283,1000,1000,1000,1000,1000,1000,1000,1218.739,1222.449,1225.125,1226.219,1229.989,1234.246,1234.611,1236.922,1241.787,1251.517,1253.219,1262.22,1267.084,1272.922,1276.328,1286.544,1294.815,1301.139,1308.923,1321.085,1325.95,1000,1000,1000,1000,1000,1000,1227.055,1227.192,1000,1228.712,1230.354,1230.598,1000,1000,1000,1000,1000,1000,1000,1000,1262.22,1252.49,1260.03,1000,1275.841,1280.706,1295.788,1297.247,1306.004,1308.436,1320.599,1000,1334.22,1332.275,1337.626,1000,1000,1000,1000,1000,1000,1000,1000,1000,1244.615,1000,1000,1000,1000,1000,1000,1000,1000,1000,1000,1000,1281.922,1292.139,1296.274,1298.22,1302.112,1000,1000,1000,1000,1323.031,1326.437,1338.112,1336.167,1000,1000,1000,1000,1000,1257.446,1000,1260.547,1262.341,1000,1263.193,1265.686,1000,1000,1000,1000,1000,1000,1000,1000,1289.706,1288.49,1295.058,1297.004,1000,1000,1000,1000,1000,1000,1000,1000,1000,1000,1000,1000,1000,1000,1000,1000,1000,1000,1000,1000,1000,1000,1000,1000,1000,1000,1000,1000,1000,1000,1000,1000,1327.896,1000,1000,1000,1000,1000,1000,1000,1000,1000,1000,1000,1000,1000,1000,1000,1000,1000,1000,1000,1000,1000,1000,1000,1000,1000,1000,1000,1000,1000,1000,1000,1000,1000,1000,1000,1000,1150.083,1148.624,1148.38,1149.597,1149.353,1149.353,1153.124,1157.38,1000,1000,1000,1000,1000,1000,1000,1000,1000,1000,1000,1000,1162.732,1163.705,1164.191,1163.705,1000,1000,1000,1213.57,1210.651,1209.678,1209.678,1208.705,1000,1000,1000,1000,1000,1000,1000,1000,1309.957,1000,1000,1143.652,1142.421,1141.318,1140.923,1140.809,1140.566,1140.756,1143.12,1000,1000,1000,1310.778,1310.694,1310.55,1000,1000,1000,1000,1310.223,1310.618,1310.223,1310.344,1309.911,1309.827,1309.827,1309.713,1309.865,1310.002,1309.827,1309.523,1309.485,1403.302,1405.735,1404.762,1398.438,1393.573,1386.762,1380.924,1370.221,1366.329,1371.194,1368.761,1365.356,1000,1000,1353.68,1350.761,1342.004,1333.248,1323.031,1320.112,1000,1000,1000,1000,1000,1000,1243.642,1242.365,1239.947,1347.356,1332.275,1321.572,1306.49,1301.625,1285.571,1275.112,1265.868,1257.355,1251.152,1247.625,1244.341,1240.327,1235.645,1231.631,1229.594,1227.77,1226.204,1225.315,1224.539,1223.901,1324.977,1315.734,1311.842,1299.193,1287.517,1276.814,1270.003,1262.22,1266.598,1271.463,1276.328,1280.22,1285.085,1276.328,1000,1000,1000,1306.125,1000,1302.963,1304.058,1303.754,1302.173,1000,1000,1000,1000,1300.166,1000,1299.071,1300.652,1299.984,1299.74,1296.487,1297.521,1295.438,1294.906,1293.264,1293.18,1000,1292.542,1292.314,1293.515,1294.313,1293.796,1294.419,1294.1,1292.276,1292.276,1291.934,1381.897,1000,1000,1000,1291.972,1292.397,1292.086,1387.248,1383.843,1363.41,1350.761,1335.68,1335.193,1329.356,1323.761,1323.274,1322.545,1321.085,1000,1000,1000,1000,1320.599,1313.301,1312.572,1000,1000,1309.896,1309.896,1310.869,1306.004,1305.031,1303.085,1000,1000,1000,1000,1000,1000,1000,1000,1000,1000,1000,1000,1000,1000,1000,1000,1000,1000,1000,1000,1000,1000,1000,1000,1000,1000,1000,1000,1000,1000,1000,1000,1000,1000,1000,1000,1000,1000,1000,1000,1000,1000,1000,1000,1000,1000,1000,1000,1000,1000,1000,1000,1000,1000,1000,1000,1000,1000,1000,1000,1000,1000,1000,1000,1000,1000,1000,1000,1000,1000,1000,1000,1000,1000,1000,1000,1000,1000,1000,1000,1000,1000,1000,1000,1000,1000,1000,1000,1000,1000,1000,1000,1000,1000,1000,1000,1000,1000,1000,1000,1000,1000,1000,1000,1000,1000,1000,1000,1000,1000,1000,1000,1000,1000,1000,1000,1000
1000,1000,1000,1000,1000,1000,1000,1000,1000,1000,1000,1000,1000,1000,1000,1000,1000,1000,1000,1000,1000,1000,1000,1000,1000,1000,1000,1000,1000,1000,1000,1000,1000,1000,1000,1000,1000,1000,1000,1000,1000,1000,1000,1000,1000,1000,1000,1000,1000,1000,1000,1000,1000,1000,1000,1000,1000,1000,1000,1000,1000,1000,1000,1000,1000,1000,1000,1000,1000,1000,1000,1000,1000,1000,1000,1000,1000,1000,1000,1000,1000,1000,1000,1000,1194.552,1195.296,1195.92,1197.577,1197.759,1198.459,1199.036,1201.895,1000,1000,1000,1000,1000,1214.057,1000,1000,1000,1000,1000,1000,1000,1000,1000,1000,1000,1000,1000,1255.895,1000,1274.868,1274.868,1274.868,1279.247,1281.679,1269.517,1000,1000,1000,1000,1000,1208.766,1209.838,1000,1000,1000,1000,1000,1000,1000,1218.983,1220.685,1222.145,1223.422,1228.043,1234.246,1234.611,1237.895,1243.976,1252.49,1252.49,1259.057,1266.598,1267.084,1269.517,1279.247,1293.842,1303.085,1000,1316.707,1314.761,1317.68,1324.977,1000,1000,1000,1226.554,1226.797,1226.797,1227.77,1227.466,1229.229,1000,1000,1000,1000,1000,1000,1000,1000,1000,1260.76,1256.382,1265.868,1000,1000,1000,1294.815,1294.328,1299.68,1299.68,1315.734,1322.545,1333.248,1337.626,1239.468,1000,1239.506,1000,1000,1000,1239.902,1000,1000,1000,1000,1000,1000,1000,1000,1000,1000,1000,1000,1000,1000,1273.652,1276.814,1287.517,1294.085,1296.274,1300.652,1305.031,1308.923,1000,1000,1000,1333.248,1343.95,1342.977,1000,1000,1000,1000,1000,1000,1000,1000,1262.767,1262.524,1000,1000,1000,1000,1000,1000,1000,1000,1276.693,1000,1284.112,1000,1000,1000,1000,1000,1000,1000,1000,1000,1000,1000,1000,1000,1000,1000,1000,1000,1000,1000,1000,1000,1000,1000,1000,1000,1000,1000,1000,1000,1000,1000,1000,1000,1000,1000,1321.815,1000,1000,1000,1000,1000,1000,1000,1000,1000,1000,1000,1000,1000,1000,1000,1000,1000,1000,1000,1000,1000,1000,1000,1000,1000,1000,1000,1000,1000,1000,1000,1000,1000,1000,1000,1000,1000,1147.711,1147.955,1149.597,1149.11,1148.38,1150.63,1153.124,1000,1000,1000,1000,1000,1000,1000,1000,1000,1000,1000,1000,1166.38,1166.38,1165.407,1163.218,1000,1000,1201.408,1204.813,1203.354,1204.327,1202.867,1207.246,1000,1000,1000,1000,1000,1309.751,1000,1000,1000,1000,1000,1142.01,1141.554,1141.045,1140.862,1140.756,1140.703,1140.862,1000,1000,1000,1405.735,1402.329,1400.384,1396.492,1000,1000,1000,1000,1387.735,1384.816,1385.789,1384.816,1378.978,1371.194,1378.978,1373.14,1375.572,1381.897,1387.735,1379.951,1377.518,1374.599,1374.599,1373.14,1365.356,1356.113,1348.815,1348.086,1342.004,1343.95,1350.761,1348.086,1343.95,1340.058,1342.734,1338.842,1337.626,1332.761,1326.193,1320.112,1322.058,1315.734,1000,1000,1000,1000,1000,1000,1000,1000,1000,1000,1345.41,1318.653,1307.463,1286.544,1274.625,1263.922,1256.868,1248.841,1247.625,1243.246,1239.598,1235.098,1231.631,1229.229,1227.77,1226.098,1225.071,1224.38,1330.815,1321.085,1311.842,1305.031,1291.896,1284.112,1272.922,1267.084,1262.22,1266.598,1270.003,1274.868,1279.247,1282.652,1272.922,1000,1000,1000,1299.071,1297.004,1295.027,1294.663,1294.313,1293.264,1000,1000,1000,1000,1000,1000,1000,1000,1295.438,1294.906,1292.595,1293.036,1292.443,1291.896,1386.275,1387.248,1000,1000,1378.005,1394.059,1292.238,1000,1394.059,1389.194,1368.275,1369.248,1360.491,1357.086,1356.113,1000,1000,1365.356,1367.302,1358.059,1339.572,1335.68,1325.707,1000,1315.734,1313.301,1308.68,1303.571,1300.652,1300.652,1300.652,1303.571,1000,1000,1000,1000,1000,1000,1000,1291.896,1292.99,1291.531,1293.842,1291.166,1000,1000,1000,1000,1000,1000,1000,1000,1000,1000,1000,1000,1000,1000,1000,1000,1000,1000,1000,1000,1000,1000,1000,1000,1000,1000,1000,1000,1000,1000,1000,1000,1000,1000,1000,1000,1000,1000,1000,1000,1000,1000,1000,1000,1000,1000,1000,1000,1000,1000,1000,1000,1000,1000,1000,1000,1000,1000,1000,1000,1000,1000,1000,1000,1000,1000,1000,1000,1000,1000,1000,1000,1000,1000,1000,1000,1000,1000,1000,1000,1000,1000,1000,1000,1000,1000,1000,1000,1000,1000,1000,1000,1000,1000,1000,1000,1000,1000,1000,1000,1000,1000,1000,1000,1000,1000,1000,1000,1000,1000,1000,1000,1000,1000,1000,1000,1000,1000,1000
1000,1000,1000,1000,1000,1000,1000,1000,1000,1000,1000,1000,1000,1000,1000,1000,1000,1000,1000,1000,1000,1000,1000,1000,1000,1000,1000,1000,1000,1000,1000,1000,1000,1000,1000,1000,1000,1000,1000,1000,1000,1000,1000,1000,1000,1000,1000,1000,1000,1000,1000,1000,1000,1000,1000,1000,1000,1000,1000,1000,1000,1000,1000,1000,1000,1000,1000,1000,1000,1000,1000,1000,1000,1000,1000,1000,1000,1000,1000,1000,1000,1000,1000,1000,1000,1194.962,1195.418,1196.33,1196.482,1196.938,1197.759,1200.739,1000,1000,1000,1000,1000,1000,1000,1000,1000,1000,1000,1000,1000,1000,1000,1000,1000,1000,1253.949,1251.517,1000,1276.328,1283.625,1281.679,1288.49,1286.544,1275.355,1000,1000,1000,1000,1000,1000,1000,1000,1000,1000,1000,1000,1000,1000,1220.381,1000,1223.422,1224.395,1226.219,1232.908,1230.841,1236.922,1240.814,1246.165,1243.976,1253.219,1261.003,1264.409,1266.598,1275.355,1284.112,1287.517,1301.139,1307.95,1306.004,1311.842,1329.842,1224.091,1000,1000,1000,1000,1000,1227.618,1000,1000,1000,1000,1000,1000,1000,1000,1000,1000,1000,1250.179,1250.179,1260.76,1000,1287.031,1000,1299.68,1301.625,1300.652,1306.004,1314.761,1321.572,1330.328,1336.653,1337.626,1000,1000,1000,1000,1000,1240.107,1000,1000,1000,1000,1000,1000,1000,1000,1000,1000,1000,1000,1261.125,1267.571,1267.206,1275.598,1285.085,1292.139,1295.544,1303.571,1301.139,1305.031,1308.923,1316.22,1324.977,1331.302,1336.167,1340.058,1343.95,1000,1000,1000,1000,1000,1000,1261.125,1261.49,1263.436,1000,1265.99,1000,1000,1000,1000,1285.085,1286.058,1279.125,1278.274,1280.463,1000,1000,1000,1000,1000,1000,1000,1000,1000,1000,1000,1000,1000,1000,1000,1000,1000,1000,1000,1000,1000,1000,1000,1000,1000,1000,1000,1000,1000,1000,1000,1000,1000,1000,1000,1317.437,1325.22,1000,1000,1000,1000,1000,1000,1000,1000,1000,1000,1000,1000,1000,1000,1000,1000,1000,1000,1000,1000,1000,1000,1000,1000,1000,1000,1000,1000,1000,1000,1000,1000,1000,1000,1000,1151.421,1149.597,1149.597,1150.63,1151.421,1150.083,1153.428,1000,1000,1000,1000,1000,1000,1000,1000,1000,1000,1000,1000,1000,1168.57,1168.57,1169.299,1166.867,1000,1000,1199.948,1207.246,1204.813,1208.705,1208.705,1217.949,1000,1000,1000,1000,1000,1000,1000,1000,1000,1000,1000,1000,1141.478,1140.923,1140.756,1140.612,1140.414,1140.414,1000,1000,1000,1362.924,1358.545,1356.113,1353.68,1000,1000,1000,1000,1353.68,1349.545,1345.167,1346.626,1341.275,1338.842,1342.734,1342.004,1340.545,1341.275,1342.734,1340.545,1340.058,1341.275,1343.95,1345.896,1339.329,1331.058,1326.193,1324.977,1323.031,1328.139,1335.193,1332.761,1330.328,1324.977,1326.68,1322.545,1321.572,1319.261,1316.099,1312.815,1313.666,1312.085,1310.261,1312.45,1000,1000,1295.301,1000,1000,1000,1000,1000,1000,1000,1326.437,1301.625,1286.544,1273.166,1265.868,1253.949,1251.152,1244.706,1240.692,1235.402,1232.3,1229.229,1227.922,1226.31,1225.315,1224.6,1223.787,1322.058,1309.896,1300.166,1286.058,1278.76,1269.517,1265.139,1261.003,1264.409,1268.544,1270.003,1273.895,1279.247,1270.976,1000,1000,1296.183,1294.206,1293.18,1292.542,1292.489,1292.489,1396.978,1381.897,1000,1000,1000,1000,1000,1000,1000,1000,1000,1390.167,1395.032,1000,1000,1354.653,1347.842,1000,1000,1000,1000,1000,1000,1342.977,1330.085,1328.626,1326.437,1000,1000,1000,1000,1000,1000,1000,1000,1312.085,1314.518,1307.707,1303.085,1302.599,1296.274,1292.26,1288.004,1284.598,1284.051,1283.2,1282.166,1282.713,1281.922,1000,1000,1000,1280.706,1282.166,1281.436,1281.193,1279.855,1282.409,1280.524,1279.247,1276.115,1000,1000,1000,1000,1000,1000,1000,1000,1000,1000,1000,1000,1000,1000,1000,1000,1000,1000,1000,1000,1000,1000,1000,1000,1000,1000,1000,1000,1000,1000,1000,1000,1000,1000,1000,1000,1000,1000,1000,1000,1000,1000,1000,1000,1000,1000,1000,1000,1000,1000,1000,1000,1000,1000,1000,1000,1000,1000,1000,1000,1000,1000,1000,1000,1000,1000,1000,1000,1000,1000,1000,1000,1000,1000,1000,1000,1000,1000,1000,1000,1000,1000,1000,1000,1000,1000,1000,1000,1000,1000,1000,1000,1000,1000,1000,1000,1000,1000,1000,1000,1000,1000,1000,1000,1000,1000,1000,1000,1000,1000,1000,1000,1000,1000,1000,1000,1000
1000,1000,1000,1000,1000,1000,1000,1000,1000,1000,1000,1000,1000,1000,1000,1000,1000,1000,1000,1000,1000,1000,1000,1000,1000,1000,1000,1000,1000,1000,1000,1000,1000,1000,1000,1000,1000,1000,1000,1000,1000,1000,1000,1000,1000,1000,1000,1000,1000,1000,1000,1000,1000,1000,1000,1000,1000,1000,1000,1000,1000,1000,1000,1000,1000,1000,1000,1000,1000,1000,1000,1000,1000,1000,1000,1000,1000,1000,1000,1000,1000,1000,1000,1000,1000,1000,1000,1000,1000,1197.759,1199.462,1203.962,1205.969,1000,1000,1000,1000,1000,1000,1000,1000,1228.895,1000,1000,1000,1000,1000,1000,1234.003,1241.3,1255.409,1256.868,1266.111,1274.868,1280.706,1277.301,1281.679,1279.733,1278.274,1000,1000,1000,1000,1000,1000,1000,1000,1000,1000,1000,1000,1000,1000,1000,1231.571,1228.408,1227.679,1227.314,1232.057,1229.989,1235.098,1237.408,1243.49,1240.814,1247.868,1254.436,1256.868,1258.328,1264.409,1275.355,1284.112,1307.95,1317.68,1000,1000,1000,1000,1000,1000,1000,1000,1226.918,1227.77,1000,1000,1000,1000,1000,1000,1000,1000,1000,1000,1000,1245.922,1249.814,1256.382,1000,1000,1000,1000,1296.76,1294.328,1301.625,1305.031,1316.707,1326.437,1332.275,1333.248,1334.22,1341.518,1342.491,1239.506,1000,1000,1000,1000,1000,1000,1000,1000,1000,1000,1000,1000,1000,1000,1265.382,1272.436,1270.976,1279.49,1286.787,1296.274,1296.274,1302.112,1302.112,1307.95,1305.031,1322.058,1329.356,1341.031,1345.896,1359.032,1355.14,1000,1000,1000,1000,1258.601,1258.464,1259.666,1258.753,1261.916,1000,1000,1000,1000,1000,1000,1000,1287.031,1000,1000,1000,1000,1000,1000,1000,1000,1000,1000,1000,1000,1000,1000,1000,1000,1000,1000,1000,1000,1000,1000,1000,1000,1000,1000,1000,1000,1000,1000,1000,1000,1000,1000,1000,1000,1000,1000,1000,1323.761,1000,1344.437,1355.14,1000,1000,1000,1000,1000,1000,1000,1000,1000,1000,1000,1000,1000,1000,1000,1000,1000,1000,1000,1000,1000,1000,1000,1000,1000,1000,1000,1000,1000,1000,1000,1000,1148.867,1148.38,1148.867,1150.63,1152.576,1152.82,1156.651,1163.462,1000,1000,1000,1000,1000,1000,1000,1000,1000,1000,1000,1000,1167.597,1167.597,1170.516,1168.57,1000,1000,1190.948,1203.354,1204.327,1208.219,1213.084,1000,1000,1000,1000,1000,1000,1000,1000,1000,1000,1000,1000,1000,1141.638,1141.318,1141.174,1140.862,1140.657,1140.703,1000,1000,1000,1000,1000,1000,1323.518,1000,1000,1000,1000,1000,1324.491,1321.572,1321.572,1319.261,1317.923,1317.923,1318.774,1317.923,1316.585,1316.099,1318.774,1318.288,1317.437,1322.545,1324.004,1320.112,1313.666,1313.301,1310.99,1309.166,1310.626,1314.882,1311.72,1310.626,1308.072,1308.436,1307.099,1305.822,1304.362,1302.173,1302.173,1303.754,1304.909,1304.605,1307.099,1300.166,1296.639,1293.994,1292.831,1292.276,1292.2,1000,1000,1000,1000,1000,1000,1000,1287.031,1276.571,1262.22,1256.868,1250.179,1243.611,1238.381,1234.064,1230.354,1228.226,1227.055,1225.489,1224.661,1223.787,1322.058,1308.923,1298.22,1285.085,1278.76,1270.003,1264.409,1259.544,1262.949,1264.409,1267.084,1272.436,1278.76,1274.868,1000,1000,1000,1383.843,1375.086,1371.194,1368.275,1000,1000,1000,1000,1000,1342.977,1000,1000,1000,1000,1000,1000,1000,1000,1000,1000,1000,1322.545,1000,1318.166,1320.599,1000,1000,1313.788,1310.869,1304.058,1307.22,1303.571,1301.625,1298.463,1301.625,1298.828,1000,1000,1000,1286.058,1288.004,1289.342,1288.004,1287.031,1288.004,1283.504,1282.409,1280.706,1278.243,1277.027,1276.419,1275.568,1274.96,1000,1000,1000,1000,1000,1275.081,1000,1274.336,1273.964,1274.96,1000,1000,1000,1000,1000,1357.572,1356.599,1000,1000,1000,1000,1000,1000,1000,1000,1000,1000,1000,1000,1000,1000,1000,1000,1000,1000,1000,1000,1000,1000,1000,1000,1000,1000,1000,1000,1000,1000,1000,1000,1000,1000,1000,1000,1000,1000,1000,1000,1000,1000,1000,1000,1000,1000,1000,1000,1000,1000,1000,1000,1000,1000,1000,1000,1000,1000,1000,1000,1000,1000,1000,1000,1000,1000,1000,1000,1000,1000,1000,1000,1000,1000,1000,1000,1000,1000,1000,1000,1000,1000,1000,1000,1000,1000,1000,1000,1000,1000,1000,1000,1000,1000,1000,1000,1000,1000,1000,1000,1000,1000,1000,1000,1000,1000,1000,1000,1000,1000,1000,1000,1000
1000,1000,1000,1000,1000,1000,1000,1000,1000,1000,1000,1000,1000,1000,1000,1000,1000,1000,1000,1000,1000,1000,1000,1000,1000,1000,1000,1000,1000,1000,1000,1000,1000,1000,1000,1000,1000,1000,1000,1000,1000,1000,1000,1000,1000,1000,1000,1000,1000,1000,1000,1000,1000,1000,1000,1000,1000,1000,1000,1000,1000,1000,1000,1000,1000,1000,1000,1000,1000,1000,1000,1000,1000,1000,1000,1000,1000,1000,1000,1000,1000,1000,1000,1000,1000,1000,1000,1000,1000,1000,1000,1000,1000,1000,1208.462,1000,1000,1000,1000,1000,1000,1233.516,1235.219,1000,1000,1000,1000,1000,1000,1242.76,1252.976,1255.895,1267.084,1271.949,1281.679,1281.679,1287.517,1283.625,1000,1000,1000,1000,1000,1000,1000,1000,1000,1000,1000,1000,1000,1000,1000,1000,1000,1236.071,1232.908,1231.206,1232.057,1229.138,1232.908,1235.584,1240.327,1240.327,1246.652,1252.003,1256.868,1261.003,1265.868,1278.76,1290.436,1305.031,1316.707,1321.085,1000,1000,1000,1224.243,1000,1225.071,1225.991,1226.31,1226.554,1227.192,1000,1000,1000,1000,1000,1000,1000,1000,1000,1000,1244.706,1255.409,1263.436,1275.841,1280.706,1283.625,1282.166,1283.625,1288.004,1294.328,1302.112,1312.815,1319.626,1319.626,1326.437,1329.356,1000,1340.545,1239.544,1240,1000,1000,1000,1000,1000,1000,1000,1000,1000,1000,1000,1000,1000,1263.557,1272.436,1272.436,1281.436,1290.193,1296.274,1294.085,1300.652,1302.112,1305.031,1302.599,1319.626,1000,1000,1000,1254.922,1000,1000,1000,1256.823,1256.914,1258.905,1259.057,1260.182,1258.753,1261.49,1000,1000,1000,1000,1000,1000,1000,1287.031,1276.693,1000,1000,1000,1000,1000,1000,1000,1000,1000,1000,1000,1000,1000,1000,1000,1000,1000,1000,1000,1000,1000,1000,1000,1000,1000,1000,1000,1000,1000,1000,1000,1000,1000,1000,1000,1000,1000,1000,1000,1000,1000,1349.302,1000,1000,1000,1000,1000,1000,1000,1000,1000,1000,1000,1000,1000,1000,1000,1000,1000,1000,1000,1000,1000,1000,1000,1000,1000,1000,1000,1000,1000,1000,1000,1000,1000,1146.921,1147.955,1149.84,1151.725,1151.968,1154.705,1000,1000,1000,1000,1000,1000,1000,1000,1000,1000,1000,1000,1000,1000,1166.38,1166.867,1166.38,1000,1000,1191.435,1204.813,1206.759,1208.705,1213.57,1224.76,1000,1000,1000,1000,1000,1000,1000,1000,1000,1000,1000,1000,1141.478,1141.174,1140.984,1140.703,1140.657,1140.528,1000,1000,1000,1000,1000,1311.72,1309.896,1309.531,1000,1308.801,1308.072,1307.707,1304.605,1302.963,1303.511,1302.659,1303.511,1304.909,1306.734,1307.463,1307.099,1307.707,1308.072,1305.213,1303.754,1304.058,1304.909,1303.207,1301.625,1301.139,1298.707,1296.487,1297.156,1297.156,1297.004,1298.281,1297.703,1297.886,1298.707,1298.281,1298.281,1295.727,1295.438,1000,1294.663,1000,1000,1294.1,1293.34,1292.542,1292.048,1392.113,1392.113,1383.843,1370.221,1363.41,1000,1000,1000,1000,1000,1000,1000,1000,1259.057,1250.665,1242.517,1236.253,1231.388,1228.712,1227.466,1225.778,1224.782,1223.901,1322.058,1308.923,1295.301,1286.058,1281.193,1273.895,1266.598,1261.49,1261.003,1261.003,1262.22,1269.517,1273.895,1275.355,1000,1000,1000,1339.572,1339.085,1335.68,1336.653,1335.193,1325.707,1000,1322.545,1000,1316.707,1000,1000,1000,1000,1000,1000,1000,1000,1000,1000,1310.382,1304.544,1302.112,1300.652,1301.139,1293.355,1000,1289.342,1288.247,1287.274,1291.166,1288.247,1288.247,1286.362,1286.058,1284.598,1000,1000,1000,1278.061,1279.429,1279.855,1279.247,1278.639,1278.639,1275.568,1275.568,1274.64,1273.432,1273.082,1273.029,1272.778,1000,1000,1000,1000,1000,1373.626,1370.707,1373.626,1363.41,1358.545,1000,1000,1000,1338.599,1332.761,1329.356,1322.058,1323.518,1323.518,1324.491,1000,1301.869,1301.869,1295.788,1291.166,1292.382,1000,1000,1000,1000,1000,1000,1000,1000,1000,1000,1000,1000,1000,1000,1000,1000,1000,1000,1000,1000,1000,1000,1000,1000,1000,1000,1000,1000,1000,1000,1000,1000,1000,1000,1000,1000,1000,1000,1000,1000,1000,1000,1000,1000,1000,1000,1000,1000,1000,1000,1000,1000,1000,1000,1000,1000,1000,1000,1000,1000,1000,1000,1000,1000,1000,1000,1000,1000,1000,1000,1000,1000,1000,1000,1000,1000,1000,1000,1000,1000,1000,1000,1000,1000,1000,1000,1000,1000,1000,1000,1000,1000,1000,1000,1000,1000,1000,1000,1000,1000,1000,1000,1000,1000,1000
1000,1000,1000,1000,1000,1000,1000,1000,1000,1000,1000,1000,1000,1000,1000,1000,1000,1000,1000,1000,1000,1000,1000,1000,1000,1000,1000,1000,1000,1000,1000,1000,1000,1000,1000,1000,1000,1000,1000,1000,1000,1000,1000,1000,1000,1000,1000,1000,1000,1000,1000,1000,1000,1000,1000,1000,1000,1000,1000,1000,1000,1000,1000,1000,1000,1000,1000,1000,1000,1000,1000,1000,1000,1000,1000,1000,1000,1000,1000,1000,1000,1000,1000,1000,1000,1000,1000,1000,1000,1000,1000,1000,1000,1000,1000,1000,1000,1000,1000,1000,1000,1000,1231.084,1228.408,1000,1224.273,1000,1000,1000,1243.976,1000,1000,1000,1273.895,1282.652,1285.571,1287.517,1000,1000,1000,1000,1000,1000,1000,1000,1000,1000,1000,1000,1000,1000,1000,1000,1000,1000,1242.517,1235.584,1231.571,1233.76,1233.273,1231.571,1233.273,1238.381,1237.895,1243.49,1252.003,1256.868,1261.49,1267.084,1281.193,1293.842,1309.896,1316.707,1323.031,1332.761,1000,1000,1000,1000,1000,1225.315,1225.885,1226.204,1226.675,1000,1000,1229.777,1233.03,1000,1000,1000,1000,1000,1000,1242.517,1252.976,1258.571,1271.949,1273.895,1275.112,1000,1279.247,1285.085,1287.031,1290.436,1306.49,1307.463,1312.815,1323.518,1332.275,1000,1340.545,1239.392,1239.772,1240,1000,1000,1000,1000,1000,1000,1000,1000,1000,1000,1000,1261.49,1263.193,1000,1000,1000,1000,1000,1294.085,1299.193,1298.22,1302.112,1299.193,1316.22,1000,1000,1000,1000,1000,1000,1000,1256.541,1256.131,1257.02,1256.914,1257.446,1256.625,1258.328,1000,1000,1000,1000,1000,1000,1000,1284.598,1278.274,1000,1000,1000,1000,1000,1000,1000,1000,1000,1000,1000,1000,1000,1000,1000,1000,1000,1000,1000,1000,1000,1000,1000,1000,1000,1000,1000,1000,1000,1000,1000,1000,1000,1000,1000,1000,1000,1000,1000,1000,1000,1000,1000,1000,1000,1000,1000,1000,1000,1000,1000,1000,1000,1000,1000,1000,1000,1000,1000,1000,1000,1000,1000,1000,1000,1000,1000,1000,1000,1000,1000,1000,1000,1000,1000,1146.495,1147.286,1148.624,1150.387,1150.083,1151.725,1156.286,1000,1000,1000,1000,1000,1000,1000,1000,1000,1000,1000,1000,1000,1164.191,1163.705,1162.732,1000,1000,1186.327,1198.975,1204.813,1208.705,1213.084,1223.787,1000,1000,1000,1000,1000,1000,1000,1000,1000,1000,1141.904,1140.923,1141.045,1140.862,1140.657,1140.528,1140.756,1000,1000,1000,1000,1000,1298.889,1298.889,1298.889,1298.463,1297.886,1298.707,1297.886,1296.183,1295.301,1294.541,1294.663,1294.906,1296.031,1296.335,1297.703,1297.886,1297.004,1297.156,1298.098,1295.727,1295.027,1295.301,1294.784,1293.423,1293.515,1293.423,1292.648,1292.397,1292.648,1292.595,1292.542,1292.831,1292.891,1292.891,1293.515,1293.264,1293.264,1292.086,1394.059,1378.978,1378.978,1372.167,1000,1392.113,1394.059,1386.275,1386.275,1375.086,1372.167,1363.41,1358.059,1347.842,1341.031,1323.761,1315.004,1000,1000,1000,1000,1000,1000,1260.76,1249.814,1239.963,1233.76,1230.354,1228.53,1226.098,1224.722,1223.901,1323.031,1309.896,1294.815,1287.517,1281.193,1274.868,1265.868,1263.679,1260.274,1259.057,1259.057,1267.084,1268.544,1000,1000,1000,1000,1309.409,1310.382,1310.382,1311.599,1305.517,1305.031,1000,1000,1000,1000,1000,1289.342,1290.436,1000,1000,1000,1000,1000,1000,1000,1000,1296.639,1292.625,1293.355,1292.99,1285.45,1000,1000,1279.004,1279.429,1280.037,1278.821,1280.037,1278.639,1277.027,1276.723,1274.336,1273.432,1273.5,1273.5,1273.804,1274.139,1273.721,1273.249,1273.188,1377.518,1376.545,1372.653,1363.41,1361.464,1362.437,1358.545,1000,1000,1000,1000,1332.761,1332.761,1327.896,1337.139,1334.22,1328.383,1321.572,1318.166,1309.653,1301.139,1298.22,1301.139,1295.788,1295.788,1297.004,1294.571,1284.598,1280.463,1281.801,1279.612,1278.274,1278.76,1000,1000,1000,1000,1000,1000,1000,1000,1000,1000,1000,1000,1000,1000,1000,1000,1000,1000,1000,1000,1000,1000,1000,1000,1000,1000,1000,1000,1000,1000,1000,1000,1000,1000,1000,1000,1000,1000,1000,1000,1000,1000,1000,1000,1000,1000,1000,1000,1000,1000,1000,1000,1000,1000,1000,1000,1000,1000,1000,1000,1000,1000,1000,1000,1000,1000,1000,1000,1000,1000,1000,1000,1000,1000,1000,1000,1000,1000,1000,1000,1000,1000,1000,1000,1000,1000,1000,1000,1000,1000,1000,1000,1000,1000,1000,1000,1000,1000,1000,1000,1000,1000,1000,1000,1000
1000,1000,1000,1000,1000,1000,1000,1000,1000,1000,1000,1000,1000,1000,1000,1000,1000,1000,1000,1000,1000,1000,1000,1000,1000,1000,1000,1000,1000,1000,1000,1000,1000,1000,1000,1000,1000,1000,1000,1000,1000,1000,1000,1000,1000,1000,1000,1000,1000,1000,1000,1000,1000,1000,1000,1000,1000,1000,1000,1000,1000,1000,1000,1000,1000,1000,1000,1000,1000,1000,1000,1000,1000,1000,1000,1000,1000,1000,1000,1000,1000,1000,1000,1000,1000,1000,1000,1000,1000,1000,1000,1000,1000,1000,1000,1000,1000,1000,1000,1000,1000,1000,1228.895,1230.598,1000,1221.354,1000,1000,1000,1000,1000,1000,1273.895,1275.355,1284.598,1000,1000,1000,1000,1000,1000,1000,1000,1000,1000,1000,1000,1000,1000,1000,1000,1000,1000,1000,1000,1000,1000,1232.057,1234.611,1235.098,1234.611,1235.098,1241.787,1243.003,1247.382,1252.49,1263.679,1269.517,1278.76,1287.517,1298.22,1309.896,1313.788,1317.68,1223.863,1000,1000,1000,1000,1224.851,1225.315,1225.581,1225.991,1226.918,1000,1000,1232.543,1000,1000,1000,1000,1000,1000,1000,1000,1250.665,1258.084,1268.787,1271.949,1275.112,1275.112,1279.977,1000,1287.031,1294.815,1307.463,1310.382,1310.869,1322.545,1000,1000,1332.275,1343.464,1239.506,1240.289,1000,1000,1000,1000,1000,1000,1000,1000,1000,1000,1000,1262.706,1000,1000,1000,1000,1000,1000,1000,1300.652,1298.22,1300.652,1000,1317.193,1319.626,1328.383,1000,1000,1000,1000,1000,1256.366,1255.621,1255.857,1256.062,1256.366,1256.062,1257.932,1000,1000,1000,1000,1000,1000,1000,1283.139,1000,1000,1000,1000,1000,1000,1000,1000,1000,1000,1000,1000,1000,1000,1000,1000,1000,1000,1000,1000,1000,1000,1000,1000,1000,1000,1000,1000,1000,1000,1000,1000,1000,1000,1000,1000,1000,1000,1000,1000,1000,1000,1000,1000,1000,1000,1000,1000,1000,1000,1000,1000,1000,1000,1000,1000,1000,1000,1000,1000,1000,1000,1000,1000,1000,1000,1000,1000,1000,1000,1000,1000,1000,1000,1000,1000,1000,1147.955,1148.38,1149.597,1149.353,1150.387,1151.421,1000,1000,1000,1000,1000,1000,1000,1000,1000,1000,1000,1000,1000,1158.11,1157.624,1156.651,1161.516,1000,1000,1204.327,1208.219,1213.57,1216.976,1000,1000,1000,1000,1000,1000,1000,1000,1000,1000,1000,1142.877,1141.318,1141.25,1140.984,1140.566,1140.49,1140.612,1000,1000,1000,1000,1000,1293.598,1293.34,1293.036,1293.18,1293.18,1293.515,1292.709,1292.542,1292.352,1292.086,1291.972,1000,1000,1292.352,1000,1292.648,1292.648,1292.443,1292.831,1292.238,1291.972,1291.896,1388.221,1377.032,1378.005,1378.005,1371.194,1366.329,1368.275,1371.194,1373.14,1378.978,1383.843,1385.302,1392.113,1386.275,1000,1353.68,1345.896,1342.004,1339.085,1345.41,1000,1361.464,1358.059,1351.734,1349.302,1342.977,1339.572,1333.734,1330.815,1321.085,1319.382,1312.572,1308.193,1306.004,1302.112,1297.125,1000,1000,1000,1000,1000,1000,1000,1236.253,1000,1228.53,1226.098,1224.486,1331.788,1313.788,1295.301,1286.544,1280.22,1272.922,1267.084,1264.409,1262.22,1261.003,1262.949,1271.463,1281.679,1000,1000,1000,1286.362,1288.612,1291.166,1291.896,1294.206,1292.26,1291.531,1000,1000,1000,1000,1000,1277.879,1279.004,1278.061,1000,1000,1000,1000,1000,1000,1000,1000,1000,1281.436,1279.612,1276.571,1274.96,1275.446,1273.964,1273.964,1000,1273.5,1273.249,1272.892,1272.588,1272.702,1373.626,1368.761,1365.356,1367.788,1369.734,1372.653,1000,1364.383,1361.464,1344.923,1342.977,1337.139,1332.761,1329.356,1325.464,1326.923,1000,1000,1000,1000,1000,1300.652,1296.274,1300.652,1303.571,1296.274,1292.382,1289.706,1285.085,1280.95,1280.95,1284.112,1280.463,1281.801,1280.463,1279.125,1273.287,1270.125,1268.848,1265.99,1265.199,1000,1000,1000,1000,1000,1000,1000,1000,1000,1000,1000,1000,1000,1000,1000,1000,1000,1000,1000,1000,1000,1000,1000,1000,1000,1000,1000,1000,1000,1000,1000,1000,1000,1000,1000,1000,1000,1000,1000,1000,1000,1000,1000,1000,1000,1000,1000,1000,1000,1000,1000,1000,1000,1000,1000,1000,1000,1000,1000,1000,1000,1000,1000,1000,1000,1000,1000,1000,1000,1000,1000,1000,1000,1000,1000,1000,1000,1000,1000,1000,1000,1000,1000,1000,1000,1000,1000,1000,1000,1000,1000,1000,1000,1000,1000,1000,1000,1000,1000,1000,1000,1000,1000,1000,1000,1000
1000,1000,1000,1000,1000,1000,1000,1000,1000,1000,1000,1000,1000,1000,1000,1000,1000,1000,1000,1000,1000,1000,1000,1000,1000,1000,1000,1000,1000,1000,1000,1000,1000,1000,1000,1000,1000,1000,1000,1000,1000,1000,1000,1000,1000,1000,1000,1000,1000,1000,1000,1000,1000,1000,1000,1000,1000,1000,1000,1000,1000,1000,1000,1000,1000,1000,1000,1000,1000,1000,1000,1000,1000,1000,1000,1000,1000,1000,1000,1000,1000,1000,1000,1000,1000,1000,1193.297,1000,1000,1000,1000,1000,1000,1000,1000,1000,1000,1000,1000,1000,1000,1000,1231.814,1233.516,1232.3,1232.3,1236.435,1241.3,1247.382,1249.571,1257.355,1261.247,1000,1268.057,1000,1000,1000,1000,1000,1000,1000,1000,1000,1000,1000,1000,1000,1000,1000,1000,1000,1000,1000,1000,1000,1000,1000,1234.611,1237.895,1236.071,1235.098,1232.908,1239.354,1242.517,1246.165,1250.787,1265.868,1000,1000,1293.842,1304.058,1310.869,1312.815,1317.68,1332.761,1327.896,1000,1000,1000,1224.722,1225.581,1225.155,1225.489,1225.489,1226.554,1229.047,1232.057,1233.76,1000,1000,1000,1000,1000,1000,1000,1251.638,1256.868,1258.571,1261.247,1262.22,1265.868,1000,1000,1277.787,1288.004,1299.193,1299.193,1305.031,1000,1000,1000,1000,1000,1000,1000,1000,1000,1000,1000,1000,1000,1000,1000,1000,1000,1000,1000,1000,1000,1000,1000,1000,1000,1000,1294.085,1297.004,1000,1000,1316.22,1000,1000,1000,1000,1000,1000,1000,1000,1255.036,1255.036,1255.378,1255.621,1255.621,1000,1000,1000,1000,1000,1000,1000,1000,1278.274,1000,1000,1000,1000,1000,1000,1000,1000,1000,1000,1000,1000,1000,1000,1000,1000,1000,1000,1000,1000,1000,1000,1000,1000,1000,1000,1000,1000,1000,1000,1000,1000,1000,1000,1000,1000,1000,1000,1000,1000,1000,1000,1000,1000,1000,1000,1000,1000,1000,1000,1000,1000,1000,1000,1000,1000,1000,1000,1000,1000,1000,1000,1000,1000,1000,1000,1000,1000,1000,1000,1000,1000,1000,1000,1000,1000,1000,1148.198,1147.711,1148.198,1147.711,1148.38,1147.955,1000,1000,1000,1000,1000,1000,1000,1000,1000,1000,1000,1000,1000,1155.313,1157.137,1156.651,1162.002,1000,1000,1201.408,1207.246,1210.651,1214.543,1000,1000,1000,1000,1000,1000,1000,1000,1000,1000,1000,1141.638,1140.862,1141.106,1140.862,1140.657,1140.566,1140.809,1000,1000,1000,1000,1000,1000,1000,1379.951,1386.275,1383.843,1000,1376.059,1000,1370.221,1368.275,1000,1000,1372.167,1376.059,1000,1376.059,1374.113,1369.248,1371.194,1364.383,1359.518,1357.086,1354.653,1347.842,1349.302,1350.275,1345.896,1340.545,1343.464,1342.004,1343.464,1346.869,1352.707,1350.275,1351.734,1000,1000,1315.004,1312.085,1311.599,1313.301,1315.734,1321.085,1325.22,1325.707,1318.166,1319.382,1313.788,1312.085,1309.896,1309.409,1303.085,1304.058,1300.652,1296.274,1296.639,1295.423,1294.206,1294.206,1292.625,1287.274,1000,1000,1000,1000,1000,1000,1000,1000,1000,1000,1325.95,1306.977,1302.112,1292.869,1281.193,1271.463,1268.544,1263.679,1261.49,1267.084,1284.112,1000,1000,1000,1273.721,1277.879,1278.061,1278.821,1280.281,1281.193,1279.612,1000,1000,1000,1000,1000,1000,1273.082,1273.645,1273.029,1378.491,1378.491,1000,1000,1000,1000,1000,1000,1000,1000,1000,1272.816,1000,1000,1000,1000,1000,1363.41,1360.491,1357.572,1347.842,1356.599,1342.004,1338.599,1337.139,1338.599,1333.248,1337.139,1000,1330.815,1325.464,1319.626,1315.247,1308.923,1305.761,1301.869,1295.788,1000,1000,1290.679,1286.058,1288.004,1287.517,1284.112,1281.314,1284.112,1283.139,1277.544,1274.017,1272.922,1268.544,1265.199,1266.537,1268.848,1266.78,1267.936,1268.848,1267.389,1265.686,1262.524,1261.307,1259.666,1258.905,1000,1000,1000,1000,1000,1000,1000,1000,1345.896,1000,1000,1000,1000,1000,1000,1000,1000,1000,1000,1000,1000,1000,1000,1000,1000,1000,1000,1000,1000,1000,1000,1000,1000,1000,1000,1000,1000,1000,1000,1000,1000,1000,1000,1000,1000,1000,1000,1000,1000,1000,1000,1000,1000,1000,1000,1000,1000,1000,1000,1000,1000,1000,1000,1000,1000,1000,1000,1000,1000,1000,1000,1000,1000,1000,1000,1000,1000,1000,1000,1000,1000,1000,1000,1000,1000,1000,1000,1000,1000,1000,1000,1000,1000,1000,1000,1000,1000,1000,1000,1000,1000,1000,1000,1000,1000,1000
1000,1000,1000,1000,1000,1000,1000,1000,1000,1000,1000,1000,1000,1000,1000,1000,1000,1000,1000,1000,1000,1000,1000,1000,1000,1000,1000,1000,1000,1000,1000,1000,1000,1000,1000,1000,1000,1000,1000,1000,1000,1000,1000,1000,1000,1000,1000,1000,1000,1000,1000,1000,1000,1000,1000,1000,1000,1000,1000,1000,1000,1000,1000,1000,1000,1000,1000,1000,1000,1000,1000,1000,1000,1000,1000,1000,1000,1000,1000,1000,1000,1000,1000,1000,1000,1000,1000,1000,1000,1000,1000,1000,1000,1000,1000,1000,1000,1000,1000,1000,1000,1000,1000,1000,1000,1000,1231.814,1240.084,1250.301,1252.976,1257.355,1264.652,1268.544,1270.976,1000,1000,1000,1000,1000,1000,1000,1000,1000,1000,1000,1000,1000,1000,1000,1000,1000,1000,1000,1000,1000,1237.408,1000,1231.206,1237.895,1237.408,1237.408,1234.611,1237.408,1240.814,1245.192,1248.354,1266.598,1000,1000,1294.815,1300.166,1299.193,1300.166,1305.031,1322.058,1323.031,1223.939,1224.486,1224.486,1224.6,1225.315,1224.661,1224.995,1225.489,1226.675,1229.047,1231.631,1234.854,1000,1000,1000,1000,1000,1000,1000,1249.328,1255.409,1255.895,1256.868,1260.03,1261.733,1272.436,1282.166,1284.112,1293.355,1308.436,1300.652,1000,1000,1000,1000,1000,1000,1000,1000,1241.665,1000,1000,1000,1000,1000,1000,1000,1000,1000,1000,1000,1000,1000,1000,1000,1000,1000,1278.517,1283.625,1283.625,1290.193,1000,1314.761,1000,1000,1000,1000,1000,1000,1000,1000,1000,1363.896,1255.568,1256.131,1255.918,1257.02,1000,1000,1000,1000,1000,1000,1000,1276.328,1276.328,1280.463,1000,1285.085,1000,1000,1000,1000,1000,1000,1000,1000,1000,1000,1000,1000,1000,1000,1000,1000,1000,1000,1000,1000,1000,1000,1000,1000,1000,1000,1000,1000,1000,1000,1000,1000,1000,1000,1000,1000,1000,1000,1000,1000,1000,1000,1000,1000,1000,1000,1000,1000,1000,1000,1000,1000,1000,1000,1000,1000,1000,1000,1000,1000,1000,1000,1000,1000,1000,1000,1000,1000,1000,1000,1000,1000,1000,1150.387,1149.84,1149.353,1147.711,1147.955,1146.495,1000,1000,1000,1000,1000,1000,1000,1000,1000,1000,1000,1000,1000,1155.313,1156.651,1157.137,1163.218,1000,1000,1197.759,1203.354,1210.651,1213.57,1000,1000,1000,1000,1000,1000,1000,1000,1000,1000,1000,1141.174,1140.756,1140.923,1140.809,1140.528,1140.452,1140.452,1000,1000,1000,1000,1000,1000,1000,1347.842,1000,1000,1000,1000,1000,1000,1339.085,1000,1000,1000,1334.22,1000,1334.22,1333.734,1338.112,1338.112,1332.275,1330.085,1327.166,1325.22,1319.869,1321.815,1319.869,1317.437,1315.734,1324.491,1323.761,1323.761,1326.437,1323.274,1312.572,1310.382,1000,1295.423,1293.355,1294.206,1295.788,1297.49,1299.315,1300.288,1301.139,1300.652,1296.639,1299.315,1297.977,1296.639,1297.125,1297.125,1291.896,1292.26,1290.071,1285.754,1287.031,1286.666,1286.058,1286.058,1285.754,1282.713,1281.679,1278.821,1275.324,1274.139,1000,1000,1000,1000,1000,1000,1000,1326.923,1319.626,1305.031,1289.463,1278.76,1275.355,1270.003,1271.463,1281.679,1000,1000,1000,1357.572,1272.55,1273.31,1273.432,1273.188,1274.055,1000,1000,1000,1000,1000,1000,1000,1370.707,1368.761,1364.383,1363.41,1347.842,1346.869,1346.869,1000,1000,1000,1000,1000,1000,1000,1000,1342.977,1000,1000,1000,1000,1000,1319.139,1317.68,1320.599,1318.166,1323.518,1315.247,1311.842,1310.382,1309.653,1304.301,1000,1000,1301.139,1298.707,1296.274,1294.571,1289.22,1286.058,1000,1000,1000,1000,1000,1274.382,1274.017,1273.652,1272.922,1269.76,1271.098,1270.125,1265.99,1263.01,1263.193,1260.182,1259.513,1259.666,1260.73,1258.905,1000,1258.601,1257.811,1257.446,1256.625,1000,1000,1000,1000,1000,1000,1000,1000,1000,1000,1333.248,1322.058,1000,1000,1000,1000,1000,1000,1000,1000,1000,1000,1000,1000,1000,1000,1000,1000,1000,1000,1000,1000,1000,1000,1000,1000,1000,1000,1000,1000,1000,1000,1000,1000,1000,1000,1000,1000,1000,1000,1000,1000,1000,1000,1000,1000,1000,1000,1000,1000,1000,1000,1000,1000,1000,1000,1000,1000,1000,1000,1000,1000,1000,1000,1000,1000,1000,1000,1000,1000,1000,1000,1000,1000,1000,1000,1000,1000,1000,1000,1000,1000,1000,1000,1000,1000,1000,1000,1000,1000,1000,1000,1000,1000,1000,1000,1000,1000,1000
1000,1000,1000,1000,1000,1000,1000,1000,1000,1000,1000,1000,1000,1000,1000,1000,1000,1000,1000,1000,1000,1000,1000,1000,1000,1000,1000,1000,1000,1000,1000,1000,1000,1000,1000,1000,1000,1000,1000,1000,1000,1000,1000,1000,1000,1000,1000,1000,1000,1000,1000,1000,1000,1000,1000,1000,1000,1000,1000,1000,1000,1000,1000,1000,1000,1000,1000,1000,1000,1000,1000,1000,1000,1000,1000,1000,1000,1000,1000,1000,1000,1000,1000,1000,1000,1000,1000,1000,1000,1000,1194.749,1000,1000,1000,1000,1000,1000,1000,1000,1000,1000,1000,1000,1000,1000,1000,1230.111,1240.814,1251.03,1252.976,1256.868,1268.057,1265.625,1000,1000,1000,1000,1000,1000,1000,1000,1000,1000,1000,1000,1000,1000,1000,1000,1000,1000,1000,1000,1221.537,1000,1225.125,1225.489,1228.043,1234.246,1237.895,1241.3,1240.814,1238.868,1240.814,1240.327,1243.003,1000,1000,1000,1000,1000,1292.869,1298.22,1303.085,1314.761,1318.653,1223.825,1224.129,1000,1000,1000,1000,1000,1000,1226.204,1228.378,1231.206,1000,1000,1000,1000,1000,1000,1000,1000,1000,1253.949,1248.841,1249.328,1250.665,1256.868,1000,1277.058,1275.841,1290.436,1299.193,1294.815,1000,1000,1000,1000,1000,1000,1000,1000,1000,1000,1000,1000,1000,1000,1000,1000,1000,1000,1000,1000,1000,1000,1000,1000,1000,1000,1000,1278.517,1283.139,1288.004,1000,1308.923,1000,1000,1000,1000,1000,1000,1000,1000,1000,1000,1000,1000,1000,1000,1000,1000,1000,1000,1000,1000,1000,1272.193,1274.382,1274.017,1000,1280.95,1000,1000,1000,1000,1000,1000,1000,1000,1000,1000,1000,1000,1000,1000,1000,1000,1000,1000,1000,1000,1000,1000,1000,1000,1000,1000,1000,1000,1000,1000,1000,1000,1000,1000,1000,1000,1000,1000,1000,1000,1000,1000,1000,1000,1000,1000,1000,1000,1000,1000,1000,1000,1000,1000,1000,1000,1000,1000,1000,1314.518,1000,1312.085,1309.896,1000,1000,1000,1000,1000,1000,1000,1000,1000,1000,1000,1150.63,1150.083,1148.38,1150.63,1000,1000,1000,1000,1000,1000,1000,1000,1000,1000,1000,1000,1000,1153.124,1157.137,1157.624,1157.624,1163.705,1000,1000,1000,1194.84,1000,1000,1000,1000,1000,1000,1000,1000,1000,1000,1000,1000,1142.101,1141.395,1140.756,1140.566,1140.756,1140.452,1140.528,1000,1000,1000,1000,1000,1000,1000,1319.382,1315.734,1000,1000,1000,1000,1000,1312.085,1313.788,1308.68,1000,1304.544,1306.004,1303.571,1305.517,1305.031,1307.707,1310.382,1309.409,1309.896,1306.004,1304.058,1298.828,1301.139,1299.315,1298.828,1000,1000,1304.058,1301.139,1300.288,1297.125,1000,1286.362,1000,1283.747,1283.504,1285.146,1287.274,1288.977,1289.706,1287.031,1286.666,1284.902,1282.409,1283.2,1284.598,1282.713,1283.504,1283.504,1281.436,1281.436,1281.193,1279.247,1279.429,1278.821,1277.879,1278.061,1277.179,1276.419,1275.978,1275.324,1274.139,1273.645,1273.029,1272.626,1367.788,1000,1000,1000,1000,1000,1000,1000,1000,1000,1000,1000,1000,1000,1000,1000,1000,1353.68,1366.329,1372.653,1368.761,1360.491,1365.356,1000,1000,1000,1000,1000,1000,1000,1345.896,1333.248,1323.518,1317.68,1313.788,1313.301,1318.166,1316.707,1000,1000,1000,1000,1000,1000,1000,1303.571,1304.301,1000,1294.085,1000,1000,1284.598,1283.625,1284.112,1286.544,1290.679,1290.193,1292.382,1297.004,1294.571,1292.869,1292.869,1292.382,1285.571,1283.625,1279.612,1277.544,1275.112,1272.193,1271.463,1271.463,1000,1000,1264.409,1263.01,1261.307,1000,1000,1000,1000,1259.209,1257.02,1255.857,1255.621,1255.264,1254.922,1255.074,1255.226,1255.15,1254.922,1255.15,1254.96,1000,1000,1000,1000,1000,1000,1000,1000,1000,1000,1000,1000,1000,1291.409,1279.004,1000,1000,1000,1000,1000,1000,1000,1000,1000,1000,1000,1000,1000,1000,1000,1000,1000,1000,1000,1000,1000,1000,1000,1000,1000,1000,1000,1000,1000,1000,1000,1000,1000,1000,1000,1000,1000,1000,1000,1000,1000,1000,1000,1000,1000,1000,1000,1000,1000,1000,1000,1000,1000,1000,1000,1000,1000,1000,1000,1000,1000,1000,1000,1000,1000,1000,1000,1000,1000,1000,1000,1000,1000,1000,1000,1000,1000,1000,1000,1000,1000,1000,1000,1000,1000,1000,1000,1000,1000,1000,1000,1000,1000,1000,1000,1000
1000,1000,1000,1000,1000,1000,1000,1000,1000,1000,1000,1000,1000,1000,1000,1000,1000,1000,1000,1000,1000,1000,1000,1000,1000,1000,1000,1000,1000,1000,1000,1000,1000,1000,1000,1000,1000,1000,1000,1000,1000,1000,1000,1000,1000,1000,1000,1000,1000,1000,1000,1000,1000,1000,1000,1000,1000,1000,1000,1000,1000,1000,1000,1000,1000,1000,1000,1000,1000,1000,1000,1000,1000,1000,1000,1000,1000,1000,1000,1000,1000,1000,1000,1000,1000,1000,1000,1000,1000,1000,1000,1000,1000,1000,1000,1000,1000,1000,1000,1000,1222.327,1000,1000,1000,1000,1000,1000,1237.652,1249.571,1250.301,1257.355,1270.49,1268.057,1270.49,1000,1000,1000,1000,1000,1000,1000,1000,1000,1000,1000,1000,1000,1000,1000,1000,1000,1000,1000,1221.841,1000,1221.537,1000,1000,1000,1000,1239.841,1243.976,1240.814,1245.192,1243.49,1243.003,1253.949,1000,1000,1000,1280.22,1280.22,1285.085,1290.436,1000,1308.923,1000,1223.787,1223.939,1000,1000,1000,1000,1000,1000,1228.712,1000,1000,1000,1000,1000,1000,1000,1000,1000,1000,1262.22,1257.355,1000,1254.922,1257.355,1000,1268.057,1271.949,1289.463,1302.112,1304.058,1313.788,1000,1000,1000,1000,1000,1000,1000,1000,1000,1000,1000,1000,1000,1000,1000,1000,1000,1000,1000,1256.625,1000,1000,1000,1000,1270.49,1270.003,1277.787,1282.652,1000,1000,1306.49,1000,1000,1000,1000,1000,1000,1000,1360.978,1000,1000,1000,1000,1000,1000,1000,1000,1000,1000,1000,1000,1000,1270.49,1272.193,1273.652,1000,1279.977,1000,1000,1000,1000,1000,1000,1000,1000,1000,1000,1000,1000,1000,1000,1000,1000,1000,1000,1000,1000,1000,1000,1000,1000,1000,1000,1000,1000,1000,1000,1000,1000,1000,1000,1000,1000,1000,1000,1000,1000,1000,1000,1000,1000,1000,1000,1000,1000,1000,1000,1000,1000,1000,1000,1000,1000,1000,1295.058,1296.639,1296.274,1292.625,1296.274,1295.423,1000,1000,1000,1000,1000,1000,1000,1000,1000,1000,1000,1154.34,1153.428,1151.968,1158.84,1000,1000,1000,1000,1000,1000,1000,1000,1000,1000,1000,1000,1000,1153.975,1155.799,1156.651,1156.286,1162.732,1000,1000,1000,1000,1000,1000,1000,1000,1000,1000,1000,1000,1000,1000,1000,1141.554,1142.01,1141.554,1140.984,1140.862,1141.106,1140.923,1140.923,1140.984,1000,1000,1000,1289.706,1288.977,1000,1000,1292.26,1000,1000,1000,1000,1000,1000,1000,1000,1000,1289.342,1291.531,1291.531,1292.99,1290.801,1292.99,1291.896,1289.342,1289.706,1288.977,1286.666,1285.45,1287.274,1286.058,1286.666,1000,1000,1288.247,1282.956,1279.429,1277.544,1000,1000,1000,1275.978,1276.267,1276.875,1277.027,1277.879,1278.426,1277.179,1277.696,1277.696,1276.267,1276.875,1277.179,1275.841,1275.841,1276.115,1275.203,1275.324,1275.446,1274.747,1274.336,1274.055,1273.721,1273.645,1273.432,1273.31,1272.854,1272.74,1379.464,1377.518,1371.68,1372.653,1359.518,1357.572,1346.869,1000,1000,1000,1000,1000,1000,1000,1000,1000,1000,1000,1000,1000,1322.058,1336.167,1338.599,1335.193,1332.761,1328.383,1329.356,1000,1000,1000,1000,1000,1000,1314.761,1305.761,1302.355,1294.571,1290.679,1288.004,1290.679,1290.193,1291.166,1284.112,1279.125,1000,1276.328,1000,1000,1000,1000,1292.869,1289.22,1283.139,1277.544,1276.328,1274.747,1273.287,1273.652,1276.693,1279.612,1279.612,1282.774,1287.517,1292.869,1292.869,1294.571,1297.49,1288.004,1280.95,1275.112,1272.557,1267.936,1265.199,1265.199,1000,1263.01,1259.361,1258.601,1257.339,1256.625,1256.541,1256.716,1000,1000,1255.036,1357.086,1344.923,1340.058,1340.058,1334.22,1331.302,1329.356,1326.437,1315.247,1310.382,1302.599,1000,1000,1000,1000,1000,1000,1000,1000,1000,1000,1000,1000,1000,1269.031,1265.747,1000,1000,1000,1000,1000,1000,1000,1000,1000,1000,1000,1000,1000,1000,1000,1000,1000,1000,1000,1000,1000,1000,1000,1000,1000,1000,1000,1000,1000,1000,1000,1000,1000,1000,1000,1000,1000,1000,1000,1000,1000,1000,1000,1000,1000,1000,1000,1000,1000,1000,1000,1000,1000,1000,1000,1000,1000,1000,1000,1000,1000,1000,1000,1000,1000,1000,1000,1000,1000,1000,1000,1000,1000,1000,1000,1000,1000,1000,1000,1000,1000,1000,1000,1000,1000,1000,1000,1000,1000,1000,1000,1000,1000,1000,1000,1000
1000,1000,1000,1000,1000,1000,1000,1000,1000,1000,1000,1000,1000,1000,1000,1000,1000,1000,1000,1000,1000,1000,1000,1000,1000,1000,1000,1000,1000,1000,1000,1000,1000,1000,1000,1000,1000,1000,1000,1000,1000,1000,1000,1000,1000,1000,1000,1000,1000,1000,1000,1000,1000,1000,1000,1000,1000,1000,1000,1000,1000,1000,1000,1000,1000,1000,1000,1000,1000,1000,1000,1000,1000,1000,1000,1000,1000,1000,1000,1000,1000,1000,1000,1000,1000,1000,1000,1000,1000,1000,1000,1000,1195.54,1000,1000,1000,1000,1000,1000,1000,1000,1000,1000,1000,1000,1000,1231.084,1238.381,1251.03,1247.382,1252.49,1260.76,1259.301,1257.355,1000,1000,1000,1000,1000,1000,1000,1000,1000,1000,1000,1000,1000,1000,1000,1000,1000,1000,1000,1000,1000,1000,1000,1000,1000,1000,1000,1000,1237.895,1243.976,1243.976,1000,1000,1000,1000,1000,1276.328,1275.355,1281.193,1289.463,1290.923,1297.247,1000,1000,1318.653,1000,1000,1000,1000,1000,1000,1227.329,1000,1231.631,1000,1000,1000,1000,1000,1000,1000,1000,1260.03,1258.571,1256.868,1000,1261.247,1000,1265.868,1270.733,1279.247,1290.923,1292.382,1300.652,1000,1000,1000,1000,1000,1000,1000,1000,1000,1000,1000,1000,1000,1000,1000,1000,1000,1000,1000,1000,1000,1000,1000,1266.233,1264.409,1263.193,1000,1000,1000,1000,1000,1000,1000,1000,1000,1000,1000,1000,1000,1000,1000,1000,1000,1000,1000,1000,1000,1000,1000,1000,1000,1000,1270.125,1272.922,1274.747,1000,1000,1000,1000,1000,1000,1000,1000,1000,1000,1000,1000,1000,1000,1000,1000,1000,1000,1000,1000,1000,1000,1000,1000,1000,1000,1000,1000,1000,1000,1000,1000,1000,1000,1000,1000,1000,1000,1000,1000,1000,1000,1000,1000,1000,1000,1000,1000,1000,1000,1000,1000,1000,1000,1000,1000,1000,1281.436,1000,1283.2,1284.051,1283.504,1281.193,1282.166,1283.747,1281.436,1000,1000,1000,1000,1000,1000,1000,1000,1000,1000,1000,1156.286,1000,1000,1000,1000,1000,1000,1000,1000,1000,1000,1000,1000,1000,1000,1000,1156.286,1157.624,1160.056,1158.597,1164.191,1000,1000,1000,1000,1000,1000,1000,1000,1000,1000,1000,1000,1000,1000,1000,1141.638,1142.314,1141.478,1140.612,1140.657,1140.862,1140.862,1140.923,1141.904,1000,1000,1000,1280.524,1280.706,1280.524,1280.037,1279.855,1278.821,1277.879,1279.429,1279.247,1280.037,1279.247,1279.004,1277.027,1277.879,1277.544,1279.004,1279.855,1280.281,1279.612,1279.855,1280.037,1277.179,1276.723,1276.723,1275.978,1274.747,1275.978,1276.267,1276.723,1277.027,1280.281,1277.544,1274.853,1273.964,1273.5,1000,1273.082,1273.5,1273.082,1273.31,1273.31,1273.645,1274.23,1274.534,1273.804,1273.964,1273.88,1273.5,1273.371,1273.31,1272.702,1272.588,1272.436,1272.474,1272.474,1272.55,1377.518,1373.626,1363.41,1364.383,1364.383,1364.383,1365.356,1354.653,1354.653,1348.815,1346.869,1338.599,1346.869,1336.167,1335.193,1329.356,1000,1000,1000,1000,1000,1000,1000,1000,1000,1000,1000,1000,1292.869,1305.761,1315.247,1315.247,1306.977,1303.085,1300.652,1000,1000,1000,1000,1291.166,1285.571,1289.22,1288.004,1284.112,1283.139,1276.328,1273.652,1273.287,1275.112,1272.922,1276.693,1271.463,1000,1262.767,1000,1000,1000,1000,1000,1000,1274.747,1269.76,1266.78,1267.084,1000,1000,1000,1275.112,1000,1000,1000,1000,1000,1000,1000,1000,1000,1000,1000,1272.922,1000,1000,1000,1261.307,1258.191,1256.131,1255.568,1255.112,1359.032,1355.14,1348.815,1337.139,1324.977,1319.626,1318.653,1310.382,1306.49,1304.058,1301.139,1295.544,1295.544,1295.544,1291.409,1285.571,1281.922,1000,1000,1000,1000,1000,1274.139,1000,1000,1000,1000,1000,1000,1000,1000,1000,1000,1000,1244.979,1000,1000,1000,1000,1000,1000,1000,1000,1000,1000,1000,1000,1000,1000,1000,1000,1000,1000,1000,1000,1000,1000,1000,1000,1000,1000,1000,1000,1000,1000,1000,1000,1000,1000,1000,1000,1000,1000,1000,1000,1000,1000,1000,1000,1000,1000,1000,1000,1000,1000,1000,1000,1000,1000,1000,1000,1000,1000,1000,1000,1000,1000,1000,1000,1000,1000,1000,1000,1000,1000,1000,1000,1000,1000,1000,1000,1000,1000,1000,1000,1000,1000,1000,1000,1000,1000,1000,1000,1000,1000,1000,1000,1000
1000,1000,1000,1000,1000,1000,1000,1000,1000,1000,1000,1000,1000,1000,1000,1000,1000,1000,1000,1000,1000,1000,1000,1000,1000,1000,1000,1000,1000,1000,1000,1000,1000,1000,1000,1000,1000,1000,1000,1000,1000,1000,1000,1000,1000,1000,1000,1000,1000,1000,1000,1000,1000,1000,1000,1000,1000,1000,1000,1000,1000,1000,1000,1000,1000,1000,1000,1000,1000,1000,1000,1000,1000,1000,1000,1000,1000,1000,1000,1000,1000,1000,1000,1000,1000,1000,1000,1000,1000,1000,1000,1000,1195.54,1000,1000,1000,1000,1000,1000,1000,1000,1000,1000,1000,1000,1231.814,1226.949,1235.219,1245.436,1243.49,1248.841,1000,1256.868,1000,1000,1000,1000,1000,1000,1000,1000,1000,1000,1000,1000,1000,1000,1000,1000,1000,1000,1000,1000,1000,1000,1000,1000,1000,1000,1000,1000,1000,1237.895,1244.463,1244.463,1000,1251.517,1260.274,1265.139,1000,1273.895,1273.895,1277.787,1288.49,1290.436,1298.22,1000,1000,1000,1000,1000,1223.977,1224.722,1000,1000,1227.618,1000,1000,1000,1000,1000,1000,1000,1000,1000,1000,1263.922,1262.22,1000,1000,1000,1000,1262.949,1270.003,1279.247,1290.436,1293.355,1298.22,1306.004,1000,1000,1000,1000,1000,1000,1000,1000,1000,1000,1000,1000,1000,1000,1000,1248.598,1000,1249.632,1253.28,1000,1000,1000,1000,1000,1000,1000,1000,1000,1000,1000,1000,1000,1000,1000,1000,1000,1000,1000,1000,1000,1000,1000,1000,1000,1000,1000,1000,1000,1000,1000,1000,1268.848,1274.382,1278.274,1288.004,1000,1000,1000,1000,1000,1000,1000,1000,1000,1000,1000,1000,1000,1000,1000,1000,1000,1000,1000,1000,1000,1000,1000,1000,1000,1000,1000,1000,1000,1000,1000,1000,1000,1000,1000,1000,1000,1000,1000,1000,1000,1000,1000,1000,1000,1000,1000,1000,1000,1000,1000,1000,1000,1000,1000,1000,1000,1000,1276.419,1275.568,1275.841,1274.747,1274.853,1274.853,1274.336,1274.139,1000,1000,1000,1000,1000,1000,1000,1000,1159.934,1166.137,1165.651,1166.989,1000,1000,1000,1000,1000,1000,1000,1000,1000,1000,1000,1000,1000,1000,1156.651,1157.137,1157.624,1157.137,1160.543,1000,1000,1000,1000,1000,1000,1000,1000,1000,1000,1000,1000,1000,1000,1000,1000,1143.789,1141.813,1140.566,1140.528,1140.703,1140.703,1140.923,1143.652,1000,1000,1000,1000,1273.804,1273.804,1273.645,1273.721,1273.188,1000,1000,1273.029,1272.983,1273.135,1272.816,1272.983,1273.188,1273.5,1273.88,1274.336,1273.645,1274.055,1273.721,1273.964,1272.892,1272.702,1272.436,1272.512,1373.626,1272.778,1273.188,1273.576,1273.432,1000,1272.702,1370.707,1365.356,1364.383,1000,1363.41,1367.788,1357.572,1363.41,1361.464,1362.437,1369.734,1370.707,1361.464,1366.329,1370.707,1360.491,1363.41,1360.491,1349.788,1341.518,1342.977,1343.95,1344.923,1341.518,1340.545,1337.139,1330.815,1325.95,1328.383,1328.383,1327.896,1319.626,1323.031,1318.166,1319.626,1315.247,1320.599,1310.382,1311.112,1306.977,1000,1000,1000,1294.085,1000,1000,1000,1000,1000,1000,1000,1282.774,1280.463,1287.517,1289.706,1289.22,1282.774,1281.801,1000,1000,1000,1000,1277.544,1274.017,1269.517,1270.733,1268.544,1267.936,1267.084,1264.652,1263.679,1263.922,1265.199,1263.01,1264.166,1261.49,1260.03,1257.689,1257.689,1000,1000,1000,1000,1000,1000,1000,1264.895,1000,1000,1000,1000,1000,1000,1000,1000,1000,1000,1000,1000,1000,1000,1000,1000,1000,1000,1000,1000,1000,1000,1000,1357.086,1346.869,1328.383,1325.95,1315.247,1312.328,1294.815,1293.355,1290.193,1286.787,1279.004,1280.22,1272.436,1273.652,1269.031,1272.922,1271.949,1272.436,1268.544,1265.382,1261.125,1000,1253.584,1252.976,1255.895,1253.584,1000,1000,1000,1000,1000,1000,1000,1000,1000,1000,1240.35,1000,1239.811,1000,1000,1000,1000,1000,1000,1000,1000,1000,1000,1000,1000,1000,1000,1000,1000,1000,1000,1000,1000,1000,1000,1000,1000,1000,1000,1000,1000,1000,1000,1000,1000,1000,1000,1000,1000,1000,1000,1000,1000,1000,1000,1000,1000,1000,1000,1000,1000,1000,1000,1000,1000,1000,1000,1000,1000,1000,1000,1000,1000,1000,1000,1000,1000,1000,1000,1000,1000,1000,1000,1000,1000,1000,1000,1000,1000,1000,1000,1000,1000,1000,1000,1000,1000,1000,1000,1000,1000,1000,1000,1000
1000,1000,1000,1000,1000,1000,1000,1000,1000,1000,1000,1000,1000,1000,1000,1000,1000,1000,1000,1000,1000,1000,1000,1000,1000,1000,1000,1000,1000,1000,1000,1000,1000,1000,1000,1000,1000,1000,1000,1000,1000,1000,1000,1000,1000,1000,1000,1000,1000,1000,1000,1000,1000,1000,1000,1000,1000,1000,1000,1000,1000,1000,1000,1000,1000,1000,1000,1000,1000,1000,1000,1000,1000,1000,1000,1000,1000,1000,1000,1000,1000,1000,1000,1000,1000,1000,1000,1000,1000,1000,1000,1000,1000,1000,1000,1000,1000,1000,1000,1000,1000,1000,1000,1000,1231.084,1232.787,1231.084,1000,1244.706,1240.814,1246.652,1000,1248.841,1000,1000,1000,1000,1000,1000,1000,1000,1000,1000,1000,1000,1000,1000,1000,1000,1000,1000,1000,1000,1000,1000,1000,1000,1000,1000,1000,1000,1000,1239.354,1246.652,1252.003,1255.165,1000,1262.949,1263.679,1270.003,1276.328,1274.868,1282.652,1000,1000,1000,1000,1000,1000,1000,1000,1331.788,1224.6,1000,1226.098,1226.675,1227.618,1000,1000,1000,1000,1000,1000,1000,1245.557,1247.99,1252.976,1000,1000,1000,1000,1000,1000,1000,1275.112,1286.544,1293.355,1297.247,1000,1301.625,1000,1000,1000,1000,1000,1000,1000,1000,1000,1000,1000,1000,1000,1000,1000,1000,1000,1000,1000,1000,1000,1000,1000,1000,1000,1000,1000,1000,1000,1000,1000,1000,1000,1000,1000,1000,1000,1000,1000,1000,1000,1000,1000,1000,1000,1000,1000,1000,1000,1000,1000,1275.476,1000,1000,1000,1000,1000,1000,1000,1000,1000,1000,1000,1000,1000,1000,1000,1000,1000,1000,1000,1000,1000,1000,1000,1000,1000,1000,1000,1000,1000,1000,1000,1000,1000,1000,1000,1000,1000,1000,1000,1000,1000,1000,1000,1000,1000,1000,1000,1000,1000,1000,1000,1000,1000,1369.734,1370.707,1368.761,1272.512,1272.702,1000,1000,1273.082,1272.588,1272.664,1373.626,1368.761,1366.329,1369.734,1000,1000,1000,1000,1000,1000,1000,1000,1000,1155.678,1161.029,1163.097,1166.502,1000,1000,1000,1353.68,1360.491,1349.788,1000,1000,1000,1000,1000,1000,1000,1000,1000,1155.313,1155.799,1156.286,1160.543,1000,1000,1000,1000,1000,1000,1000,1000,1000,1000,1000,1000,1000,1000,1000,1000,1146.1,1142.527,1140.703,1140.612,1140.862,1140.923,1141.106,1000,1000,1000,1342.004,1000,1359.518,1360.491,1359.518,1362.437,1000,1000,1000,1349.788,1348.815,1354.653,1339.572,1350.761,1353.68,1357.572,1360.491,1272.436,1000,1372.653,1363.41,1364.383,1346.869,1342.004,1342.977,1343.95,1340.545,1348.815,1352.707,1353.68,1352.707,1339.572,1332.761,1337.626,1337.139,1333.248,1341.518,1337.139,1338.599,1330.815,1338.599,1330.815,1332.761,1332.761,1331.788,1324.491,1330.328,1330.815,1325.464,1326.923,1329.356,1325.464,1319.139,1318.166,1316.707,1316.22,1306.977,1308.193,1000,1000,1000,1301.869,1301.139,1297.49,1291.166,1294.085,1292.382,1291.896,1290.193,1294.085,1289.22,1287.517,1000,1000,1000,1280.463,1278.76,1277.058,1273.652,1271.098,1272.557,1271.463,1273.287,1271.828,1270.49,1269.152,1271.098,1000,1000,1268.848,1000,1000,1000,1000,1000,1000,1260.73,1259.513,1260.73,1259.209,1259.057,1259.361,1258.464,1258.054,1257.233,1257.689,1256.45,1257.233,1256.29,1256.625,1255.857,1255.735,1255.302,1255.34,1000,1000,1000,1000,1000,1000,1000,1000,1000,1000,1000,1000,1000,1000,1000,1000,1230.354,1235.949,1000,1225.246,1000,1000,1000,1000,1000,1000,1000,1000,1000,1000,1000,1000,1000,1288.733,1286.787,1274.625,1274.625,1271.463,1267.571,1262.341,1262.706,1258.449,1257.719,1254.557,1256.625,1255.53,1256.26,1254.192,1253.28,1248.111,1246.348,1244.979,1244.28,1244.615,1244.615,1243.49,1000,1241.559,1000,1000,1000,1000,1000,1000,1000,1342.491,1000,1000,1000,1000,1000,1000,1000,1000,1000,1000,1000,1000,1000,1000,1000,1000,1000,1000,1000,1000,1000,1000,1000,1000,1000,1000,1000,1000,1000,1000,1000,1000,1000,1000,1000,1000,1000,1000,1000,1000,1000,1000,1000,1000,1000,1000,1000,1000,1000,1000,1000,1000,1000,1000,1000,1000,1000,1000,1000,1000,1000,1000,1000,1000,1000,1000,1000,1000,1000,1000,1000,1000,1000,1000,1000,1000,1000,1000,1000,1000,1000,1000,1000,1000,1000,1000,1000,1000,1000,1000,1000,1000,1000
1000,1000,1000,1000,1000,1000,1000,1000,1000,1000,1000,1000,1000,1000,1000,1000,1000,1000,1000,1000,1000,1000,1000,1000,1000,1000,1000,1000,1000,1000,1000,1000,1000,1000,1000,1000,1000,1000,1000,1000,1000,1000,1000,1000,1000,1000,1000,1000,1000,1000,1000,1000,1000,1000,1000,1000,1000,1000,1000,1000,1000,1000,1000,1000,1000,1000,1000,1000,1000,1000,1000,1000,1000,1000,1000,1000,1000,1000,1000,1000,1000,1000,1000,1000,1000,1000,1000,1000,1000,1000,1000,1000,1000,1000,1000,1000,1000,1000,1000,1000,1000,1000,1227.435,1224.273,1230.111,1231.814,1234.733,1242.03,1247.382,1243.49,1250.301,1000,1000,1000,1000,1000,1000,1000,1000,1000,1000,1000,1000,1000,1000,1000,1000,1000,1000,1000,1000,1000,1000,1000,1000,1000,1000,1000,1000,1000,1000,1229.989,1236.071,1243.003,1252.49,1257.598,1261.49,1267.084,1269.517,1270.003,1272.922,1272.436,1278.76,1000,1000,1293.842,1000,1000,1309.896,1323.031,1000,1324.004,1224.205,1000,1225.231,1000,1000,1000,1000,1000,1000,1000,1000,1000,1000,1000,1253.949,1000,1000,1000,1000,1000,1000,1000,1273.895,1000,1288.49,1288.004,1000,1000,1000,1000,1000,1000,1000,1000,1000,1000,1000,1000,1000,1000,1000,1000,1000,1000,1000,1000,1000,1000,1000,1000,1000,1000,1000,1000,1000,1000,1000,1000,1000,1000,1000,1000,1000,1000,1000,1000,1000,1000,1000,1000,1000,1000,1000,1000,1000,1000,1000,1000,1000,1000,1000,1000,1000,1000,1000,1000,1000,1000,1000,1000,1000,1000,1000,1000,1000,1000,1000,1000,1000,1000,1000,1000,1000,1000,1000,1000,1000,1000,1000,1000,1000,1000,1000,1000,1000,1000,1000,1000,1000,1000,1000,1000,1000,1328.383,1000,1000,1315.247,1317.68,1321.572,1000,1000,1000,1341.518,1345.896,1342.977,1344.923,1352.707,1356.599,1357.572,1358.545,1356.599,1342.977,1342.977,1335.193,1335.193,1330.328,1336.167,1000,1337.139,1000,1340.545,1000,1000,1317.68,1000,1000,1159.934,1000,1165.164,1166.137,1000,1000,1338.599,1337.626,1342.004,1335.193,1000,1000,1000,1000,1000,1000,1000,1000,1000,1156.286,1156.651,1157.624,1000,1000,1000,1000,1182.192,1000,1000,1000,1000,1000,1000,1000,1000,1000,1000,1164.799,1153.124,1144.397,1141.904,1140.566,1140.703,1140.923,1141.25,1141.25,1000,1000,1000,1324.491,1331.788,1325.95,1325.464,1320.599,1318.166,1315.247,1323.031,1327.896,1328.383,1331.788,1332.761,1324.491,1326.923,1323.518,1323.031,1325.95,1000,1325.464,1323.518,1322.058,1319.626,1316.707,1316.22,1323.518,1323.031,1323.518,1328.383,1321.572,1308.193,1310.382,1301.869,1297.49,1307.707,1312.572,1306.247,1311.842,1307.707,1305.761,1299.193,1303.085,1299.923,1303.085,1301.869,1000,1299.923,1300.652,1299.923,1298.22,1297.004,1298.707,1298.707,1295.058,1291.896,1293.355,1291.166,1285.571,1286.544,1289.706,1285.085,1280.95,1282.774,1281.314,1277.058,1276.328,1277.909,1277.544,1276.328,1275.476,1275.841,1275.112,1272.922,1269.76,1267.632,1268.848,1265.443,1264.895,1264.895,1263.679,1262.341,1263.193,1262.341,1263.01,1263.193,1261.49,1260.365,1262.098,1260.547,1260.182,1259.513,1258.905,1257.689,1257.233,1256.541,1256.541,1256.914,1256.625,1256.29,1256.366,1256.131,1255.918,1255.857,1255.515,1255.568,1255.226,1255.188,1360.978,1255.112,1254.96,1255.074,1359.032,1356.113,1344.923,1337.139,1333.248,1000,1000,1000,1000,1000,1000,1000,1000,1000,1000,1000,1211.624,1213.327,1215.273,1225.976,1229.868,1234.49,1231.814,1223.3,1213.814,1205.422,1200.8,1198.489,1201.165,1202.867,1208.705,1000,1000,1000,1000,1000,1000,1000,1260.76,1258.814,1258.449,1256.625,1254.192,1251.213,1250.118,1247.868,1246.53,1244.979,1245.557,1246.165,1245.557,1000,1000,1000,1000,1000,1000,1240.639,1240.495,1240.289,1239.811,1239.658,1000,1000,1000,1000,1000,1000,1000,1000,1000,1000,1000,1000,1000,1000,1000,1000,1000,1000,1000,1000,1000,1000,1000,1000,1000,1000,1000,1000,1000,1000,1000,1000,1000,1000,1000,1000,1000,1000,1000,1000,1000,1000,1000,1000,1000,1000,1000,1000,1000,1000,1000,1000,1000,1000,1000,1000,1000,1000,1000,1000,1000,1000,1000,1000,1000,1000,1000,1000,1000,1000,1000,1000,1000,1000,1000,1000,1000,1000,1000,1000,1000,1000,1000,1000,1000,1000,1000,1000,1000,1000,1000,1000,1000,1000,1000,1000,1000,1000,1000,1000,1000
1000,1000,1000,1000,1000,1000,1000,1000,1000,1000,1000,1000,1000,1000,1000,1000,1000,1000,1000,1000,1000,1000,1000,1000,1000,1000,1000,1000,1000,1000,1000,1000,1000,1000,1000,1000,1000,1000,1000,1000,1000,1000,1000,1000,1000,1000,1000,1000,1000,1000,1000,1000,1000,1000,1000,1000,1000,1000,1000,1000,1000,1000,1000,1000,1000,1000,1000,1000,1000,1000,1000,1000,1000,1000,1000,1000,1000,1000,1000,1000,1000,1000,1000,1000,1000,1000,1000,1000,1000,1000,1000,1000,1000,1000,1000,1000,1000,1000,1000,1000,1000,1000,1223.787,1222.814,1000,1000,1230.598,1240.084,1245.436,1241.3,1000,1000,1000,1000,1000,1000,1000,1000,1000,1000,1000,1000,1000,1000,1000,1000,1000,1000,1000,1000,1000,1000,1000,1000,1095.839,1104.109,1000,1100.886,1000,1000,1000,1000,1232.908,1237.895,1245.679,1248.354,1253.949,1259.544,1263.679,1268.057,1278.76,1282.652,1290.436,1298.22,1296.274,1000,1000,1300.166,1309.896,1313.788,1323.031,1321.085,1224.288,1224.722,1225.315,1225.581,1226.098,1000,1000,1000,1000,1000,1000,1000,1237.104,1242.881,1249.328,1254.922,1000,1000,1000,1000,1000,1270.733,1270.003,1273.166,1277.058,1276.571,1000,1000,1000,1000,1000,1000,1000,1000,1000,1000,1000,1000,1000,1000,1000,1000,1000,1250.969,1000,1000,1000,1000,1000,1000,1000,1000,1000,1000,1000,1000,1000,1000,1000,1000,1000,1000,1000,1000,1000,1000,1000,1000,1000,1000,1000,1000,1000,1000,1000,1000,1000,1000,1000,1000,1000,1000,1000,1000,1000,1000,1000,1000,1000,1000,1000,1000,1000,1000,1000,1000,1000,1000,1000,1000,1000,1000,1000,1000,1311.112,1312.572,1000,1000,1000,1000,1000,1000,1000,1000,1000,1000,1000,1000,1000,1293.355,1000,1000,1298.22,1305.761,1303.571,1301.869,1297.49,1296.274,1296.274,1303.571,1301.139,1302.355,1310.382,1315.247,1313.788,1316.22,1323.031,1319.626,1000,1000,1000,1308.193,1308.923,1304.301,1308.923,1306.247,1311.842,1309.653,1313.788,1000,1000,1300.652,1298.707,1297.49,1000,1000,1157.38,1159.205,1162.245,1000,1000,1320.599,1319.626,1316.22,1319.626,1316.22,1306.977,1000,1000,1000,1000,1000,1000,1000,1000,1158.597,1160.543,1166.38,1000,1000,1178.543,1187.056,1185.84,1185.11,1176.354,1000,1000,1000,1000,1000,1173.191,1174.894,1171.732,1161.88,1154.705,1144.853,1141.729,1140.528,1140.612,1140.923,1141.318,1141.174,1145.036,1000,1000,1000,1000,1303.085,1302.355,1295.788,1295.058,1295.058,1000,1303.085,1305.761,1308.923,1308.193,1304.301,1304.301,1297.49,1295.788,1295.788,1297.49,1292.382,1297.49,1293.355,1292.382,1290.679,1293.355,1000,1000,1000,1301.139,1000,1285.571,1287.031,1284.112,1279.977,1287.031,1289.22,1285.085,1289.706,1290.193,1286.544,1282.287,1283.625,1278.76,1277.909,1000,1000,1277.544,1277.544,1275.841,1272.193,1272.193,1271.828,1274.382,1273.287,1273.287,1275.112,1275.476,1270.125,1271.828,1274.747,1272.922,1268.848,1271.098,1270.733,1267.389,1265.443,1267.389,1265.686,1264.409,1264.409,1263.436,1263.679,1263.679,1262.524,1260.73,1261.916,1259.209,1257.446,1257.568,1257.339,1256.716,1257.339,1257.446,1257.568,1257.689,1000,1256.131,1256.823,1255.986,1255.515,1255.515,1255.188,1358.059,1356.113,1357.086,1356.113,1363.896,1361.951,1363.896,1361.951,1356.113,1354.167,1353.194,1344.923,1344.923,1336.167,1338.112,1331.302,1332.275,1332.275,1335.193,1326.437,1326.437,1321.572,1312.815,1312.815,1000,1000,1000,1000,1000,1000,1000,1000,1000,1207.246,1000,1212.111,1211.138,1212.111,1217.462,1220.381,1224.03,1222.327,1215.273,1210.651,1206.881,1204.084,1205.422,1211.624,1214.3,1219.895,1224.76,1000,1000,1000,1000,1000,1000,1248.598,1000,1247.199,1246.773,1245.162,1244.28,1243.642,1242.243,1241.559,1240.974,1240.974,1241.057,1240.563,1000,1000,1000,1331.302,1327.41,1330.328,1328.383,1330.328,1327.41,1325.464,1318.653,1000,1000,1000,1000,1000,1000,1000,1000,1000,1000,1000,1000,1000,1000,1000,1000,1000,1000,1000,1000,1000,1000,1000,1000,1000,1000,1000,1000,1000,1000,1000,1000,1000,1000,1000,1000,1000,1000,1000,1000,1000,1000,1000,1000,1000,1000,1000,1000,1000,1000,1000,1000,1000,1000,1000,1000,1000,1000,1000,1000,1000,1000,1000,1000,1000,1000,1000,1000,1000,1000,1000,1000,1000,1000,1000,1000,1000,1000,1000,1000,1000,1000,1000,1000,1000,1000,1000,1000,1000,1000,1000,1000,1000,1000,1000,1000,1000,1000,1000,1000,1000
1000,1000,1000,1000,1000,1000,1000,1000,1000,1000,1000,1000,1000,1000,1000,1000,1000,1000,1000,1000,1000,1000,1000,1000,1000,1000,1000,1000,1000,1000,1000,1000,1000,1000,1000,1000,1000,1000,1000,1000,1000,1000,1000,1000,1000,1000,1000,1000,1000,1000,1000,1000,1000,1000,1000,1000,1000,1000,1000,1000,1000,1000,1000,1000,1000,1000,1000,1000,1000,1000,1000,1000,1000,1000,1000,1000,1000,1000,1000,1000,1000,1000,1000,1000,1000,1000,1000,1000,1000,1000,1000,1000,1000,1000,1000,1000,1000,1000,1000,1000,1000,1216.003,1219.53,1218.192,1219.53,1221.841,1222.814,1232.3,1236.435,1236.922,1000,1243.49,1000,1000,1000,1000,1000,1000,1000,1000,1000,1000,1000,1000,1000,1000,1000,1000,1000,1000,1000,1000,1000,1000,1000,1000,1000,1000,1000,1000,1220.077,1224.395,1231.571,1233.76,1237.895,1239.841,1245.679,1249.084,1256.382,1262.949,1276.328,1281.193,1297.247,1000,1306.004,1000,1000,1306.004,1316.707,1316.707,1323.031,1317.68,1224.288,1224.661,1225.687,1225.406,1226.098,1000,1000,1000,1000,1000,1000,1000,1240.327,1243.246,1248.841,1000,1000,1000,1000,1000,1000,1000,1274.625,1000,1281.436,1000,1000,1000,1000,1000,1000,1000,1000,1000,1000,1000,1000,1000,1000,1000,1000,1000,1000,1000,1000,1000,1000,1000,1000,1000,1000,1000,1000,1000,1000,1000,1000,1000,1000,1000,1000,1000,1000,1000,1000,1000,1000,1000,1000,1000,1000,1000,1000,1000,1000,1000,1000,1000,1000,1000,1000,1000,1000,1000,1000,1000,1000,1000,1000,1000,1000,1000,1000,1000,1000,1000,1000,1000,1000,1000,1000,1000,1000,1279.125,1276.693,1275.112,1000,1267.936,1000,1000,1000,1000,1000,1264.652,1000,1000,1000,1000,1000,1000,1000,1000,1284.112,1288.004,1000,1283.625,1277.909,1278.274,1279.977,1284.598,1000,1288.004,1293.355,1294.571,1295.788,1294.085,1296.274,1288.49,1000,1287.517,1291.896,1288.49,1289.22,1285.571,1287.517,1286.544,1292.869,1293.355,1298.22,1292.382,1294.085,1288.49,1288.49,1000,1000,1154.036,1000,1155.921,1161.516,1160.664,1000,1301.869,1299.193,1292.869,1295.058,1295.788,1000,1000,1000,1000,1000,1000,1000,1000,1000,1000,1161.516,1000,1000,1000,1187.056,1194.111,1198.975,1194.111,1188.273,1000,1000,1000,1000,1000,1171.245,1167.962,1166.502,1154.948,1000,1142.755,1140.984,1140.49,1140.528,1140.923,1141.395,1141.395,1143.379,1000,1281.314,1000,1000,1286.058,1283.625,1279.612,1281.314,1278.274,1281.314,1284.112,1287.517,1286.544,1288.49,1286.544,1286.058,1279.977,1280.463,1280.95,1281.801,1278.76,1281.801,1277.544,1276.328,1274.382,1279.612,1000,1284.112,1279.612,1000,1268.848,1267.632,1267.632,1272.193,1269.152,1274.382,1274.382,1270.49,1268.848,1270.733,1267.936,1266.233,1265.99,1266.233,1265.199,1000,1263.193,1265.199,1263.01,1263.193,1261.916,1262.524,1261.307,1263.679,1262.341,1262.341,1262.524,1263.193,1259.666,1260.182,1260.182,1260.03,1258.753,1260.182,1260.03,1260.73,1259.666,1260.182,1258.905,1258.191,1256.914,1256.45,1256.823,1257.233,1256.716,1256.45,1256.716,1255.735,1255.074,1255.188,1363.896,1358.059,1361.951,1255.036,1362.924,1255.074,1361.951,1350.761,1350.761,1346.869,1341.031,1343.95,1337.139,1326.437,1322.058,1323.031,1318.653,1322.058,1324.004,1326.437,1320.599,1321.572,1315.247,1315.247,1310.382,1312.328,1304.058,1309.896,1303.571,1302.599,1302.599,1306.49,1303.571,1308.923,1306.49,1304.058,1303.571,1307.463,1000,1000,1000,1000,1000,1000,1000,1205.908,1207.732,1000,1206.881,1204.084,1204.084,1207.246,1209.192,1213.814,1209.192,1204.084,1202.016,1199.948,1198.854,1205.422,1213.327,1216.976,1222.327,1231.814,1000,1000,1000,1000,1000,1000,1000,1000,1241.665,1241.346,1240.799,1240.419,1240.229,1239.902,1239.772,1239.468,1239.506,1239.43,1338.599,1328.383,1329.356,1316.707,1308.436,1305.031,1306.004,1299.193,1296.76,1290.923,1290.436,1282.652,1000,1000,1000,1000,1000,1000,1000,1000,1000,1000,1000,1000,1000,1000,1000,1000,1000,1000,1000,1000,1000,1000,1000,1000,1000,1000,1000,1000,1000,1000,1000,1000,1000,1000,1000,1000,1000,1000,1000,1000,1000,1000,1000,1000,1000,1000,1000,1000,1000,1000,1000,1000,1000,1000,1000,1000,1000,1000,1000,1000,1000,1000,1000,1000,1000,1000,1000,1000,1000,1000,1000,1000,1000,1000,1000,1000,1000,1000,1000,1000,1000,1000,1000,1000,1000,1000,1000,1000,1000,1000,1000,1000,1000,1000,1000,1000,1000,1000,1000,1000,1000
1000,1000,1000,1000,1000,1000,1000,1000,1000,1000,1000,1000,1000,1000,1000,1000,1000,1000,1000,1000,1000,1000,1000,1000,1000,1000,1000,1000,1000,1000,1000,1000,1000,1000,1000,1000,1000,1000,1000,1000,1000,1000,1000,1000,1000,1000,1000,1000,1000,1000,1000,1000,1000,1000,1000,1000,1000,1000,1000,1000,1000,1000,1000,1000,1000,1000,1000,1000,1000,1000,1000,1000,1000,1000,1000,1000,1000,1000,1000,1000,1000,1000,1000,1000,1000,1000,1000,1000,1000,1000,1000,1000,1000,1000,1000,1000,1000,1000,1000,1000,1000,1000,1215.273,1000,1219.53,1222.327,1226.949,1234.003,1236.922,1237.652,1240.084,1242.03,1242.03,1000,1000,1000,1000,1000,1000,1000,1000,1000,1000,1000,1000,1000,1000,1000,1000,1000,1000,1000,1000,1000,1000,1000,1000,1000,1000,1000,1215.638,1217.462,1223.787,1223.422,1226.219,1229.989,1235.584,1243.49,1000,1262.949,1273.895,1279.247,1297.247,1302.112,1305.031,1000,1000,1313.788,1324.977,1330.815,1000,1326.923,1000,1000,1226.31,1000,1227.055,1000,1000,1000,1000,1000,1000,1000,1241.787,1243.976,1000,1000,1000,1000,1000,1000,1000,1000,1000,1000,1286.544,1000,1000,1000,1000,1000,1000,1000,1000,1000,1000,1000,1000,1000,1000,1000,1000,1000,1000,1000,1000,1250.422,1252.976,1251.213,1000,1000,1000,1000,1000,1000,1000,1000,1000,1000,1000,1000,1000,1000,1000,1000,1000,1000,1000,1000,1000,1000,1000,1000,1000,1000,1000,1000,1000,1000,1000,1000,1000,1000,1000,1000,1000,1000,1000,1000,1000,1000,1000,1000,1000,1000,1000,1000,1257.446,1257.568,1258.054,1259.361,1260.547,1263.193,1000,1266.233,1000,1265.199,1000,1261.125,1000,1259.361,1000,1260.365,1260.365,1260.03,1262.767,1264.895,1264.166,1265.99,1266.537,1000,1000,1269.517,1268.848,1269.517,1000,1267.632,1265.99,1265.99,1267.084,1271.463,1000,1000,1275.112,1275.476,1000,1274.017,1273.652,1271.098,1000,1000,1277.058,1275.841,1274.017,1271.828,1272.193,1271.463,1274.747,1277.544,1278.274,1274.747,1274.382,1272.193,1272.557,1000,1000,1147.529,1147.103,1147.529,1151.178,1149.11,1000,1000,1286.058,1000,1284.112,1000,1000,1000,1000,1000,1000,1000,1000,1000,1000,1000,1000,1000,1000,1000,1188.759,1196.3,1197.759,1198.489,1191.435,1000,1000,1000,1000,1000,1000,1158.475,1154.948,1150.387,1147.286,1142.421,1141.106,1140.756,1140.657,1140.984,1141.318,1141.174,1000,1000,1269.76,1270.125,1272.557,1271.098,1268.848,1266.233,1266.537,1267.084,1268.24,1269.517,1272.922,1272.922,1272.922,1273.652,1271.463,1269.152,1268.848,1269.517,1268.544,1268.24,1268.544,1268.544,1267.389,1266.537,1268.544,1268.544,1267.632,1263.679,1264.166,1260.182,1259.513,1260.365,1262.098,1260.182,1263.193,1263.922,1261.49,1260.365,1261.49,1259.361,1257.811,1257.127,1256.823,1256.207,1256.207,1256.29,1257.233,1256.914,1257.233,1256.366,1256.45,1255.918,1256.207,1255.796,1255.918,1256.625,1256.914,1256.207,1256.29,1255.918,1255.424,1255.188,1255.188,1255.302,1255.515,1255.515,1255.735,1255.515,1255.264,1254.998,1358.059,1358.059,1358.059,1357.086,1353.194,1357.086,1345.896,1335.193,1332.275,1327.41,1323.031,1324.977,1329.356,1327.41,1330.328,1324.977,1317.193,1317.193,1312.815,1307.95,1309.896,1305.031,1296.274,1293.355,1292.625,1288.733,1289.463,1292.625,1293.355,1292.139,1291.409,1290.193,1289.463,1286.787,1286.787,1285.085,1286.301,1281.922,1278.517,1279.004,1280.706,1279.004,1285.085,1285.571,1283.139,1280.706,1286.301,1000,1000,1000,1000,1000,1000,1000,1000,1000,1000,1197.03,1195.57,1194.597,1196.665,1198.124,1202.016,1199.219,1198.124,1197.03,1196.665,1196.665,1202.867,1209.192,1212.111,1219.165,1227.679,1243.246,1000,1000,1000,1000,1000,1000,1000,1239.544,1239.392,1340.545,1328.383,1324.491,1322.545,1314.761,1313.788,1313.788,1310.869,1303.085,1299.68,1296.76,1290.436,1282.652,1277.058,1278.517,1273.166,1271.949,1270.733,1268.787,1262.949,1258.084,1000,1000,1000,1000,1000,1000,1000,1000,1000,1000,1000,1000,1000,1000,1000,1000,1000,1000,1000,1000,1000,1000,1000,1000,1000,1000,1000,1000,1000,1000,1000,1000,1000,1000,1000,1000,1000,1000,1000,1000,1000,1000,1000,1000,1000,1000,1000,1000,1000,1000,1000,1000,1000,1000,1000,1000,1000,1000,1000,1000,1000,1000,1000,1000,1000,1000,1000,1000,1000,1000,1000,1000,1000,1000,1000,1000,1000,1000,1000,1000,1000,1000,1000,1000,1000,1000,1000,1000,1000,1000,1000,1000,1000,1000,1000,1000,1000,1000,1000,1000
1000,1000,1000,1000,1000,1000,1000,1000,1000,1000,1000,1000,1000,1000,1000,1000,1000,1000,1000,1000,1000,1000,1000,1000,1000,1000,1000,1000,1000,1000,1000,1000,1000,1000,1000,1000,1000,1000,1000,1000,1000,1000,1000,1000,1000,1000,1000,1000,1000,1000,1000,1000,1000,1000,1000,1000,1000,1000,1000,1000,1000,1000,1000,1000,1000,1000,1000,1000,1000,1000,1000,1000,1000,1000,1000,1000,1000,1000,1000,1000,1000,1000,1000,1000,1000,1000,1000,1000,1000,1000,1000,1000,1000,1000,1000,1000,1000,1000,1206.273,1000,1211.381,1213.57,1217.341,1000,1218.678,1222.327,1226.949,1230.111,1236.922,1237.652,1000,1000,1000,1000,1000,1270.49,1000,1000,1000,1000,1000,1000,1000,1000,1000,1000,1000,1000,1000,1000,1000,1000,1000,1000,1000,1000,1000,1000,1000,1000,1215.212,1000,1000,1221.537,1220.928,1223.057,1228.043,1000,1000,1000,1272.436,1280.22,1290.923,1296.274,1296.274,1301.139,1306.977,1306.004,1310.869,1324.004,1324.004,1332.761,1224.288,1000,1000,1000,1000,1000,1000,1000,1000,1000,1000,1000,1000,1000,1000,1252.003,1000,1000,1000,1000,1000,1000,1000,1000,1000,1000,1000,1000,1000,1000,1000,1000,1000,1000,1000,1000,1000,1000,1000,1000,1000,1000,1000,1249.875,1000,1252.064,1000,1254.192,1000,1000,1000,1000,1000,1000,1000,1000,1000,1000,1000,1000,1000,1000,1000,1000,1000,1000,1000,1000,1000,1000,1000,1000,1000,1000,1000,1000,1000,1000,1000,1000,1000,1000,1000,1000,1000,1000,1000,1000,1000,1000,1000,1000,1000,1000,1000,1000,1255.34,1255.188,1255.424,1255.675,1256.29,1256.207,1000,1000,1000,1000,1000,1000,1000,1255.986,1000,1256.062,1256.625,1256.131,1258.191,1259.209,1000,1259.361,1260.912,1000,1260.182,1261.916,1261.49,1259.666,1258.601,1258.753,1258.464,1258.753,1260.547,1263.193,1000,1000,1264.166,1263.679,1263.01,1262.524,1262.341,1261.125,1260.912,1261.733,1263.193,1262.767,1261.733,1261.916,1262.767,1262.524,1263.679,1265.99,1264.409,1262.098,1261.916,1262.341,1263.193,1000,1000,1145.036,1145.37,1145.552,1147.955,1146.921,1000,1000,1000,1000,1000,1000,1000,1000,1000,1000,1000,1000,1000,1000,1000,1000,1173.435,1000,1000,1000,1185.11,1194.84,1195.57,1200.435,1196.3,1000,1000,1000,1000,1000,1000,1000,1000,1144.853,1142.421,1141.045,1140.528,1140.414,1140.338,1140.528,1140.756,1140.703,1140.923,1000,1000,1263.01,1263.01,1261.916,1260.73,1259.666,1259.513,1259.513,1260.365,1000,1261.733,1261.307,1260.912,1261.916,1261.49,1261.307,1260.912,1261.49,1260.182,1260.365,1260.547,1262.098,1261.307,1260.182,1260.547,1258.601,1256.823,1255.986,1255.796,1000,1255.621,1000,1256.716,1256.29,1257.446,1257.446,1256.716,1256.29,1256.625,1255.621,1255.15,1255.036,1358.059,1352.221,1356.113,1359.032,1255.036,1255.188,1255.378,1255.112,1255.188,1363.896,1363.896,1355.14,1349.788,1353.194,1358.059,1348.815,1345.896,1349.788,1340.058,1331.302,1331.302,1335.193,1332.275,1334.22,1335.193,1335.193,1329.356,1327.41,1317.193,1321.572,1318.653,1320.599,1315.247,1322.058,1312.328,1305.031,1301.139,1300.652,1297.004,1294.815,1297.004,1294.815,1292.139,1288.004,1286.301,1289.463,1288.004,1285.571,1287.517,1284.355,1278.517,1276.328,1276.328,1274.625,1274.139,1274.625,1273.652,1271.949,1269.517,1268.057,1264.409,1263.557,1263.193,1264.044,1263.193,1264.409,1260.76,1259.909,1259.909,1261.125,1263.557,1265.747,1263.193,1260.274,1000,1000,1000,1000,1000,1000,1000,1000,1000,1000,1000,1190.34,1192.043,1188.759,1190.644,1190.34,1194.84,1193.624,1194.84,1195.205,1196.3,1196.665,1201.165,1205.908,1209.192,1216.489,1227.192,1244.706,1268.057,1000,1265.868,1000,1000,1000,1000,1000,1310.869,1000,1295.788,1292.382,1293.355,1290.923,1292.382,1288.004,1290.436,1283.625,1277.787,1274.625,1273.166,1267.084,1263.436,1266.355,1260.76,1258.084,1254.436,1253.949,1246.773,1243.246,1000,1000,1000,1000,1000,1000,1000,1000,1000,1000,1000,1000,1000,1000,1000,1000,1000,1000,1000,1000,1000,1000,1000,1000,1000,1000,1000,1000,1000,1000,1000,1000,1000,1000,1000,1000,1000,1000,1000,1000,1000,1000,1000,1000,1000,1000,1000,1000,1000,1000,1000,1000,1000,1000,1000,1000,1000,1000,1000,1000,1000,1000,1000,1000,1000,1000,1000,1000,1000,1000,1000,1000,1000,1000,1000,1000,1000,1000,1000,1000,1000,1000,1000,1000,1000,1000,1000,1000,1000,1000,1000,1000,1000,1000,1000,1000,1000,1000,1000,1000
1000,1000,1000,1000,1000,1000,1000,1000,1000,1000,1000,1000,1000,1000,1000,1000,1000,1000,1000,1000,1000,1000,1000,1000,1000,1000,1000,1000,1000,1000,1000,1000,1000,1000,1000,1000,1000,1000,1000,1000,1000,1000,1000,1000,1000,1000,1000,1000,1000,1000,1000,1000,1000,1000,1000,1000,1000,1000,1000,1000,1000,1000,1000,1000,1000,1000,1000,1000,1000,1000,1000,1000,1000,1000,1000,1000,1000,1000,1000,1000,1000,1000,1000,1000,1000,1000,1000,1000,1000,1000,1000,1000,1000,1000,1000,1000,1000,1000,1203.719,1000,1207.489,1211.381,1000,1000,1000,1000,1000,1225.246,1230.111,1000,1000,1000,1000,1000,1000,1000,1000,1000,1000,1000,1000,1000,1000,1000,1000,1000,1000,1000,1000,1000,1000,1000,1000,1000,1000,1000,1000,1000,1000,1000,1000,1000,1000,1000,1000,1211.351,1000,1000,1000,1000,1000,1277.787,1289.463,1293.842,1295.301,1301.139,1306.977,1311.842,1313.788,1325.95,1327.896,1223.863,1224.167,1224.722,1225.885,1000,1000,1000,1000,1000,1000,1000,1000,1000,1242.517,1245.922,1249.328,1245.557,1000,1000,1000,1000,1000,1000,1000,1000,1000,1000,1000,1000,1000,1000,1000,1000,1000,1000,1000,1000,1000,1000,1000,1000,1000,1000,1000,1000,1000,1249.875,1000,1252.976,1000,1000,1000,1000,1000,1000,1000,1000,1000,1000,1000,1000,1000,1000,1000,1000,1000,1000,1000,1000,1000,1000,1000,1000,1000,1000,1000,1000,1000,1000,1343.95,1000,1000,1349.788,1000,1000,1000,1000,1000,1345.896,1000,1000,1000,1000,1000,1000,1000,1000,1335.193,1339.085,1347.842,1346.869,1357.086,1254.998,1000,1000,1000,1000,1000,1000,1000,1000,1000,1361.951,1363.896,1357.086,1255.34,1000,1000,1000,1000,1255.796,1255.796,1256.29,1000,1255.621,1255.515,1255.675,1255.735,1255.675,1255.918,1256.914,1000,1000,1257.568,1257.568,1257.339,1000,1257.02,1256.29,1256.207,1256.45,1257.02,1256.541,1256.541,1256.823,1257.127,1256.716,1257.339,1258.054,1257.568,1257.339,1257.127,1257.689,1000,1000,1000,1143.379,1144.093,1144.397,1145.37,1144.701,1145.37,1145.735,1000,1000,1000,1000,1000,1146.313,1146.1,1000,1000,1000,1000,1000,1000,1000,1000,1000,1000,1168.326,1182.192,1192.894,1194.111,1200.435,1195.57,1000,1000,1000,1000,1000,1000,1000,1000,1000,1142.314,1141.106,1140.49,1140.452,1140.224,1140.338,1140.49,1140.414,1140.338,1000,1000,1257.811,1257.689,1257.233,1256.716,1256.207,1256.131,1255.675,1255.796,1255.568,1255.986,1255.675,1255.568,1255.796,1255.986,1255.986,1256.131,1256.716,1256.823,1256.823,1000,1000,1257.932,1000,1255.986,1255.515,1255.15,1361.951,1255.112,1359.032,1354.167,1000,1348.815,1347.842,1356.113,1357.086,1359.032,1358.059,1361.951,1347.842,1339.085,1334.22,1327.41,1324.977,1330.328,1327.41,1333.248,1333.248,1336.167,1329.356,1337.139,1329.356,1328.383,1324.004,1322.058,1318.653,1322.058,1317.193,1313.788,1312.328,1311.355,1304.058,1306.49,1306.004,1303.571,1294.085,1294.085,1290.679,1286.301,1288.733,1287.517,1290.193,1000,1294.085,1290.193,1291.409,1285.085,1279.49,1277.301,1276.328,1274.625,1271.463,1272.922,1268.544,1268.057,1267.206,1268.057,1269.031,1268.544,1264.409,1265.747,1262.706,1259.909,1259.909,1259.179,1258.449,1258.084,1259.544,1259.179,1259.179,1257.355,1256.26,1253.949,1253.28,1254.192,1252.672,1249.875,1250.969,1248.111,1246.348,1247.199,1250.665,1250.118,1250.422,1250.422,1247.442,1000,1000,1000,1000,1000,1000,1000,1000,1000,1000,1000,1000,1188.029,1185.232,1186.448,1187.543,1191.739,1191.739,1192.955,1192.955,1194.232,1194.597,1198.489,1202.016,1206.395,1213.327,1224.76,1243.733,1269.031,1000,1000,1000,1000,1000,1000,1000,1288.004,1277.058,1270.733,1268.057,1269.517,1263.922,1268.787,1267.084,1268.057,1265.139,1260.76,1258.571,1258.084,1252.49,1250.665,1254.922,1247.625,1244.341,1242.152,1241.422,1236.253,1000,1000,1000,1000,1000,1000,1000,1000,1000,1000,1000,1000,1000,1000,1000,1000,1000,1000,1000,1000,1000,1000,1000,1000,1000,1000,1000,1000,1000,1000,1000,1000,1000,1000,1000,1000,1000,1000,1000,1000,1000,1000,1000,1000,1000,1000,1000,1000,1000,1000,1000,1000,1000,1000,1000,1000,1000,1000,1000,1000,1000,1000,1000,1000,1000,1000,1000,1000,1000,1000,1000,1000,1000,1000,1000,1000,1000,1000,1000,1000,1000,1000,1000,1000,1000,1000,1000,1000,1000,1000,1000,1000,1000,1000,1000,1000,1000,1000,1000,1000,1000
1000,1000,1000,1000,1000,1000,1000,1000,1000,1000,1000,1000,1000,1000,1000,1000,1000,1000,1000,1000,1000,1000,1000,1000,1000,1000,1000,1000,1000,1000,1000,1000,1000,1000,1000,1000,1000,1000,1000,1000,1000,1000,1000,1000,1000,1000,1000,1000,1000,1000,1000,1000,1000,1000,1000,1000,1000,1000,1000,1000,1000,1000,1000,1000,1000,1000,1000,1000,1000,1000,1000,1000,1000,1000,1000,1000,1000,1000,1000,1000,1000,1000,1000,1000,1000,1000,1000,1000,1000,1000,1000,1000,1000,1000,1000,1000,1000,1000,1203.962,1206.881,1206.881,1209.922,1000,1000,1000,1000,1224.273,1225.246,1231.084,1000,1242.76,1000,1000,1000,1000,1000,1000,1000,1000,1000,1288.49,1000,1000,1000,1000,1000,1000,1000,1000,1000,1000,1000,1000,1000,1000,1000,1000,1000,1000,1000,1000,1000,1000,1000,1000,1000,1000,1000,1000,1000,1000,1000,1276.328,1286.058,1284.112,1296.274,1303.085,1315.734,1315.734,1332.761,1331.788,1224.091,1224.167,1224.782,1000,1000,1000,1000,1000,1000,1000,1000,1000,1000,1242.152,1245.192,1247.138,1000,1000,1000,1000,1000,1000,1000,1000,1000,1000,1000,1000,1000,1000,1000,1309.409,1000,1000,1000,1000,1000,1000,1000,1000,1000,1000,1000,1000,1000,1000,1000,1000,1000,1000,1000,1000,1000,1000,1000,1000,1000,1000,1000,1000,1000,1000,1000,1000,1000,1000,1000,1000,1000,1000,1000,1000,1000,1000,1000,1000,1000,1000,1000,1300.652,1290.679,1294.815,1300.652,1295.544,1290.193,1000,1303.571,1000,1000,1307.463,1299.193,1302.599,1307.463,1000,1000,1313.788,1000,1307.95,1312.815,1319.626,1320.599,1328.383,1333.248,1000,1000,1000,1000,1334.22,1327.41,1000,1000,1000,1325.95,1327.41,1323.031,1000,1000,1000,1000,1000,1344.923,1343.95,1355.14,1355.14,1343.95,1346.869,1349.788,1352.221,1349.788,1357.086,1359.032,1000,1000,1000,1254.922,1255.074,1254.998,1255.074,1362.924,1362.924,1363.896,1254.998,1362.924,1254.96,1255.15,1255.226,1255.074,1255.264,1255.302,1255.15,1255.112,1254.96,1000,1000,1000,1000,1142.101,1143.515,1143.789,1144.701,1144.701,1144.549,1145.735,1145.218,1144.245,1143.941,1144.245,1143.515,1143.515,1144.245,1000,1000,1000,1000,1000,1000,1000,1000,1000,1000,1000,1182.678,1192.894,1192.894,1197.03,1000,1000,1000,1000,1000,1000,1000,1000,1000,1000,1000,1141.174,1000,1140.528,1140.376,1140.376,1140.262,1252.003,1246.165,1000,1255.264,1255.074,1255.074,1359.032,1356.113,1348.815,1347.842,1342.977,1345.896,1347.842,1357.086,1355.14,1353.194,1357.086,1254.922,1362.924,1255.036,1255.424,1255.515,1255.302,1255.264,1000,1000,1000,1000,1000,1330.328,1329.356,1336.167,1000,1321.572,1312.815,1316.22,1320.599,1325.95,1329.356,1329.356,1325.95,1323.031,1317.193,1311.355,1309.896,1306.004,1304.058,1306.49,1299.193,1302.599,1306.49,1307.463,1302.112,1307.463,1299.68,1293.355,1292.139,1288.733,1290.679,1293.355,1293.355,1291.409,1290.193,1286.301,1280.22,1280.22,1277.301,1276.814,1000,1000,1000,1000,1268.544,1269.031,1271.463,1000,1270.976,1268.544,1267.206,1264.895,1262.341,1260.274,1258.449,1259.544,1257.355,1256.99,1254.922,1254.922,1252.368,1253.584,1253.28,1253.584,1251.821,1252.672,1249.875,1250.665,1249.632,1249.084,1249.328,1250.118,1249.875,1250.665,1250.665,1248.111,1246.165,1244.28,1244.28,1243.946,1243.186,1242.243,1243.034,1241.148,1240.799,1241.452,1242.486,1242,1242.76,1242.76,1241.255,1239.811,1000,1000,1000,1000,1000,1000,1000,1000,1000,1000,1000,1188.029,1184.654,1186.448,1186.023,1188.273,1188.759,1190.097,1190.644,1192.043,1193.259,1195.935,1197.759,1201.165,1209.192,1219.165,1234.49,1252.49,1000,1000,1252.003,1261.733,1268.057,1000,1000,1000,1256.382,1251.638,1251.638,1252.49,1250.665,1253.949,1251.152,1252.003,1247.138,1243.976,1242.881,1000,1239.963,1238.381,1239.963,1236.253,1234.307,1234.854,1235.402,1232.543,1000,1000,1000,1000,1000,1000,1000,1000,1000,1000,1000,1000,1000,1000,1000,1000,1000,1000,1000,1000,1000,1000,1000,1000,1000,1000,1000,1000,1000,1000,1000,1000,1000,1000,1000,1000,1000,1000,1000,1000,1000,1000,1000,1000,1000,1000,1000,1000,1000,1000,1000,1000,1000,1000,1000,1000,1000,1000,1000,1000,1000,1000,1000,1000,1000,1000,1000,1000,1000,1000,1000,1000,1000,1000,1000,1000,1000,1000,1000,1000,1000,1000,1000,1000,1000,1000,1000,1000,1000,1000,1000,1000,1000,1000,1000,1000,1000,1000,1000,1000,1000
1000,1000,1000,1000,1000,1000,1000,1000,1000,1000,1000,1000,1000,1000,1000,1000,1000,1000,1000,1000,1000,1000,1000,1000,1000,1000,1000,1000,1000,1000,1000,1000,1000,1000,1000,1000,1000,1000,1000,1000,1000,1000,1000,1000,1000,1000,1000,1000,1000,1000,1000,1000,1000,1000,1000,1000,1000,1000,1000,1000,1000,1000,1000,1000,1000,1000,1000,1000,1000,1000,1000,1000,1000,1000,1000,1000,1000,1000,1000,1000,1000,1000,1000,1000,1000,1000,1000,1000,1000,1000,1000,1000,1000,1000,1000,1000,1000,1000,1201.408,1203.719,1205.117,1208.462,1208.219,1000,1000,1000,1224.76,1000,1231.814,1000,1000,1000,1000,1000,1000,1000,1000,1000,1000,1000,1000,1000,1000,1000,1000,1000,1000,1000,1000,1000,1000,1000,1000,1000,1000,1000,1000,1000,1000,1000,1000,1000,1000,1000,1000,1000,1000,1000,1000,1000,1000,1000,1000,1282.652,1279.247,1000,1296.274,1309.896,1312.815,1329.842,1324.977,1223.863,1223.787,1224.167,1224.205,1000,1000,1000,1000,1000,1000,1000,1000,1000,1000,1000,1000,1000,1000,1000,1000,1000,1000,1000,1000,1000,1000,1000,1000,1000,1000,1000,1000,1000,1000,1000,1000,1000,1000,1000,1000,1000,1000,1000,1000,1000,1000,1000,1000,1000,1000,1000,1000,1000,1000,1000,1000,1000,1000,1000,1000,1000,1000,1000,1000,1000,1000,1000,1000,1000,1000,1000,1000,1000,1000,1000,1000,1000,1000,1273.652,1276.814,1271.463,1270.003,1273.652,1271.949,1270.003,1000,1000,1000,1279.49,1283.139,1279.004,1286.301,1288.733,1290.679,1288.004,1294.815,1286.301,1286.301,1293.355,1297.734,1297.004,1301.139,1303.571,1296.274,1298.22,1000,1299.193,1300.652,1299.193,1297.004,1296.274,1294.815,1295.544,1297.004,1292.139,1000,1000,1000,1000,1000,1301.139,1303.571,1311.355,1314.761,1315.247,1317.193,1317.68,1322.058,1324.004,1326.437,1326.437,1328.383,1000,1325.95,1326.437,1333.248,1333.248,1337.139,1329.356,1329.356,1329.356,1329.356,1325.95,1328.383,1331.302,1334.22,1331.302,1339.085,1339.085,1340.058,1339.085,1338.112,1000,1000,1000,1140.3,1141.638,1143.12,1143.242,1143.789,1144.397,1144.093,1145.37,1145.036,1144.549,1144.397,1144.701,1144.245,1145.036,1147.286,1150.387,1154.705,1158.11,1000,1000,1000,1000,1000,1000,1000,1000,1174.408,1183.408,1183.894,1000,1000,1000,1000,1000,1147.286,1000,1000,1000,1000,1000,1000,1000,1000,1000,1140.862,1140.756,1140.338,1246.165,1233.03,1000,1341.031,1333.248,1337.139,1329.356,1325.95,1319.626,1320.599,1312.328,1315.247,1315.247,1320.599,1315.247,1314.761,1313.788,1322.058,1323.031,1326.437,1338.112,1345.896,1340.058,1341.031,1000,1335.193,1299.193,1302.599,1298.22,1302.599,1302.599,1311.355,1306.49,1301.139,1292.625,1296.274,1298.22,1302.599,1302.599,1301.139,1296.274,1290.679,1281.922,1280.706,1279.49,1278.517,1277.301,1281.922,1274.625,1280.22,1281.436,1283.139,1276.328,1280.22,1274.139,1270.49,1268.544,1267.206,1269.517,1268.544,1270.003,1269.517,1270.976,1265.747,1264.409,1262.341,1259.909,1259.909,1000,1000,1000,1255.53,1254.192,1254.557,1000,1000,1000,1253.584,1252.368,1251.821,1251.821,1250.665,1249.875,1250.118,1248.841,1247.625,1246.348,1245.922,1244.797,1246.165,1245.74,1245.344,1244.098,1243.642,1242.121,1242.623,1243.034,1243.186,1243.642,1243.946,1243.338,1242.76,1242.365,1241.148,1240.563,1240.168,1240.419,1240.35,1240.054,1239.856,1240.054,1347.356,1342.491,1239.354,1239.506,1345.41,1239.506,1239.392,1337.626,1317.68,1000,1000,1000,1000,1000,1000,1000,1000,1000,1000,1000,1190.644,1187.543,1187.117,1186.023,1186.874,1187.786,1188.759,1189.002,1190.34,1191.739,1193.259,1193.867,1198.854,1207.246,1216.976,1233.03,1247.138,1000,1000,1240.327,1243.976,1245.922,1243.976,1245.192,1245.192,1241.787,1241.057,1242.881,1242.881,1241.422,1242.881,1000,1237.713,1234.307,1232.3,1231.388,1233.516,1230.78,1229.989,1230.172,1228.53,1227.329,1226.675,1000,1000,1000,1000,1000,1000,1000,1000,1000,1000,1000,1000,1000,1000,1000,1000,1000,1000,1000,1000,1000,1000,1000,1000,1000,1000,1000,1000,1000,1000,1000,1000,1000,1000,1000,1000,1000,1000,1000,1000,1000,1000,1000,1000,1000,1000,1000,1000,1000,1000,1000,1000,1000,1000,1000,1000,1000,1000,1000,1000,1000,1000,1000,1000,1000,1000,1000,1000,1000,1000,1000,1000,1000,1000,1000,1000,1000,1000,1000,1000,1000,1000,1000,1000,1000,1000,1000,1000,1000,1000,1000,1000,1000,1000,1000,1000,1000,1000,1000,1000,1000,1000,1000
1000,1000,1000,1000,1000,1000,1000,1000,1000,1000,1000,1000,1000,1000,1000,1000,1000,1000,1000,1000,1000,1000,1000,1000,1000,1000,1000,1000,1000,1000,1000,1000,1000,1000,1000,1000,1000,1000,1000,1000,1000,1000,1000,1000,1000,1000,1000,1000,1000,1000,1000,1000,1000,1000,1000,1000,1000,1000,1000,1000,1000,1000,1000,1000,1000,1000,1000,1000,1000,1000,1000,1000,1000,1000,1000,1000,1000,1000,1000,1000,1000,1000,1000,1000,1000,1000,1000,1000,1000,1000,1000,1000,1000,1000,1000,1000,1000,1199.462,1201.895,1205.117,1207.854,1209.192,1000,1209.922,1000,1000,1000,1217.341,1000,1000,1000,1000,1000,1000,1000,1000,1000,1000,1000,1000,1000,1000,1000,1000,1000,1000,1000,1000,1000,1000,1000,1000,1000,1000,1000,1000,1000,1000,1000,1000,1000,1000,1000,1000,1000,1000,1000,1000,1000,1000,1000,1000,1000,1000,1000,1000,1000,1000,1305.031,1314.761,1316.707,1324.004,1319.626,1329.842,1332.761,1000,1000,1000,1000,1000,1000,1000,1000,1000,1000,1000,1000,1000,1000,1000,1000,1000,1000,1000,1000,1000,1000,1000,1000,1000,1000,1000,1000,1000,1000,1000,1000,1000,1000,1000,1000,1000,1000,1240.799,1000,1000,1000,1000,1000,1000,1000,1000,1000,1000,1000,1000,1000,1000,1000,1000,1000,1000,1000,1000,1000,1000,1000,1000,1000,1000,1000,1000,1000,1000,1000,1000,1000,1000,1000,1257.355,1258.449,1256.625,1254.557,1257.355,1257.719,1258.449,1261.976,1264.409,1263.193,1264.895,1266.233,1264.409,1266.233,1270.003,1268.057,1267.571,1275.112,1272.922,1271.949,1278.517,1282.652,1277.301,1279.004,1279.49,1276.328,1277.301,1274.625,1277.787,1000,1000,1273.652,1275.598,1273.652,1274.625,1273.652,1270.976,1275.598,1000,1000,1279.49,1284.355,1281.922,1280.22,1281.922,1283.625,1286.301,1289.463,1292.625,1296.274,1297.004,1297.004,1293.355,1294.085,1287.517,1295.544,1299.193,1304.058,1306.49,1310.382,1305.031,1303.571,1304.058,1300.652,1298.22,1299.193,1302.112,1302.599,1306.49,1314.761,1317.68,1320.599,1323.031,1000,1000,1000,1235.949,1140.414,1141.478,1142.634,1142.877,1143.379,1144.701,1144.853,1145.735,1144.853,1144.093,1144.245,1144.549,1144.853,1146.1,1149.84,1151.968,1156.651,1159.934,1000,1000,1000,1000,1000,1000,1000,1000,1164.313,1165.164,1165.164,1000,1000,1000,1000,1000,1146.495,1147.955,1150.083,1154.705,1153.124,1000,1000,1000,1000,1000,1141.174,1140.923,1140.3,1242.273,1228.165,1000,1320.599,1304.058,1310.382,1305.031,1299.193,1294.815,1297.734,1289.463,1290.679,1292.625,1296.274,1291.409,1291.409,1291.409,1298.22,1294.815,1300.652,1306.004,1309.896,1302.599,1304.058,1000,1000,1273.652,1277.787,1276.814,1279.004,1277.301,1282.652,1277.787,1277.301,1271.463,1275.598,1277.301,1277.787,1277.787,1275.598,1271.463,1268.057,1261.976,1261.49,1260.76,1262.706,1259.909,1264.895,1000,1000,1260.76,1265.747,1260.76,1264.044,1260.274,1257.719,1000,1000,1255.895,1255.895,1256.99,1258.814,1257.719,1254.922,1252.976,1252.976,1249.875,1249.875,1000,1000,1245.557,1245.557,1000,1000,1000,1000,1000,1000,1243.49,1244.28,1243.49,1243.49,1243.034,1243.186,1242.623,1242.623,1241.772,1241.452,1240.882,1241.665,1241.559,1241.255,1240.563,1240.419,1239.658,1239.697,1239.947,1240.229,1240.419,1240.419,1240.229,1239.811,1239.506,1346.383,1345.41,1339.572,1343.464,1000,1342.491,1332.275,1333.248,1321.572,1317.68,1317.68,1324.491,1314.761,1317.68,1317.68,1306.49,1282.652,1000,1000,1000,1000,1000,1000,1000,1000,1000,1000,1000,1189.307,1187.786,1185.415,1185.232,1186.023,1186.631,1186.631,1187.786,1188.273,1189.307,1190.644,1192.347,1197.759,1207.246,1219.895,1232.3,1245.679,1000,1000,1000,1232.3,1232.543,1231.875,1233.03,1234.55,1232.3,1232.057,1233.516,1234.064,1232.543,1233.273,1230.598,1229.047,1227.055,1226.797,1226.797,1227.329,1226.31,1225.581,1225.231,1224.661,1000,1000,1000,1000,1000,1000,1000,1000,1000,1000,1000,1000,1000,1000,1000,1174.408,1176.84,1180.975,1000,1180.002,1000,1000,1000,1000,1000,1000,1000,1000,1000,1000,1000,1000,1000,1000,1000,1000,1000,1000,1000,1000,1000,1000,1000,1000,1000,1000,1000,1000,1000,1000,1000,1000,1000,1000,1000,1000,1000,1000,1000,1000,1000,1000,1000,1000,1000,1000,1000,1000,1000,1000,1000,1000,1000,1000,1000,1000,1000,1000,1000,1000,1000,1000,1000,1000,1000,1000,1000,1000,1000,1000,1000,1000,1000,1000,1000,1000,1000,1000,1000,1000,1000,1000,1000,1000,1000
1000,1000,1000,1000,1000,1000,1000,1000,1000,1000,1000,1000,1000,1000,1000,1000,1000,1000,1000,1000,1000,1000,1000,1000,1000,1000,1000,1000,1000,1000,1000,1000,1000,1000,1000,1000,1000,1000,1000,1000,1000,1000,1000,1000,1000,1000,1000,1000,1000,1000,1000,1000,1000,1000,1000,1000,1000,1000,1000,1000,1000,1000,1000,1000,1000,1000,1000,1000,1000,1000,1000,1000,1000,1000,1000,1000,1000,1000,1000,1000,1000,1000,1000,1000,1000,1000,1000,1000,1000,1000,1000,1000,1000,1000,1000,1000,1000,1000,1200.739,1202.381,1205.361,1205.969,1207.854,1000,1000,1000,1208.827,1000,1219.53,1000,1242.76,1000,1000,1000,1000,1000,1000,1000,1000,1000,1000,1000,1000,1000,1000,1000,1000,1000,1000,1000,1000,1000,1000,1000,1000,1000,1000,1000,1000,1000,1000,1000,1000,1000,1000,1000,1000,1000,1000,1000,1000,1000,1000,1000,1000,1000,1000,1000,1308.923,1316.707,1319.626,1322.058,1324.977,1325.95,1327.896,1000,1000,1000,1000,1000,1000,1000,1000,1000,1000,1000,1000,1000,1000,1000,1000,1000,1000,1000,1000,1000,1000,1000,1000,1000,1000,1000,1000,1000,1000,1000,1000,1000,1000,1000,1000,1000,1000,1000,1000,1000,1000,1000,1000,1000,1000,1000,1000,1000,1000,1000,1000,1000,1000,1000,1000,1000,1000,1000,1000,1000,1000,1000,1000,1000,1000,1000,1000,1000,1000,1000,1246.165,1248.598,1247.625,1248.111,1249.084,1249.328,1248.598,1249.875,1250.422,1251.517,1253.949,1255.895,1255.895,1255.165,1254.192,1252.976,1252.672,1254.192,1253.949,1252.976,1258.449,1258.084,1258.449,1263.557,1268.057,1263.193,1262.341,1000,1258.814,1258.814,1259.544,1262.341,1260.274,1000,1259.909,1000,1260.274,1263.557,1263.557,1260.76,1265.382,1266.233,1265.747,1264.895,1268.544,1267.571,1265.382,1264.895,1265.382,1266.72,1267.206,1270.49,1275.598,1277.787,1275.598,1273.652,1276.328,1272.436,1278.517,1285.085,1288.733,1290.679,1292.625,1286.301,1285.571,1286.787,1284.355,1283.139,1287.517,1000,1291.409,1294.815,1305.031,1000,1318.653,1000,1000,1000,1226.219,1247.138,1140.862,1141.638,1142.527,1142.634,1143.12,1144.245,1144.245,1144.245,1144.093,1143.12,1000,1146.1,1147.286,1148.38,1151.725,1000,1000,1000,1000,1000,1000,1000,1000,1191.678,1000,1000,1000,1000,1000,1000,1000,1000,1000,1142.755,1145.735,1147.711,1149.11,1152.82,1151.725,1000,1000,1000,1144.701,1000,1142.208,1141.395,1140.756,1251.03,1234.976,1000,1311.355,1287.517,1290.679,1286.787,1280.706,1277.787,1279.004,1273.652,1271.463,1275.112,1278.517,1277.787,1280.22,1280.22,1283.139,1281.436,1283.625,1286.301,1292.139,1000,1283.625,1000,1262.341,1259.909,1260.274,1260.274,1263.193,1261.49,1263.193,1260.274,1261.49,1259.179,1262.706,1261.976,1260.76,1260.274,1256.99,1256.625,1254.922,1252.672,1251.517,1251.821,1251.213,1249.328,1250.969,1247.442,1000,1248.354,1249.084,1247.442,1248.841,1247.625,1246.348,1245.557,1247.442,1247.199,1246.53,1246.773,1247.442,1245.557,1244.463,1243.49,1243.794,1242.121,1241.559,1241.665,1241.559,1240.799,1241.346,1240.974,1240.723,1000,1000,1239.856,1240.107,1240.168,1240.495,1240.107,1240.229,1239.856,1239.734,1239.734,1239.772,1239.43,1239.544,1239.506,1239.734,1239.468,1239.392,1338.599,1331.302,1318.653,1321.572,1326.437,1329.356,1330.328,1330.328,1331.302,1318.653,1314.761,1313.788,1313.788,1310.382,1318.653,1316.707,1311.842,1306.49,1302.112,1289.463,1288.49,1285.571,1283.625,1281.436,1289.463,1287.031,1281.436,1000,1000,1000,1233.03,1221.111,1205.057,1204.57,1203.232,1000,1000,1000,1000,1185.415,1185.84,1184.29,1184.137,1184.654,1185.597,1185.597,1186.448,1186.023,1186.874,1188.029,1190.34,1194.232,1206.395,1217.462,1229.138,1237.408,1000,1000,1000,1226.31,1226.675,1225.885,1227.192,1227.618,1226.797,1225.991,1226.918,1225.885,1225.406,1225.687,1225.155,1000,1224.288,1224.38,1224.091,1224.205,1224.129,1223.939,1000,1000,1000,1000,1000,1000,1000,1000,1000,1000,1000,1000,1000,1000,1000,1000,1179.151,1176.84,1175.989,1178.178,1181.462,1177.813,1174.408,1173.921,1000,1000,1000,1000,1000,1000,1000,1000,1000,1000,1000,1000,1000,1000,1000,1000,1000,1000,1000,1000,1000,1000,1000,1000,1000,1000,1000,1000,1000,1000,1000,1000,1000,1000,1000,1000,1000,1000,1000,1000,1000,1000,1000,1000,1000,1000,1000,1000,1000,1000,1000,1000,1000,1000,1000,1000,1000,1000,1000,1000,1000,1000,1000,1000,1000,1000,1000,1000,1000,1000,1000,1000,1000,1000,1000,1000,1000,1000,1000,1000,1000,1000,1000
1000,1000,1000,1000,1000,1000,1000,1000,1000,1000,1000,1000,1000,1000,1000,1000,1000,1000,1000,1000,1000,1000,1000,1000,1000,1000,1000,1000,1000,1000,1000,1000,1000,1000,1000,1000,1000,1000,1000,1000,1000,1000,1000,1000,1000,1000,1000,1000,1000,1000,1000,1000,1000,1000,1000,1000,1000,1000,1000,1000,1000,1000,1000,1000,1000,1000,1000,1000,1000,1000,1000,1000,1000,1000,1000,1000,1000,1000,1000,1000,1000,1000,1000,1000,1000,1000,1000,1000,1000,1000,1000,1000,1000,1000,1000,1000,1000,1000,1199.219,1201.408,1203.962,1205.969,1208.462,1000,1000,1000,1000,1000,1000,1000,1239.598,1000,1000,1000,1000,1000,1000,1000,1000,1000,1000,1000,1000,1000,1000,1000,1000,1000,1000,1000,1000,1000,1000,1000,1000,1000,1000,1000,1000,1000,1000,1000,1000,1000,1000,1000,1000,1000,1000,1000,1000,1000,1000,1000,1000,1000,1000,1000,1000,1314.761,1324.977,1329.842,1332.761,1000,1000,1000,1000,1000,1000,1000,1000,1000,1000,1000,1000,1000,1000,1000,1000,1000,1000,1000,1000,1000,1000,1000,1000,1000,1000,1000,1000,1000,1000,1000,1000,1000,1000,1000,1000,1000,1000,1000,1000,1000,1000,1000,1000,1000,1000,1000,1000,1000,1000,1239.544,1239.734,1240,1000,1000,1000,1000,1000,1000,1000,1000,1000,1000,1000,1239.506,1239.697,1348.329,1239.468,1346.383,1000,1000,1000,1240,1240.639,1241.452,1241.665,1241.148,1241.878,1000,1242.243,1242.121,1243.186,1243.946,1245.344,1245.557,1246.773,1245.74,1244.797,1244.797,1244.797,1244.463,1244.615,1244.463,1245.74,1246.956,1247.199,1000,1252.368,1250.118,1249.632,1248.598,1248.354,1248.111,1248.841,1249.084,1248.354,1248.841,1248.841,1249.084,1250.118,1252.064,1252.064,1250.118,1252.672,1252.064,1253.28,1252.064,1255.165,1254.922,1255.53,1255.53,1257.719,1257.719,1258.449,1259.544,1261.976,1261.49,1258.814,1258.084,1259.179,1257.355,1261.976,1268.544,1272.436,1274.139,1276.814,1272.922,1275.112,1276.328,1273.652,1275.598,1281.436,1000,1288.004,1294.815,1303.571,1000,1000,1000,1233.03,1235.949,1245.192,1140.414,1141.25,1141.813,1142.998,1143.12,1143.789,1146.313,1145.735,1000,1147.529,1000,1000,1000,1000,1000,1000,1000,1000,1000,1000,1000,1000,1000,1000,1000,1000,1000,1000,1000,1000,1000,1000,1000,1000,1000,1141.638,1144.397,1145.552,1149.597,1149.353,1000,1000,1000,1000,1000,1143.515,1141.813,1140.612,1251.03,1229.138,1000,1305.031,1282.652,1279.49,1275.112,1269.031,1264.409,1264.895,1261.125,1258.449,1259.179,1261.49,1261.125,1263.193,1262.706,1264.409,1000,1000,1000,1000,1000,1254.192,1251.821,1248.354,1249.632,1250.422,1250.969,1250.665,1249.084,1248.354,1246.956,1247.868,1247.625,1249.328,1249.632,1249.084,1248.598,1000,1248.354,1247.625,1246.53,1245.162,1244.28,1242.623,1242.623,1243.946,1242.897,1243.338,1244.098,1242.897,1241.772,1242.243,1242.121,1241.057,1241.057,1242.121,1241.878,1240.799,1241.255,1241.148,1240.419,1240,1240.054,1239.811,1239.506,1347.356,1239.544,1239.392,1343.464,1348.329,1348.329,1339.572,1000,1000,1000,1000,1327.41,1336.653,1333.248,1340.545,1331.302,1328.383,1332.275,1329.356,1320.599,1323.518,1324.491,1323.518,1326.437,1321.572,1316.707,1306.004,1298.22,1294.328,1298.22,1298.22,1299.193,1294.328,1299.193,1288.49,1288.004,1287.031,1289.463,1285.571,1292.382,1288.004,1286.544,1281.436,1276.571,1264.652,1267.084,1260.76,1258.571,1259.057,1267.084,1262.949,1259.544,1000,1000,1000,1221.597,1211.138,1201.651,1199.219,1199.948,1193.867,1000,1000,1000,1183.469,1184.29,1183.469,1183.469,1183.621,1184.654,1184.837,1185.597,1185.597,1187.117,1188.759,1191.192,1193.259,1204.57,1216.003,1224.03,1000,1000,1000,1224.288,1223.977,1223.977,1331.788,1224.053,1224.129,1224.205,1223.939,1224.091,1330.815,1332.761,1332.761,1000,1000,1000,1322.058,1313.788,1315.734,1311.842,1308.923,1000,1000,1000,1000,1000,1000,1000,1000,1000,1000,1000,1000,1000,1000,1000,1000,1184.381,1180.002,1176.84,1176.84,1176.84,1172.34,1168.691,1166.989,1000,1000,1000,1000,1000,1000,1000,1000,1000,1000,1000,1000,1000,1000,1000,1000,1000,1000,1000,1000,1000,1000,1000,1000,1000,1000,1000,1000,1000,1000,1000,1000,1000,1000,1000,1000,1000,1000,1000,1000,1000,1000,1000,1000,1000,1000,1000,1000,1000,1000,1000,1000,1000,1000,1000,1000,1000,1000,1000,1000,1000,1000,1000,1000,1000,1000,1000,1000,1000,1000,1000,1000,1000,1000,1000,1000,1000,1000,1000,1000,1000,1000,1000
1000,1000,1000,1000,1000,1000,1000,1000,1000,1000,1000,1000,1000,1000,1000,1000,1000,1000,1000,1000,1000,1000,1000,1000,1000,1000,1000,1000,1000,1000,1000,1000,1000,1000,1000,1000,1000,1000,1000,1000,1000,1000,1000,1000,1000,1000,1000,1000,1000,1000,1000,1000,1000,1000,1000,1000,1000,1000,1000,1000,1000,1000,1000,1000,1000,1000,1000,1000,1000,1000,1000,1000,1000,1000,1000,1000,1000,1000,1000,1000,1000,1000,1000,1000,1000,1000,1000,1000,1000,1000,1000,1000,1000,1000,1000,1000,1000,1000,1201.408,1203.172,1205.117,1206.577,1208.462,1000,1000,1000,1000,1000,1000,1000,1232.3,1000,1000,1000,1000,1000,1000,1000,1000,1000,1000,1000,1000,1000,1000,1000,1000,1000,1000,1000,1000,1000,1000,1000,1000,1000,1000,1000,1000,1000,1000,1000,1000,1000,1000,1000,1000,1000,1000,1000,1000,1000,1000,1000,1000,1000,1000,1000,1000,1000,1316.707,1321.085,1324.977,1000,1332.761,1000,1224.539,1225.231,1000,1000,1000,1000,1000,1000,1000,1000,1000,1000,1000,1000,1000,1000,1000,1000,1000,1000,1000,1000,1000,1000,1000,1000,1000,1000,1000,1000,1000,1000,1000,1000,1000,1000,1000,1000,1000,1000,1000,1000,1000,1000,1000,1000,1000,1000,1000,1315.734,1000,1000,1000,1000,1000,1000,1000,1000,1000,1000,1000,1321.572,1325.464,1321.572,1326.437,1323.518,1318.653,1317.68,1326.437,1326.437,1338.599,1346.383,1239.392,1239.354,1000,1000,1000,1000,1000,1000,1240.639,1000,1241.057,1240.639,1240.882,1240.882,1240.974,1240.563,1240.882,1240.563,1240.639,1241.772,1242.243,1000,1244.797,1243.642,1243.794,1242.897,1243.034,1242.365,1242.486,1242,1241.665,1241.452,1242.121,1242.243,1243.186,1244.098,1244.797,1243.338,1244.28,1243.794,1244.979,1244.28,1246.165,1246.956,1246.773,1246.165,1247.199,1246.956,1246.165,1247.625,1249.328,1250.665,1248.841,1249.328,1000,1251.213,1255.165,1261.49,1266.233,1269.031,1270.003,1000,1270.003,1000,1268.544,1000,1000,1000,1000,1000,1000,1000,1000,1251.03,1140.612,1141.478,1141.638,1142.527,1142.527,1142.755,1143.12,1142.998,1143.652,1145.552,1144.245,1000,1000,1000,1000,1000,1000,1000,1000,1000,1000,1000,1000,1000,1000,1000,1171.732,1000,1206.273,1000,1000,1000,1000,1000,1000,1000,1000,1000,1000,1141.813,1142.755,1145.552,1000,1000,1000,1000,1000,1000,1145.735,1143.941,1142.101,1141.478,1000,1000,1000,1281.436,1270.976,1266.233,1261.49,1256.26,1254.557,1252.368,1249.632,1249.328,1250.422,1249.632,1252.672,1252.064,1253.28,1000,1000,1000,1000,1000,1242.486,1242.76,1244.098,1245.557,1246.53,1246.773,1244.979,1243.338,1242.76,1242,1241.772,1241.772,1242.121,1241.772,1242.121,1242.243,1242.365,1242.76,1243.034,1241.772,1241.057,1240.563,1239.811,1239.734,1240.107,1239.902,1239.902,1240.563,1240.107,1239.697,1239.658,1239.544,1340.545,1340.545,1239.354,1239.392,1346.383,1239.354,1239.354,1337.626,1331.302,1329.356,1325.464,1317.68,1313.788,1319.626,1314.761,1309.409,1312.815,1311.842,1301.625,1000,1286.544,1280.706,1280.706,1294.815,1303.085,1301.625,1306.49,1299.68,1290.436,1292.382,1293.355,1288.49,1290.923,1294.815,1293.355,1296.76,1292.382,1286.544,1279.247,1276.571,1270.003,1270.733,1268.787,1267.084,1264.652,1267.571,1265.139,1267.571,1269.517,1269.517,1267.571,1271.949,1270.003,1264.652,1258.571,1254.436,1247.625,1248.476,1245.922,1245.922,1247.138,1251.638,1247.99,1243.976,1000,1000,1221.597,1213.814,1207.732,1203.719,1202.016,1202.016,1195.935,1000,1000,1000,1183.317,1183.317,1182.708,1183.165,1183.955,1184.472,1184.837,1185.019,1184.472,1184.472,1186.874,1188.516,1190.644,1202.867,1214.786,1221.111,1000,1000,1000,1331.788,1318.653,1316.707,1308.923,1312.815,1313.788,1315.734,1307.95,1304.058,1292.869,1294.815,1294.815,1000,1000,1000,1302.112,1297.247,1000,1000,1000,1000,1000,1000,1000,1000,1000,1000,1000,1000,1000,1000,1000,1000,1000,1000,1178.664,1182.921,1179.637,1174.772,1175.137,1173.191,1169.056,1166.016,1165.104,1160.299,1000,1156.225,1157.776,1000,1000,1000,1000,1000,1000,1000,1000,1000,1000,1000,1000,1000,1000,1000,1000,1000,1000,1000,1000,1000,1000,1000,1000,1000,1000,1000,1000,1000,1000,1000,1000,1000,1000,1000,1000,1000,1000,1000,1000,1000,1000,1000,1000,1000,1000,1000,1000,1000,1000,1000,1000,1000,1000,1000,1000,1000,1000,1000,1000,1000,1000,1000,1000,1000,1000,1000,1000,1000,1000,1000,1000,1000,1000,1000,1000,1000,1000,1000
1000,1000,1000,1000,1000,1000,1000,1000,1000,1000,1000,1000,1000,1000,1000,1000,1000,1000,1000,1000,1000,1000,1000,1000,1000,1000,1000,1000,1000,1000,1000,1000,1000,1000,1000,1000,1000,1000,1000,1000,1000,1000,1000,1000,1000,1000,1000,1000,1000,1000,1000,1000,1000,1000,1000,1000,1000,1000,1000,1000,1000,1000,1000,1000,1000,1000,1000,1000,1000,1000,1000,1000,1000,1000,1000,1000,1000,1000,1000,1000,1000,1000,1000,1000,1000,1000,1000,1000,1000,1000,1000,1000,1000,1000,1000,1000,1000,1000,1000,1000,1207.246,1000,1208.219,1000,1000,1000,1000,1000,1000,1000,1000,1000,1000,1000,1000,1000,1000,1000,1000,1000,1000,1000,1000,1000,1000,1000,1000,1000,1000,1000,1000,1000,1000,1000,1000,1000,1000,1000,1000,1000,1000,1000,1000,1000,1000,1000,1000,1000,1000,1000,1000,1000,1000,1000,1000,1000,1000,1000,1000,1308.923,1323.031,1223.787,1223.901,1224.167,1224.288,1225.155,1225.489,1225.991,1000,1000,1000,1000,1000,1000,1000,1000,1000,1000,1000,1000,1000,1000,1000,1000,1000,1000,1000,1000,1000,1000,1000,1000,1000,1000,1000,1000,1000,1000,1000,1000,1000,1000,1000,1000,1000,1000,1000,1000,1000,1000,1000,1000,1000,1000,1000,1283.625,1278.517,1269.517,1263.436,1263.922,1261.733,1000,1000,1000,1000,1000,1000,1295.788,1297.247,1292.382,1296.76,1295.788,1292.382,1291.896,1295.788,1295.788,1300.652,1306.004,1308.436,1307.463,1000,1310.382,1319.626,1000,1000,1000,1000,1000,1000,1339.572,1340.545,1339.572,1334.22,1330.328,1000,1329.356,1000,1345.41,1000,1000,1000,1239.697,1239.697,1239.62,1239.734,1239.43,1239.506,1239.43,1348.329,1346.383,1239.697,1239.947,1240.419,1241.057,1241.346,1240.639,1240.799,1240.495,1240.799,1240.723,1241.772,1242,1242,1241.878,1242.76,1242.243,1242.121,1243.186,1244.463,1244.797,1245.344,1245.922,1000,1247.625,1251.213,1255.895,1263.557,1268.544,1272.436,1000,1000,1000,1000,1000,1000,1000,1000,1000,1000,1230.111,1252.003,1140.528,1141.554,1142.527,1142.877,1144.093,1143.789,1143.515,1143.652,1143.242,1143.379,1143.789,1000,1000,1000,1000,1000,1000,1000,1000,1000,1000,1000,1000,1000,1000,1000,1000,1171.732,1000,1192.651,1000,1000,1000,1000,1000,1000,1000,1000,1000,1000,1000,1000,1000,1000,1000,1000,1000,1000,1000,1146.1,1144.701,1143.242,1142.101,1140.703,1227.192,1000,1000,1276.328,1266.233,1260.274,1252.672,1250.665,1246.956,1244.797,1243.946,1244.28,1243.186,1245.74,1245.922,1245.557,1000,1247.442,1242.76,1240.563,1240,1239.772,1239.772,1240.054,1240.882,1241.452,1241.057,1240.799,1240.168,1239.947,1239.544,1239.697,1239.62,1239.772,1239.468,1239.658,1000,1000,1000,1239.856,1000,1343.464,1337.626,1326.437,1324.491,1000,1327.41,1323.518,1331.302,1324.491,1316.707,1318.653,1322.545,1315.734,1313.788,1321.572,1314.761,1306.49,1309.409,1310.382,1300.652,1302.112,1301.625,1297.247,1292.382,1291.896,1292.382,1290.436,1286.544,1286.544,1284.112,1276.571,1263.922,1262.949,1259.057,1260.03,1269.517,1277.787,1277.058,1277.787,1275.841,1268.787,1270.733,1270.733,1270.003,1267.571,1267.084,1267.571,1269.517,1265.868,1263.922,1259.057,1253.463,1252.49,1251.152,1250.179,1249.328,1250.665,1250.665,1250.665,1251.638,1252.49,1253.463,1250.179,1000,1000,1249.328,1243.246,1241.422,1238.017,1237.713,1237.104,1236.253,1236.496,1238.017,1235.949,1233.516,1000,1000,1218.192,1211.624,1205.908,1202.867,1200.8,1200.8,1197.394,1000,1000,1000,1183.012,1181.918,1181.553,1181.918,1182.86,1183.165,1183.773,1184.29,1183.955,1185.019,1188.516,1192.043,1193.624,1204.57,1216.003,1000,1000,1000,1000,1305.031,1293.842,1289.463,1286.544,1289.463,1284.112,1288.49,1279.247,1270.003,1259.544,1261.003,1257.598,1265.139,1269.517,1000,1000,1000,1000,1000,1000,1000,1000,1000,1000,1000,1000,1000,1000,1000,1000,1000,1000,1000,1000,1000,1000,1180.489,1178.664,1173.191,1173.191,1171.245,1167.597,1164.799,1163.948,1159.205,1157.411,1156.225,1156.073,1154.431,1000,1000,1000,1000,1000,1000,1000,1000,1000,1000,1000,1000,1000,1000,1000,1000,1000,1000,1000,1000,1000,1000,1000,1000,1000,1000,1000,1000,1000,1000,1000,1000,1000,1000,1000,1000,1000,1000,1000,1000,1000,1000,1000,1000,1000,1000,1000,1000,1000,1000,1000,1000,1000,1000,1000,1000,1000,1000,1000,1000,1000,1000,1000,1000,1000,1000,1000,1000,1000,1000,1000,1000,1000,1000,1000,1000,1000,1000
1000,1000,1000,1000,1000,1000,1000,1000,1000,1000,1000,1000,1000,1000,1000,1000,1000,1000,1000,1000,1000,1000,1000,1000,1000,1000,1000,1000,1000,1000,1000,1000,1000,1000,1000,1000,1000,1000,1000,1000,1000,1000,1000,1000,1000,1000,1000,1000,1000,1000,1000,1000,1000,1000,1000,1000,1000,1000,1000,1000,1000,1000,1000,1000,1000,1000,1000,1000,1000,1000,1000,1000,1000,1000,1000,1000,1000,1000,1000,1000,1000,1000,1000,1000,1000,1000,1000,1000,1000,1000,1000,1000,1000,1000,1000,1000,1000,1000,1000,1000,1000,1000,1000,1000,1000,1000,1000,1000,1000,1000,1000,1000,1000,1000,1000,1000,1000,1000,1000,1000,1000,1000,1000,1000,1000,1000,1000,1000,1000,1000,1000,1000,1000,1000,1000,1000,1000,1000,1000,1000,1000,1000,1000,1000,1000,1000,1000,1000,1000,1000,1000,1000,1000,1000,1000,1000,1000,1000,1302.112,1310.869,1319.626,1223.863,1223.863,1000,1224.015,1224.661,1000,1224.927,1000,1000,1000,1000,1000,1000,1000,1000,1000,1000,1000,1000,1000,1000,1000,1000,1000,1000,1000,1236.496,1000,1000,1000,1000,1000,1000,1000,1000,1000,1230.962,1000,1232.3,1000,1000,1000,1000,1000,1000,1245.557,1248.476,1000,1248.841,1252.003,1000,1000,1000,1000,1256.868,1254.922,1251.152,1248.841,1250.179,1249.328,1000,1000,1000,1000,1000,1000,1274.625,1271.949,1267.084,1268.787,1268.057,1266.355,1268.787,1271.949,1271.949,1275.841,1278.517,1282.166,1280.706,1284.112,1283.625,1291.896,1000,1000,1000,1000,1000,1295.788,1300.652,1305.031,1305.031,1304.058,1000,1000,1000,1294.328,1299.68,1308.436,1000,1000,1322.545,1330.328,1325.464,1331.302,1320.599,1317.68,1315.734,1317.68,1315.734,1325.464,1334.22,1341.518,1346.383,1239.354,1342.491,1345.41,1340.545,1342.491,1342.491,1239.506,1239.658,1239.772,1240.054,1240.799,1240.419,1240.229,1240.882,1241.772,1000,1000,1000,1000,1000,1251.517,1000,1000,1000,1000,1000,1000,1175.867,1175.381,1183.894,1198.975,1202.867,1207.732,1218.435,1223.3,1237.895,1252.976,1140.703,1141.395,1142.421,1143.12,1144.853,1145.735,1145.552,1145.036,1144.245,1143.515,1000,1000,1000,1000,1000,1000,1000,1000,1000,1000,1000,1000,1000,1000,1000,1000,1000,1165.894,1174.651,1000,1000,1000,1000,1000,1000,1000,1000,1000,1000,1000,1000,1000,1000,1000,1000,1000,1000,1000,1000,1147.286,1145.37,1000,1142.01,1140.338,1214.057,1000,1000,1000,1000,1000,1000,1252.672,1247.868,1244.098,1242.623,1241.772,1241.255,1242.623,1242.121,1241.148,1000,1241.665,1239.811,1343.464,1338.599,1334.22,1334.22,1334.22,1342.491,1239.392,1346.383,1338.599,1338.599,1335.193,1325.464,1326.437,1330.328,1325.464,1319.626,1322.545,1000,1000,1000,1000,1000,1000,1306.004,1299.193,1299.193,1297.247,1297.247,1295.788,1302.112,1298.22,1292.382,1293.355,1293.355,1288.49,1285.571,1290.436,1285.085,1279.247,1280.706,1282.166,1275.841,1275.841,1278.517,1276.571,1270.003,1270.733,1272.436,1267.571,1263.436,1263.922,1000,1000,1247.138,1248.476,1246.409,1246.409,1250.179,1255.895,1255.409,1255.409,1255.895,1252.49,1255.409,1253.463,1253.949,1248.841,1247.625,1245.192,1245.192,1242.517,1243.246,1241.787,1240.327,1241.422,1241.422,1239.354,1239.598,1239.598,1238.017,1236.8,1238.017,1236.253,1236.8,1235.949,1236.496,1235.949,1237.104,1233.516,1232.057,1231.388,1230.354,1229.989,1228.712,1228.226,1229.047,1228.378,1227.77,1000,1000,1213.814,1209.192,1203.232,1201.651,1198.489,1197.759,1195.57,1196.3,1190.097,1186.448,1183.012,1181.796,1181.447,1181.675,1182.298,1182.86,1183.773,1184.137,1183.955,1186.448,1190.34,1191.192,1192.347,1200.8,1208.705,1000,1000,1000,1293.842,1277.787,1270.003,1270.003,1270.976,1272.922,1265.139,1270.976,1262.22,1257.598,1246.165,1246.165,1241.3,1243.976,1243.976,1000,1000,1000,1000,1000,1000,1000,1000,1000,1000,1000,1000,1000,1217.949,1216.733,1214.422,1214.604,1000,1000,1000,1000,1000,1178.178,1176.475,1171.245,1172.34,1170.151,1167.354,1164.495,1162.853,1158.353,1156.529,1000,1154.309,1000,1000,1000,1000,1000,1000,1000,1000,1000,1000,1000,1000,1000,1000,1000,1000,1000,1000,1000,1000,1000,1000,1000,1000,1000,1000,1000,1000,1000,1000,1000,1000,1000,1000,1000,1000,1000,1000,1000,1000,1000,1000,1000,1000,1000,1000,1000,1000,1000,1000,1000,1000,1000,1000,1000,1000,1000,1000,1000,1000,1000,1000,1000,1000,1000,1000,1000,1000,1000,1000,1000,1000,1000,1000,1000,1000,1000,1000,1000
1000,1000,1000,1000,1000,1000,1000,1000,1000,1000,1000,1000,1000,1000,1000,1000,1000,1000,1000,1000,1000,1000,1000,1000,1000,1000,1000,1000,1000,1000,1000,1000,1000,1000,1000,1000,1000,1000,1000,1000,1000,1000,1000,1000,1000,1000,1000,1000,1000,1000,1000,1000,1000,1000,1000,1000,1000,1000,1000,1000,1000,1000,1000,1000,1000,1000,1000,1000,1000,1000,1000,1000,1000,1000,1000,1000,1000,1000,1000,1000,1000,1000,1000,1000,1000,1000,1000,1000,1000,1000,1000,1000,1000,1000,1000,1000,1000,1000,1000,1000,1000,1000,1000,1000,1000,1000,1000,1000,1000,1000,1000,1000,1000,1000,1000,1000,1000,1000,1000,1000,1000,1000,1000,1000,1000,1000,1000,1000,1000,1000,1000,1000,1000,1000,1000,1000,1000,1000,1000,1000,1000,1000,1000,1000,1000,1000,1000,1000,1000,1000,1000,1000,1000,1000,1000,1000,1000,1000,1000,1307.95,1318.653,1323.031,1319.626,1000,1329.842,1000,1000,1000,1000,1000,1000,1000,1000,1000,1000,1000,1000,1000,1000,1000,1000,1000,1000,1000,1000,1000,1000,1000,1000,1000,1000,1000,1000,1225.885,1226.098,1225.406,1225.885,1225.991,1226.918,1226.675,1000,1000,1000,1000,1000,1235.402,1236.496,1236.8,1237.408,1236.253,1237.104,1237.408,1000,1240.327,1000,1241.057,1241.057,1237.713,1238.381,1237.408,1238.017,1237.408,1000,1000,1000,1000,1000,1252.976,1251.152,1248.476,1252.976,1253.463,1252.976,1255.895,1256.868,1254.922,1254.436,1256.382,1259.057,1257.355,1261.733,1265.139,1269.517,1270.733,1270.733,1265.139,1268.057,1265.868,1270.733,1274.625,1000,1000,1000,1000,1000,1000,1277.787,1277.787,1281.436,1000,1285.085,1289.463,1296.76,1298.22,1305.031,1298.22,1290.923,1290.923,1290.923,1288.49,1296.76,1302.112,1309.409,1310.382,1313.788,1311.842,1318.653,1313.788,1316.707,1320.599,1327.41,1334.22,1336.653,1346.383,1239.544,1239.506,1239.43,1239.902,1000,1000,1000,1000,1000,1000,1000,1000,1000,1000,1178.543,1181.705,1186.083,1188.273,1186.083,1191.192,1198.975,1206.273,1210.651,1224.273,1230.111,1241.3,1000,1140.414,1140.528,1140.809,1000,1000,1143.379,1144.093,1142.998,1142.527,1142.101,1000,1000,1000,1000,1000,1000,1000,1000,1000,1000,1000,1000,1000,1000,1000,1000,1000,1160.543,1165.407,1158.597,1000,1000,1000,1000,1000,1000,1000,1000,1000,1000,1000,1000,1000,1000,1000,1000,1000,1000,1000,1000,1000,1144.397,1142.634,1140.984,1225.246,1000,1206.273,1000,1000,1000,1000,1000,1000,1000,1000,1240.882,1240.289,1240.054,1240,1000,1000,1000,1000,1000,1316.707,1311.842,1314.761,1307.463,1309.409,1313.788,1313.788,1306.49,1311.842,1306.004,1304.058,1301.625,1306.004,1299.193,1302.112,1295.788,1291.896,1000,1000,1000,1000,1000,1277.787,1277.787,1279.247,1273.895,1277.787,1275.841,1278.517,1272.436,1270.733,1268.787,1269.517,1262.949,1263.436,1266.355,1262.949,1258.571,1262.22,1260.03,1255.895,1257.355,1259.057,1255.895,1253.949,1255.895,1255.895,1252.49,1252.003,1251.152,1246.773,1242.152,1236.8,1237.104,1236.253,1236.253,1239.354,1242.517,1241.787,1241.787,1243.246,1239.598,1241.787,1239.963,1240.692,1236.253,1236.253,1234.064,1234.854,1232.3,1232.787,1231.875,1231.631,1230.78,1231.388,1229.989,1230.172,1230.354,1229.777,1229.047,1229.989,1228.895,1229.412,1228.53,1228.712,1227.618,1228.074,1226.432,1226.31,1226.554,1226.31,1225.885,1225.687,1224.995,1224.782,1224.722,1224.661,1000,1000,1206.395,1202.381,1198.854,1199.584,1196.3,1194.84,1195.57,1000,1000,1184.29,1182.435,1181.447,1181.234,1181.796,1182.161,1182.435,1183.165,1183.317,1183.469,1185.84,1190.34,1190.644,1193.624,1199.219,1206.395,1000,1000,1000,1276.328,1261.003,1256.868,1252.49,1255.165,1253.219,1247.868,1250.301,1245.192,1239.354,1232.422,1231.206,1228.043,1229.989,1000,1000,1000,1000,1000,1000,1000,1000,1000,1000,1000,1000,1215.82,1213.844,1213.327,1211.624,1210.53,1210.743,1211.351,1000,1000,1000,1000,1180.002,1175.624,1172.705,1172.34,1169.421,1166.624,1165.712,1161.272,1157.776,1155.328,1000,1000,1000,1000,1000,1000,1000,1000,1000,1000,1000,1000,1000,1000,1000,1000,1000,1000,1000,1000,1000,1000,1000,1000,1000,1000,1000,1000,1000,1000,1000,1000,1000,1000,1000,1000,1000,1000,1000,1000,1000,1000,1000,1000,1000,1000,1000,1000,1000,1000,1000,1000,1000,1000,1000,1000,1000,1000,1000,1000,1000,1000,1000,1000,1000,1000,1000,1000,1000,1000,1000,1000,1000,1000,1000,1000,1000,1000,1000,1000,1000
1000,1000,1000,1000,1000,1000,1000,1000,1000,1000,1000,1000,1000,1000,1000,1000,1000,1000,1000,1000,1000,1000,1000,1000,1000,1000,1000,1000,1000,1000,1000,1000,1000,1000,1000,1000,1000,1000,1000,1000,1000,1000,1000,1000,1000,1000,1000,1000,1000,1000,1000,1000,1000,1000,1000,1000,1000,1000,1000,1000,1000,1000,1000,1000,1000,1000,1000,1000,1000,1000,1000,1000,1000,1000,1000,1000,1000,1000,1000,1000,1000,1000,1000,1000,1000,1000,1000,1000,1000,1000,1000,1000,1000,1000,1000,1000,1000,1000,1000,1000,1000,1000,1000,1000,1000,1000,1000,1000,1000,1000,1000,1000,1000,1000,1000,1000,1000,1000,1000,1000,1000,1000,1000,1000,1000,1000,1000,1000,1000,1000,1000,1000,1000,1000,1000,1000,1000,1000,1000,1000,1000,1000,1000,1000,1000,1000,1000,1000,1000,1000,1000,1000,1000,1000,1000,1000,1000,1000,1000,1000,1000,1300.166,1299.193,1000,1312.815,1000,1330.815,1324.977,1000,1000,1000,1000,1000,1000,1000,1000,1000,1000,1000,1000,1000,1000,1000,1000,1000,1000,1000,1000,1000,1000,1000,1000,1332.761,1223.901,1224.053,1223.901,1224.091,1224.129,1224.433,1224.334,1000,1000,1000,1000,1000,1000,1229.777,1229.989,1229.777,1229.412,1229.229,1229.047,1000,1000,1000,1000,1232.057,1230.962,1230.78,1230.962,1230.78,1230.172,1230.598,1231.631,1234.307,1000,1238.625,1240.692,1238.625,1000,1240.327,1239.963,1238.625,1242.517,1241.787,1241.057,1241.057,1243.611,1244.341,1244.341,1245.557,1247.625,1250.665,1252.003,1249.814,1247.625,1250.179,1248.841,1251.152,1256.868,1259.544,1262.22,1000,1000,1000,1261.247,1000,1260.03,1262.22,1260.03,1265.139,1269.517,1268.787,1273.166,1279.247,1276.571,1269.517,1273.166,1271.949,1271.22,1278.517,1286.544,1288.49,1294.328,1294.815,1293.355,1299.193,1300.652,1000,1000,1320.599,1325.464,1000,1337.626,1000,1342.491,1000,1000,1000,1000,1000,1000,1000,1160.056,1168.083,1170.516,1178.543,1185.354,1190.219,1189.732,1192.651,1191.192,1191.678,1195.084,1202.867,1209.678,1209.678,1216.489,1223.3,1224.273,1000,1000,1000,1000,1000,1000,1000,1141.904,1141.554,1141.478,1141.174,1000,1000,1000,1000,1000,1000,1000,1000,1000,1000,1000,1000,1000,1000,1153.124,1151.056,1156.286,1157.137,1160.543,1154.461,1000,1000,1000,1000,1000,1000,1000,1000,1000,1000,1000,1000,1000,1000,1000,1000,1000,1000,1000,1000,1000,1143.652,1000,1140.49,1205.3,1196.543,1195.57,1194.111,1194.111,1000,1188.759,1176.597,1000,1000,1000,1000,1242,1000,1000,1000,1000,1000,1000,1000,1302.112,1296.76,1299.193,1293.355,1295.788,1000,1290.923,1285.571,1290.923,1283.625,1281.436,1282.166,1283.625,1277.058,1279.247,1275.841,1273.166,1265.139,1262.949,1262.949,1262.949,1257.355,1257.355,1259.544,1258.084,1253.463,1255.895,1255.895,1254.922,1251.152,1251.638,1249.814,1247.138,1243.976,1245.557,1245.922,1243.246,1244.341,1246.409,1244.341,1243.611,1245.557,1245.192,1242.881,1241.057,1240.692,1239.598,1238.381,1238.017,1238.381,1235.402,1232.787,1230.354,1230.598,1230.172,1230.78,1232.057,1232.057,1230.962,1230.78,1230.962,1229.229,1230.172,1230.172,1229.777,1227.922,1227.618,1227.192,1226.918,1226.204,1226.432,1225.885,1225.991,1225.778,1226.098,1225.885,1226.098,1225.991,1225.991,1225.687,1225.489,1225.489,1225.315,1224.782,1224.722,1224.539,1224.661,1224.167,1224.053,1224.38,1224.205,1223.863,1329.842,1326.923,1315.734,1317.68,1000,1000,1000,1204.084,1200.435,1198.854,1199.948,1198.124,1195.205,1197.759,1000,1000,1182.572,1182.161,1181.34,1181.34,1181.553,1182.161,1182.039,1182.708,1182.435,1183.012,1184.654,1188.273,1188.273,1193.624,1198.124,1000,1000,1000,1000,1253.949,1240.327,1239.841,1236.922,1237.895,1235.098,1233.273,1232.908,1229.989,1226.584,1222.814,1220.685,1219.53,1000,1000,1000,1000,1000,1000,1000,1000,1000,1000,1000,1000,1212.05,1211.898,1210.013,1209.922,1209.587,1209.154,1209.032,1209.359,1000,1000,1000,1000,1177.327,1172.705,1169.786,1167.354,1164.799,1163.644,1164.252,1160.543,1158.779,1156.073,1000,1000,1000,1000,1000,1000,1000,1000,1000,1000,1000,1000,1000,1000,1000,1000,1000,1000,1000,1000,1000,1000,1000,1000,1000,1000,1000,1000,1000,1000,1000,1000,1000,1000,1000,1000,1000,1000,1000,1000,1000,1000,1000,1000,1000,1000,1000,1000,1000,1000,1000,1000,1000,1000,1000,1000,1000,1000,1000,1000,1000,1000,1000,1000,1000,1000,1000,1000,1000,1000,1000,1000,1000,1000,1000,1000,1000,1000,1000,1000,1000
1000,1000,1000,1000,1000,1000,1000,1000,1000,1000,1000,1000,1000,1000,1000,1000,1000,1000,1000,1000,1000,1000,1000,1000,1000,1000,1000,1000,1000,1000,1000,1000,1000,1000,1000,1000,1000,1000,1000,1000,1000,1000,1000,1000,1000,1000,1000,1000,1000,1000,1000,1000,1000,1000,1000,1000,1000,1000,1000,1000,1000,1000,1000,1000,1000,1000,1000,1000,1000,1000,1000,1000,1000,1000,1000,1000,1000,1000,1000,1000,1000,1000,1000,1000,1000,1000,1000,1000,1000,1000,1000,1000,1000,1000,1000,1000,1000,1000,1000,1000,1000,1000,1000,1000,1000,1000,1000,1000,1000,1000,1000,1000,1000,1000,1000,1000,1000,1000,1000,1000,1000,1000,1000,1000,1000,1000,1000,1000,1000,1000,1000,1000,1000,1000,1000,1000,1000,1000,1000,1000,1000,1000,1000,1000,1000,1000,1000,1000,1000,1000,1000,1000,1000,1000,1000,1000,1000,1000,1000,1000,1000,1285.085,1272.922,1270.003,1269.517,1000,1000,1000,1000,1000,1000,1000,1000,1000,1000,1000,1000,1000,1000,1000,1000,1000,1000,1000,1000,1000,1000,1300.166,1296.274,1294.815,1297.247,1293.842,1292.869,1302.112,1302.112,1305.031,1310.869,1313.788,1324.977,1325.95,1324.977,1327.896,1000,1223.863,1224.129,1224.486,1000,1224.851,1224.927,1224.851,1225.071,1000,1225.687,1226.098,1226.432,1226.918,1227.055,1226.554,1226.31,1226.098,1225.778,1225.778,1226.204,1227.329,1228.712,1229.989,1230.78,1230.962,1229.412,1229.777,1230.354,1230.598,1230.172,1231.875,1231.206,1232.543,1231.875,1000,1234.55,1234.307,1234.064,1235.645,1236.8,1237.104,1235.949,1234.307,1235.402,1235.098,1236.8,1241.057,1000,1244.341,1000,1245.922,1246.773,1246.773,1245.922,1247.138,1248.476,1247.99,1249.328,1249.814,1249.328,1250.665,1254.436,1257.355,1254.922,1256.868,1258.084,1257.355,1262.22,1269.517,1272.436,1278.517,1281.436,1281.436,1284.112,1000,1000,1000,1000,1000,1000,1000,1000,1000,1000,1000,1000,1000,1000,1164.191,1164.678,1166.867,1174.164,1173.435,1177.813,1183.165,1188.759,1187.3,1190.219,1189.732,1192.651,1194.111,1199.462,1205.3,1203.84,1000,1000,1000,1000,1000,1000,1000,1000,1000,1000,1000,1141.395,1000,1000,1000,1000,1000,1000,1000,1000,1000,1000,1000,1000,1000,1000,1000,1000,1148.624,1147.164,1148.259,1149.84,1151.421,1147.894,1152.637,1000,1000,1000,1000,1000,1000,1000,1000,1000,1000,1000,1000,1000,1000,1000,1000,1000,1000,1000,1000,1140.224,1234.003,1215.03,1000,1186.813,1188.273,1189.732,1191.192,1198.003,1191.192,1187.3,1178.543,1165.407,1152.272,1000,1000,1000,1000,1000,1000,1000,1000,1000,1000,1000,1284.112,1280.706,1280.706,1275.112,1273.166,1271.949,1274.625,1267.571,1267.571,1266.355,1261.733,1255.895,1258.571,1254.436,1252.49,1249.328,1247.625,1246.773,1247.138,1245.192,1242.881,1243.976,1241.787,1238.625,1238.017,1239.598,1238.625,1237.713,1238.99,1239.963,1238.625,1237.408,1237.408,1236.8,1234.307,1234.854,1235.402,1234.307,1233.273,1234.55,1234.064,1233.516,1232.543,1232.543,1231.388,1230.78,1229.047,1229.594,1228.226,1227.055,1225.885,1226.797,1225.991,1226.31,1226.432,1226.204,1225.489,1225.489,1225.406,1225.231,1225.778,1225.489,1225.406,1224.851,1224.6,1224.539,1224.6,1224.433,1224.334,1224.167,1224.053,1223.939,1223.939,1224.015,1223.977,1224.015,1224.015,1223.787,1326.923,1329.842,1324.004,1316.707,1319.626,1315.734,1315.734,1307.95,1306.977,1316.707,1318.653,1307.95,1304.058,1301.139,1288.49,1288.49,1291.896,1000,1000,1203.232,1201.651,1199.584,1198.854,1197.394,1194.597,1196.3,1000,1000,1183.012,1182.161,1181.447,1181.34,1181.553,1181.675,1181.796,1182.435,1182.435,1183.317,1187.3,1189.793,1189.793,1195.935,1198.124,1000,1000,1000,1000,1233.273,1227.314,1227.314,1225.489,1223.787,1223.422,1221.537,1221.537,1220.077,1219.53,1216.489,1215.638,1214.209,1000,1000,1000,1000,1000,1000,1000,1000,1000,1000,1000,1208.766,1208.675,1208.485,1310.382,1306.49,1305.517,1306.49,1307.463,1000,1000,1000,1000,1190.948,1179.151,1172.705,1170.516,1167.354,1165.104,1164.799,1165.407,1160.786,1159.387,1000,1000,1000,1000,1000,1000,1000,1000,1000,1000,1000,1000,1000,1000,1000,1000,1000,1000,1000,1000,1000,1000,1000,1000,1000,1000,1000,1000,1000,1000,1000,1000,1000,1000,1000,1000,1000,1000,1000,1000,1000,1000,1000,1000,1000,1000,1000,1000,1000,1000,1000,1000,1000,1000,1000,1000,1000,1000,1000,1000,1000,1000,1000,1000,1000,1000,1000,1000,1000,1000,1000,1000,1000,1000,1000,1000,1000,1000,1000,1000,1000,1000
1000,1000,1000,1000,1000,1000,1000,1000,1000,1000,1000,1000,1000,1000,1000,1000,1000,1000,1000,1000,1000,1000,1000,1000,1000,1000,1000,1000,1000,1000,1000,1000,1000,1000,1000,1000,1000,1000,1000,1000,1000,1000,1000,1000,1000,1000,1000,1000,1000,1000,1000,1000,1000,1000,1000,1000,1000,1000,1000,1000,1000,1000,1000,1000,1000,1000,1000,1000,1000,1000,1000,1000,1000,1000,1000,1000,1000,1000,1000,1000,1000,1000,1000,1000,1000,1000,1000,1000,1000,1000,1000,1000,1000,1000,1000,1000,1000,1000,1000,1000,1000,1000,1000,1000,1000,1000,1000,1000,1000,1215.273,1000,1000,1000,1000,1000,1000,1000,1000,1000,1000,1000,1000,1000,1000,1000,1000,1000,1000,1000,1000,1000,1000,1000,1000,1000,1000,1000,1000,1000,1000,1000,1000,1000,1000,1000,1000,1000,1000,1000,1000,1000,1000,1000,1000,1000,1000,1000,1000,1000,1000,1000,1262.949,1245.192,1236.071,1232.908,1230.354,1000,1000,1000,1000,1000,1000,1000,1229.138,1231.206,1232.908,1236.922,1236.071,1000,1240.327,1000,1246.652,1000,1000,1000,1000,1000,1271.463,1269.517,1272.436,1271.463,1270.976,1272.922,1278.76,1281.193,1284.112,1285.085,1290.436,1297.247,1299.193,1297.247,1302.112,1306.977,1304.058,1000,1313.788,1000,1315.734,1316.707,1315.734,1318.653,1316.707,1325.95,1329.842,1223.863,1223.939,1224.053,1223.863,1223.939,1223.825,1223.977,1224.091,1224.288,1224.6,1224.927,1225.071,1225.155,1225.315,1224.927,1225.071,1225.687,1225.885,1225.778,1226.432,1226.675,1226.554,1226.554,1226.675,1227.77,1227.618,1227.77,1229.229,1230.78,1230.598,1230.354,1229.594,1229.777,1228.895,1230.598,1232.3,1234.064,1235.402,1237.104,1236.253,1238.381,1237.104,1237.408,1237.408,1240.327,1238.625,1241.057,1240.692,1242.152,1241.057,1242.881,1243.976,1245.557,1246.409,1248.841,1251.152,1254.922,1259.057,1262.949,1000,1000,1000,1000,1000,1000,1000,1000,1000,1000,1000,1000,1000,1000,1000,1000,1156.651,1165.407,1171.732,1168.57,1168.57,1172.705,1170.516,1172.218,1176.597,1181.705,1181.219,1181.219,1184.624,1188.273,1191.192,1194.111,1203.84,1198.003,1000,1000,1000,1000,1000,1000,1000,1000,1000,1000,1000,1000,1000,1000,1000,1000,1000,1000,1000,1000,1000,1000,1000,1000,1000,1000,1000,1141.448,1146.434,1145.705,1146.799,1146.799,1148.624,1146.069,1149.84,1000,1000,1000,1000,1000,1000,1000,1000,1000,1000,1000,1000,1000,1000,1000,1000,1000,1000,1000,1000,1000,1206.273,1194.111,1178.543,1179.273,1182.435,1181.705,1183.894,1186.813,1181.219,1176.597,1175.867,1166.867,1157.624,1153.124,1150.205,1143.029,1000,1000,1000,1000,1000,1000,1000,1000,1000,1272.436,1267.084,1259.544,1256.382,1254.922,1254.436,1250.665,1252.003,1249.814,1247.625,1245.192,1243.976,1241.057,1239.598,1237.713,1236.253,1236.496,1237.713,1236.496,1235.098,1235.402,1233.273,1230.172,1229.989,1230.962,1231.206,1230.354,1231.875,1232.543,1231.206,1229.777,1229.989,1229.229,1227.77,1228.074,1228.53,1227.618,1227.192,1228.074,1227.329,1226.918,1227.055,1227.055,1226.554,1226.31,1225.581,1225.687,1224.782,1224.243,1223.939,1224.167,1223.863,1223.825,1223.863,1332.761,1325.95,1329.842,1223.787,1332.761,1223.939,1332.761,1325.95,1321.085,1318.653,1318.653,1323.031,1323.031,1318.653,1312.815,1311.842,1306.004,1308.923,1309.896,1310.869,1306.977,1307.95,1301.139,1296.274,1295.301,1294.815,1287.517,1290.923,1284.112,1281.193,1275.355,1276.814,1275.355,1284.112,1280.22,1279.247,1275.355,1270.003,1265.139,1266.598,1000,1000,1000,1200.8,1200.435,1199.584,1198.124,1195.57,1196.3,1000,1000,1181.796,1181.553,1181.127,1181.34,1181.796,1182.161,1182.435,1183.165,1182.708,1183.773,1186.874,1188.516,1188.029,1193.867,1000,1000,1000,1000,1000,1219.834,1217.219,1216.307,1216.976,1214.422,1214.786,1213.661,1213.327,1212.506,1000,1000,1000,1000,1000,1000,1000,1000,1000,1000,1000,1000,1291.409,1298.22,1301.139,1295.301,1290.436,1288.49,1282.652,1277.301,1278.274,1276.328,1000,1000,1000,1000,1000,1199.219,1182.435,1171.975,1170.881,1165.712,1163.644,1163.097,1164.252,1160.056,1159.205,1156.711,1000,1000,1000,1000,1000,1000,1000,1000,1000,1000,1000,1000,1000,1000,1000,1000,1000,1000,1000,1000,1000,1000,1000,1000,1000,1000,1000,1000,1000,1000,1000,1000,1000,1000,1000,1000,1000,1000,1000,1000,1000,1000,1000,1000,1000,1000,1000,1000,1000,1000,1000,1000,1000,1000,1000,1000,1000,1000,1000,1000,1000,1000,1000,1000,1000,1000,1000,1000,1000,1000,1000,1000,1000,1000,1000,1000,1000,1000,1000,1000,1000
1000,1000,1000,1000,1000,1000,1000,1000,1000,1000,1000,1000,1000,1000,1000,1000,1000,1000,1000,1000,1000,1000,1000,1000,1000,1000,1000,1000,1000,1000,1000,1000,1000,1000,1000,1000,1000,1000,1000,1000,1000,1000,1000,1000,1000,1000,1000,1000,1000,1000,1000,1000,1000,1000,1000,1000,1000,1000,1000,1000,1000,1000,1000,1000,1000,1000,1000,1000,1000,1000,1000,1000,1000,1000,1000,1000,1000,1000,1000,1000,1000,1000,1000,1000,1000,1000,1000,1000,1000,1000,1000,1000,1000,1000,1000,1000,1000,1000,1000,1000,1000,1000,1000,1000,1000,1000,1000,1000,1000,1000,1000,1000,1000,1000,1000,1000,1000,1000,1000,1000,1000,1000,1000,1000,1000,1000,1000,1000,1000,1000,1000,1000,1000,1000,1000,1000,1000,1000,1000,1000,1000,1000,1000,1000,1000,1000,1000,1000,1000,1000,1000,1000,1000,1000,1000,1000,1000,1000,1000,1000,1000,1250.301,1232.422,1221.537,1218.192,1216.976,1216.976,1000,1000,1000,1000,1000,1222.814,1224.03,1225.489,1225.125,1229.625,1230.354,1233.273,1000,1000,1235.584,1000,1234.246,1239.354,1238.868,1000,1251.517,1253.949,1252.49,1000,1254.436,1253.949,1253.949,1259.057,1259.057,1258.328,1262.949,1268.057,1271.463,1268.057,1272.922,1276.814,1000,1000,1000,1000,1000,1282.652,1283.625,1287.517,1288.49,1292.869,1292.869,1300.166,1300.166,1306.977,1305.031,1306.977,1302.112,1306.977,1309.896,1319.626,1326.923,1332.761,1223.825,1332.761,1326.923,1322.058,1324.977,1223.787,1223.825,1223.939,1224.243,1224.38,1224.288,1224.433,1224.486,1224.722,1224.782,1224.927,1225.406,1225.687,1225.778,1225.406,1225.406,1225.315,1225.315,1225.991,1226.918,1227.77,1228.378,1228.712,1228.074,1229.229,1229.047,1229.777,1230.598,1232.3,1231.388,1233.516,1233.76,1235.402,1235.645,1236.496,1237.713,1241.057,1242.881,1243.976,1247.138,1250.179,1000,1000,1000,1000,1000,1000,1000,1000,1000,1000,1000,1000,1000,1000,1000,1000,1000,1157.624,1165.894,1172.218,1175.867,1172.218,1175.867,1179.759,1000,1000,1000,1000,1000,1186.813,1190.219,1194.111,1196.543,1000,1000,1000,1000,1000,1000,1000,1000,1000,1000,1000,1000,1000,1000,1000,1000,1000,1000,1000,1000,1000,1000,1000,1000,1000,1000,1000,1000,1000,1000,1142.664,1144.975,1144.002,1146.069,1145.705,1147.164,1146.069,1151.056,1000,1000,1000,1000,1000,1000,1000,1000,1000,1000,1000,1000,1000,1000,1000,1000,1000,1000,1000,1000,1000,1211.138,1204.327,1000,1176.597,1174.651,1174.651,1172.705,1177.813,1171.002,1166.867,1168.57,1162.732,1156.286,1154.826,1153.124,1147.164,1000,1000,1000,1000,1000,1000,1000,1000,1000,1000,1000,1244.706,1243.246,1241.057,1239.354,1238.625,1239.354,1238.381,1237.104,1236.253,1236.496,1233.516,1232.057,1230.78,1230.172,1229.229,1229.412,1228.895,1227.466,1226.797,1226.204,1225.885,1225.778,1226.675,1226.918,1226.554,1227.055,1227.192,1226.31,1225.581,1225.315,1224.782,1224.433,1224.539,1224.782,1224.433,1224.433,1224.722,1224.661,1224.433,1224.782,1224.661,1224.539,1224.38,1224.129,1224.167,1223.825,1326.923,1315.734,1314.761,1306.004,1305.031,1303.085,1306.977,1306.977,1308.923,1313.788,1311.842,1311.842,1304.058,1301.139,1295.301,1292.869,1294.815,1298.22,1296.274,1290.923,1286.058,1282.652,1279.247,1281.193,1284.112,1284.112,1283.625,1284.112,1278.76,1273.895,1274.868,1270.003,1265.139,1266.598,1261.49,1255.652,1253.949,1255.165,1252.49,1260.274,1262.949,1261.49,1258.328,1250.787,1246.165,1245.679,1000,1000,1000,1198.854,1200.435,1199.584,1200.435,1197.759,1198.854,1000,1000,1181.553,1181.021,1180.823,1181.34,1182.039,1182.86,1183.165,1184.137,1183.773,1185.232,1188.029,1190.888,1193.259,1000,1000,1000,1000,1000,1216.489,1213.145,1212.506,1211.351,1211.761,1210.423,1210.317,1209.154,1209.283,1208.561,1000,1000,1000,1000,1000,1000,1000,1000,1000,1275.355,1271.949,1267.084,1267.084,1268.544,1265.625,1263.679,1261.247,1255.409,1255.895,1251.03,1248.841,1000,1000,1000,1000,1000,1000,1000,1183.408,1171.975,1169.056,1163.644,1161.516,1162.063,1164.252,1161.272,1161.759,1158.353,1000,1000,1000,1000,1000,1000,1000,1000,1000,1000,1000,1000,1000,1000,1000,1000,1000,1000,1000,1000,1000,1000,1000,1000,1000,1000,1000,1000,1000,1000,1000,1000,1000,1000,1000,1000,1000,1000,1000,1000,1000,1000,1000,1000,1000,1000,1000,1000,1000,1000,1000,1000,1000,1000,1000,1000,1000,1000,1000,1000,1000,1000,1000,1000,1000,1000,1000,1000,1000,1000,1000,1000,1000,1000,1000,1000,1000,1000,1000,1000,1000
1000,1000,1000,1000,1000,1000,1000,1000,1000,1000,1000,1000,1000,1000,1000,1000,1000,1000,1000,1000,1000,1000,1000,1000,1000,1000,1000,1000,1000,1000,1000,1000,1000,1000,1000,1000,1000,1000,1000,1000,1000,1000,1000,1000,1000,1000,1000,1000,1000,1000,1000,1000,1000,1000,1000,1000,1000,1000,1000,1000,1000,1000,1000,1000,1000,1000,1000,1000,1000,1000,1000,1000,1000,1000,1000,1000,1000,1000,1000,1000,1000,1000,1000,1000,1000,1000,1000,1000,1000,1000,1000,1000,1000,1000,1000,1000,1000,1000,1000,1000,1000,1000,1000,1000,1000,1000,1000,1000,1000,1000,1000,1000,1000,1000,1000,1000,1000,1000,1000,1000,1000,1000,1000,1000,1000,1000,1000,1000,1000,1000,1000,1000,1000,1000,1000,1000,1000,1000,1000,1000,1000,1000,1000,1000,1000,1000,1000,1000,1000,1000,1000,1000,1000,1000,1000,1000,1000,1000,1000,1000,1000,1241.3,1223.422,1216.064,1213.661,1213.145,1212.658,1212.506,1212.658,1000,1000,1000,1217.705,1218.983,1219.53,1218.192,1220.077,1221.537,1224.03,1000,1000,1000,1000,1000,1225.854,1227.314,1232.057,1235.584,1236.071,1234.611,1000,1237.895,1236.435,1236.922,1240.327,1237.408,1236.435,1240.327,1241.787,1246.165,1247.382,1253.219,1253.949,1254.436,1253.219,1000,1000,1000,1260.274,1263.679,1265.139,1265.139,1269.517,1270.976,1271.463,1275.355,1281.193,1279.247,1279.247,1280.22,1279.247,1282.652,1286.544,1296.274,1295.301,1301.139,1298.22,1297.247,1293.842,1301.139,1305.031,1309.896,1312.815,1316.707,1319.626,1321.085,1323.031,1324.977,1326.923,1330.815,1331.788,1223.863,1223.901,1224.015,1223.787,1223.787,1223.863,1223.939,1224.167,1224.486,1224.927,1225.071,1224.851,1224.995,1225.315,1225.315,1225.885,1226.797,1227.922,1227.77,1228.895,1229.594,1231.206,1230.78,1232.543,1234.854,1237.713,1240.692,1242.152,1244.341,1246.773,1000,1000,1000,1000,1000,1000,1000,1000,1000,1000,1000,1140.292,1140.9,1143.272,1000,1000,1000,1158.597,1164.191,1164.678,1165.894,1166.867,1172.218,1000,1000,1000,1000,1000,1000,1000,1000,1000,1000,1000,1000,1000,1000,1000,1000,1000,1000,1000,1000,1000,1000,1000,1000,1000,1000,1000,1000,1000,1000,1000,1000,1000,1000,1000,1000,1000,1000,1000,1139.745,1142.36,1143.272,1142.664,1144.245,1144.61,1146.434,1146.799,1151.056,1000,1000,1000,1000,1000,1000,1000,1000,1000,1000,1000,1000,1000,1000,1000,1000,1000,1000,1000,1000,1218.435,1201.895,1198.003,1180.489,1168.57,1166.867,1168.083,1163.218,1164.678,1161.029,1159.57,1161.516,1156.651,1153.488,1154.461,1151.786,1149.353,1149.84,1153.975,1000,1000,1000,1000,1000,1000,1000,1000,1000,1000,1000,1234.064,1231.388,1230.78,1229.989,1228.712,1228.378,1228.712,1228.074,1227.466,1226.675,1226.098,1226.204,1226.098,1225.581,1225.687,1224.661,1224.167,1223.977,1224.091,1223.977,1224.433,1224.6,1224.433,1224.334,1224.167,1223.825,1331.788,1325.95,1323.031,1324.977,1323.031,1324.004,1319.626,1318.653,1322.058,1324.977,1322.058,1324.977,1324.004,1321.085,1315.734,1309.896,1310.869,1301.139,1292.869,1286.058,1285.085,1278.76,1277.787,1280.22,1282.652,1282.652,1285.085,1290.923,1287.517,1282.652,1276.328,1273.895,1272.436,1269.517,1272.922,1273.895,1272.436,1266.598,1265.868,1262.22,1262.949,1265.139,1268.057,1267.084,1265.139,1265.868,1261.003,1255.165,1253.949,1251.517,1246.652,1244.463,1243.003,1236.435,1232.908,1231.206,1231.571,1232.422,1238.381,1240.327,1240.327,1233.76,1232.422,1231.571,1000,1000,1000,1202.381,1204.57,1203.719,1203.719,1200.435,1201.165,1000,1000,1183.317,1181.796,1181.447,1181.796,1182.161,1182.572,1183.317,1184.137,1184.137,1185.597,1189.793,1192.651,1000,1000,1000,1000,1000,1000,1210.743,1209.587,1209.587,1208.918,1208.971,1208.721,1208.675,1312.328,1314.274,1000,1000,1000,1000,1000,1000,1000,1000,1255.409,1248.841,1255.409,1253.949,1251.03,1253.949,1251.03,1245.922,1243.49,1242.76,1236.435,1238.381,1232.3,1228.895,1000,1000,1000,1000,1000,1000,1000,1183.894,1173.556,1168.326,1163.097,1161.272,1162.306,1162.853,1161.029,1161.029,1000,1000,1000,1000,1000,1000,1000,1000,1000,1000,1000,1000,1000,1000,1000,1000,1000,1000,1000,1000,1000,1000,1000,1000,1000,1000,1000,1000,1000,1000,1000,1000,1000,1000,1000,1000,1000,1000,1000,1000,1000,1000,1000,1000,1000,1000,1000,1000,1000,1000,1000,1000,1000,1000,1000,1000,1000,1000,1000,1000,1000,1000,1000,1000,1000,1000,1000,1000,1000,1000,1000,1000,1000,1000,1000,1000,1000,1000,1000,1000,1000,1000
1000,1000,1000,1000,1000,1000,1000,1000,1000,1000,1000,1000,1000,1000,1000,1000,1000,1000,1000,1000,1000,1000,1000,1000,1000,1000,1000,1000,1000,1000,1000,1000,1000,1000,1000,1000,1000,1000,1000,1000,1000,1000,1000,1000,1000,1000,1000,1000,1000,1000,1000,1000,1000,1000,1000,1000,1000,1000,1000,1000,1000,1000,1000,1000,1000,1000,1000,1000,1000,1000,1000,1000,1000,1000,1000,1000,1000,1000,1000,1000,1000,1000,1000,1000,1000,1000,1000,1000,1000,1000,1000,1000,1000,1000,1000,1000,1000,1000,1000,1000,1000,1000,1000,1000,1000,1000,1000,1000,1000,1000,1000,1000,1000,1000,1000,1000,1000,1000,1000,1000,1000,1000,1000,1000,1000,1000,1000,1000,1000,1000,1000,1000,1000,1000,1000,1000,1000,1000,1000,1000,1000,1000,1000,1000,1000,1000,1000,1000,1000,1000,1000,1000,1000,1000,1000,1000,1000,1000,1000,1000,1000,1000,1000,1000,1209.922,1210.013,1209.663,1209.504,1000,1000,1000,1000,1214.209,1214.786,1214.209,1212.962,1213.479,1215.03,1000,1000,1000,1000,1212.506,1213.844,1215.395,1216.976,1220.077,1222.145,1220.928,1221.841,1000,1224.76,1224.395,1225.489,1226.949,1226.584,1225.489,1229.138,1229.989,1233.76,1232.908,1236.071,1236.071,1000,1000,1000,1000,1000,1000,1000,1246.165,1000,1000,1000,1000,1253.219,1256.868,1256.868,1259.544,1260.274,1257.598,1261.49,1264.409,1268.057,1266.598,1272.922,1270.003,1270.976,1270.976,1278.76,1281.193,1285.085,1288.49,1292.869,1295.301,1291.896,1293.842,1296.274,1293.842,1296.274,1299.193,1299.193,1299.193,1304.058,1299.193,1305.031,1309.896,1309.896,1312.815,1321.085,1327.896,1223.787,1223.901,1224.091,1224.205,1224.433,1224.851,1225.406,1225.778,1225.991,1226.432,1227.329,1229.412,1229.594,1231.388,1000,1000,1242.881,1000,1000,1000,1000,1000,1000,1000,1000,1000,1000,1000,1000,1000,1000,1000,1000,1000,1000,1000,1000,1159.083,1163.218,1164.191,1164.191,1000,1000,1000,1000,1000,1000,1000,1000,1000,1000,1000,1000,1000,1000,1000,1000,1000,1000,1000,1000,1000,1000,1000,1000,1000,1000,1000,1000,1000,1000,1000,1000,1000,1000,1000,1000,1000,1000,1000,1000,1000,1141.448,1142.36,1143.637,1142.36,1143.637,1143.029,1144.002,1142.664,1146.434,1147.529,1000,1000,1000,1000,1000,1000,1000,1000,1000,1000,1000,1000,1000,1000,1000,1000,1000,1000,1000,1000,1000,1203.84,1193.138,1000,1000,1000,1000,1000,1000,1153.975,1157.137,1151.786,1149.84,1152.272,1150.569,1148.624,1149.353,1155.313,1000,1000,1000,1000,1000,1000,1000,1000,1000,1000,1000,1000,1225.581,1225.778,1225.315,1224.995,1224.927,1225.315,1224.995,1224.661,1224.288,1224.129,1224.205,1224.053,1223.939,1223.939,1325.95,1313.788,1307.95,1310.869,1307.95,1315.734,1322.058,1321.085,1312.815,1306.004,1299.193,1293.842,1292.869,1294.815,1299.193,1296.274,1298.22,1294.815,1291.896,1293.842,1298.22,1296.274,1300.166,1297.247,1291.896,1284.112,1278.76,1280.22,1277.787,1273.895,1268.544,1267.084,1262.22,1258.328,1257.598,1260.274,1259.544,1259.544,1265.139,1263.679,1261.003,1255.652,1253.949,1253.219,1250.301,1253.219,1254.436,1253.949,1250.301,1250.301,1247.868,1247.868,1247.868,1249.571,1247.868,1244.463,1243.003,1238.868,1233.76,1232.422,1229.989,1228.773,1226.584,1226.219,1222.449,1222.145,1000,1220.685,1220.077,1223.057,1224.395,1222.814,1221.841,1223.422,1224.395,1000,1000,1000,1203.719,1206.395,1205.422,1205.057,1201.651,1201.165,1201.651,1000,1185.232,1182.435,1181.796,1181.796,1182.298,1182.435,1183.469,1184.654,1185.84,1187.786,1194.232,1199.948,1000,1000,1000,1000,1000,1000,1000,1317.193,1317.193,1304.058,1307.463,1305.517,1307.463,1288.49,1000,1000,1000,1000,1000,1242.03,1239.598,1235.219,1238.381,1233.516,1230.111,1231.084,1232.787,1228.408,1232.787,1230.111,1228.895,1228.408,1230.598,1223.787,1222.814,1216.003,1211.016,1205.117,1000,1000,1000,1000,1000,1000,1000,1000,1170.881,1165.712,1163.097,1163.401,1164.495,1162.306,1000,1000,1000,1000,1000,1000,1000,1000,1000,1000,1000,1000,1000,1000,1000,1000,1000,1000,1000,1000,1000,1000,1000,1000,1000,1000,1000,1000,1000,1000,1000,1000,1000,1000,1000,1000,1000,1000,1000,1000,1000,1000,1000,1000,1000,1000,1000,1000,1000,1000,1000,1000,1000,1000,1000,1000,1000,1000,1000,1000,1000,1000,1000,1000,1000,1000,1000,1000,1000,1000,1000,1000,1000,1000,1000,1000,1000,1000,1000,1000,1000,1000,1000
1000,1000,1000,1000,1000,1000,1000,1000,1000,1000,1000,1000,1000,1000,1000,1000,1000,1000,1000,1000,1000,1000,1000,1000,1000,1000,1000,1000,1000,1000,1000,1000,1000,1000,1000,1000,1000,1000,1000,1000,1000,1000,1000,1000,1000,1000,1000,1000,1000,1000,1000,1000,1000,1000,1000,1000,1000,1000,1000,1000,1000,1000,1000,1000,1000,1000,1000,1000,1000,1000,1000,1000,1000,1000,1000,1000,1000,1000,1000,1000,1000,1000,1000,1000,1000,1000,1000,1000,1000,1000,1000,1000,1000,1000,1000,1000,1000,1000,1000,1000,1000,1000,1000,1000,1000,1000,1000,1000,1000,1000,1000,1000,1000,1000,1000,1000,1000,1000,1000,1000,1000,1000,1000,1000,1000,1000,1000,1000,1000,1000,1000,1000,1210.651,1218.192,1000,1000,1219.043,1000,1000,1000,1205.361,1000,1000,1000,1000,1000,1000,1000,1000,1000,1000,1000,1000,1000,1000,1000,1000,1000,1000,1000,1000,1000,1000,1000,1000,1208.485,1208.485,1208.523,1000,1000,1000,1000,1000,1209.427,1209.154,1209.032,1209.093,1209.587,1000,1000,1000,1210.119,1209.663,1209.922,1210.53,1211.351,1212.962,1214.209,1213.661,1213.661,1214.604,1215.82,1216.489,1217.219,1218.192,1218.192,1216.976,1217.462,1218.192,1219.834,1220.077,1221.841,1222.145,1224.03,1224.395,1000,1000,1228.043,1228.773,1229.989,1229.625,1230.841,1232.422,1232.908,1000,1236.071,1237.408,1238.381,1239.354,1238.868,1238.381,1240.327,1240.327,1243.49,1243.49,1247.868,1247.868,1250.787,1254.436,1259.544,1262.949,1000,1270.003,1272.436,1275.355,1272.922,1276.814,1279.247,1277.787,1280.22,1281.679,1281.193,1282.652,1289.463,1288.49,1295.301,1301.139,1300.166,1301.139,1307.95,1316.707,1319.626,1324.004,1329.842,1223.863,1224.015,1224.334,1000,1000,1225.489,1226.098,1000,1000,1000,1000,1000,1000,1000,1000,1000,1000,1000,1000,1000,1000,1000,1000,1000,1000,1000,1000,1000,1000,1000,1153.124,1000,1000,1000,1000,1000,1000,1000,1000,1000,1000,1000,1000,1000,1000,1000,1000,1000,1000,1000,1000,1000,1000,1000,1000,1000,1000,1000,1000,1000,1000,1000,1000,1000,1000,1000,1000,1000,1000,1000,1000,1000,1000,1000,1000,1000,1000,1142.36,1142.056,1144.61,1144.975,1147.529,1144.002,1144.975,1143.272,1144.61,1000,1148.988,1000,1000,1000,1000,1000,1000,1000,1000,1000,1000,1000,1000,1000,1000,1000,1000,1000,1000,1000,1000,1232.057,1000,1219.408,1214.057,1000,1000,1000,1000,1000,1000,1000,1000,1149.84,1147.529,1149.353,1147.894,1145.705,1146.799,1150.569,1151.056,1150.569,1000,1000,1000,1000,1000,1000,1000,1000,1000,1000,1000,1223.939,1331.788,1330.815,1223.787,1224.015,1327.896,1324.004,1317.68,1311.842,1312.815,1310.869,1308.923,1303.085,1295.301,1287.517,1287.517,1290.436,1292.869,1296.274,1299.193,1295.301,1288.49,1279.247,1272.436,1272.922,1271.463,1272.922,1279.247,1279.247,1277.787,1272.436,1270.003,1272.436,1272.922,1268.544,1270.976,1265.868,1261.003,1259.544,1261.49,1263.679,1262.949,1260.274,1256.382,1252.003,1249.571,1245.679,1245.679,1246.652,1246.165,1242.517,1246.165,1240.327,1237.408,1233.76,1233.76,1233.76,1235.098,1236.071,1238.381,1235.584,1234.246,1233.273,1232.057,1231.571,1232.057,1231.571,1231.206,1228.043,1226.584,1223.787,1221.537,1220.381,1220.381,1218.739,1217.949,1217.462,1216.064,1216.489,1217.949,1216.733,1216.307,1217.462,1218.192,1216.064,1216.064,1216.307,1216.489,1000,1000,1000,1000,1210.165,1207.732,1205.422,1202.867,1202.867,1203.232,1193.259,1186.631,1183.317,1182.435,1182.435,1183.012,1183.955,1185.019,1186.205,1187.3,1190.34,1194.84,1206.881,1000,1000,1000,1000,1000,1000,1292.382,1292.382,1293.355,1284.598,1290.436,1288.49,1287.517,1270.49,1000,1000,1000,1234.003,1235.219,1230.111,1228.895,1223.3,1225.733,1221.354,1220.016,1218.678,1220.868,1215.638,1219.043,1216.489,1216.003,1214.057,1215.638,1211.381,1209.922,1206.273,1202.138,1199.219,1000,1000,1197.09,1000,1000,1000,1000,1000,1000,1000,1000,1000,1165.712,1162.063,1000,1000,1000,1000,1000,1000,1000,1000,1000,1000,1000,1000,1000,1000,1000,1000,1000,1000,1000,1000,1000,1000,1000,1000,1000,1000,1000,1000,1000,1000,1000,1000,1000,1000,1000,1000,1000,1000,1000,1000,1000,1000,1000,1000,1000,1000,1000,1000,1000,1000,1000,1000,1000,1000,1000,1000,1000,1000,1000,1000,1000,1000,1000,1000,1000,1000,1000,1000,1000,1000,1000,1000,1000,1000,1000,1000,1000,1000,1000,1000,1000,1000,1000
1000,1000,1000,1000,1000,1000,1000,1000,1000,1000,1000,1000,1000,1000,1000,1000,1000,1000,1000,1000,1000,1000,1000,1000,1000,1000,1000,1000,1000,1000,1000,1000,1000,1000,1000,1000,1000,1000,1000,1000,1000,1000,1000,1000,1000,1000,1000,1000,1000,1000,1000,1000,1000,1000,1000,1000,1000,1000,1000,1000,1000,1000,1000,1000,1000,1000,1000,1000,1000,1000,1000,1000,1000,1000,1000,1000,1000,1000,1000,1000,1000,1000,1000,1000,1000,1000,1000,1000,1000,1000,1000,1000,1000,1000,1000,1000,1000,1000,1000,1000,1000,1000,1000,1000,1000,1000,1000,1000,1000,1000,1000,1000,1000,1000,1000,1000,1000,1000,1000,1000,1000,1000,1000,1000,1000,1000,1000,1000,1000,1000,1197.09,1199.644,1202.138,1205.969,1000,1000,1205.361,1203.719,1206.881,1206.577,1203.172,1202.138,1199.827,1000,1000,1000,1000,1000,1000,1000,1000,1000,1000,1000,1000,1000,1000,1000,1000,1000,1000,1000,1000,1000,1000,1293.355,1292.382,1289.463,1291.409,1297.247,1000,1000,1000,1311.355,1306.49,1303.085,1308.436,1208.219,1208.257,1000,1208.371,1000,1000,1208.371,1208.675,1208.812,1209.663,1000,1210.317,1210.317,1210.986,1211.107,1211.107,1211.624,1212.05,1212.05,1211.351,1211.107,1211.107,1211.351,1212.354,1213.479,1214.786,1216.307,1216.976,1217.705,1217.462,1217.949,1218.496,1219.53,1219.287,1220.381,1222.814,1223.787,1225.125,1226.584,1227.679,1228.043,1227.314,1227.314,1226.949,1228.043,1226.584,1227.679,1228.773,1232.422,1233.76,1236.922,1241.787,1245.679,1247.868,1000,1000,1252.003,1253.219,1251.517,1255.652,1256.868,1257.598,1261.49,1263.679,1262.949,1265.139,1272.436,1272.436,1280.22,1286.544,1285.085,1000,1000,1000,1000,1000,1326.923,1331.788,1000,1224.38,1000,1000,1000,1000,1000,1000,1000,1000,1000,1000,1000,1000,1000,1000,1000,1000,1000,1000,1000,1000,1000,1000,1000,1000,1000,1000,1000,1160.056,1000,1000,1000,1000,1000,1000,1000,1000,1000,1000,1000,1000,1000,1000,1000,1000,1000,1000,1000,1000,1000,1000,1000,1000,1000,1000,1000,1000,1000,1000,1000,1000,1000,1000,1000,1000,1000,1000,1000,1000,1000,1000,1000,1000,1000,1000,1000,1000,1144.975,1145.705,1148.259,1143.029,1144.975,1141.752,1142.664,1000,1151.786,1000,1000,1000,1000,1000,1000,1000,1000,1000,1000,1000,1000,1000,1000,1000,1000,1000,1000,1000,1000,1000,1232.057,1232.057,1231.084,1000,1000,1000,1000,1000,1000,1000,1000,1152.272,1146.799,1150.205,1147.529,1145.34,1145.34,1146.799,1145.705,1145.34,1143.637,1000,1000,1000,1000,1000,1000,1000,1000,1000,1000,1000,1000,1312.815,1311.842,1309.896,1303.085,1295.301,1289.463,1286.058,1286.058,1282.652,1285.085,1280.22,1273.895,1270.003,1272.436,1270.976,1270.003,1273.895,1276.328,1268.544,1264.409,1259.544,1255.165,1255.165,1257.598,1256.868,1257.598,1255.652,1250.787,1246.652,1246.652,1249.084,1250.787,1249.084,1250.787,1246.652,1246.165,1243.49,1246.165,1245.192,1245.679,1242.517,1241.3,1236.435,1236.435,1233.76,1233.76,1234.611,1235.098,1229.989,1231.206,1226.219,1223.422,1220.928,1222.449,1221.841,1223.422,1224.03,1226.584,1224.76,1224.03,1223.057,1221.537,1220.928,1219.53,1219.287,1218.496,1216.733,1215.638,1214.786,1213.145,1212.962,1213.479,1212.962,1212.81,1212.506,1212.506,1212.658,1213.661,1213.145,1212.506,1211.488,1211.229,1209.922,1209.838,1210.423,1210.986,1000,1000,1000,1000,1214.3,1211.138,1208.219,1205.422,1205.422,1205.422,1197.03,1190.097,1185.232,1183.773,1183.317,1183.469,1184.137,1185.232,1186.631,1188.029,1192.043,1197.394,1210.165,1219.165,1000,1000,1000,1000,1000,1268.057,1269.517,1270.976,1268.544,1266.111,1270.976,1000,1000,1000,1000,1224.76,1222.327,1220.503,1220.503,1219.53,1216.489,1217.705,1212.111,1209.557,1208.827,1208.462,1204.266,1207.489,1206.273,1205.117,1204.266,1204.509,1201.165,1200.07,1198.641,1196.634,1195.661,1195.92,1000,1000,1000,1193.107,1000,1000,1000,1000,1000,1000,1000,1000,1000,1000,1000,1000,1000,1000,1000,1000,1000,1000,1000,1000,1000,1000,1000,1000,1000,1000,1000,1000,1000,1000,1000,1000,1000,1000,1000,1000,1000,1000,1000,1000,1000,1000,1000,1000,1000,1000,1000,1000,1000,1000,1000,1000,1000,1000,1000,1000,1000,1000,1000,1000,1000,1000,1000,1000,1000,1000,1000,1000,1000,1000,1000,1000,1000,1000,1000,1000,1000,1000,1000,1000,1000,1000,1000,1000,1000,1000,1000,1000,1000,1000,1000,1000
1000,1000,1000,1000,1000,1000,1000,1000,1000,1000,1000,1000,1000,1000,1000,1000,1000,1000,1000,1000,1000,1000,1000,1000,1000,1000,1000,1000,1000,1000,1000,1000,1000,1000,1000,1000,1000,1000,1000,1000,1000,1000,1000,1000,1000,1000,1000,1000,1000,1000,1000,1000,1000,1000,1000,1000,1000,1000,1000,1000,1000,1000,1000,1000,1000,1000,1000,1000,1000,1000,1000,1000,1000,1000,1000,1000,1000,1000,1000,1000,1000,1000,1000,1000,1000,1000,1000,1000,1000,1000,1000,1000,1000,1000,1000,1000,1000,1000,1000,1000,1000,1000,1000,1000,1000,1000,1000,1000,1000,1000,1000,1000,1000,1000,1000,1000,1000,1000,1000,1000,1000,1193.86,1000,1000,1194.445,1000,1000,1196.193,1000,1000,1195.296,1195.783,1197.242,1199.644,1200.739,1201.651,1201.165,1199.827,1201.895,1201.895,1200.496,1199.827,1199.644,1000,1000,1000,1000,1000,1000,1000,1000,1000,1000,1000,1000,1000,1000,1000,1000,1000,1000,1000,1000,1000,1000,1000,1282.652,1279.247,1275.355,1278.274,1000,1000,1000,1277.301,1272.922,1270.976,1275.355,1284.598,1287.517,1293.355,1297.247,1000,1000,1000,1304.058,1309.409,1317.193,1000,1000,1208.295,1208.371,1208.675,1208.918,1209.154,1209.283,1209.427,1208.918,1208.812,1208.812,1208.918,1209.359,1209.922,1210.317,1210.743,1211.351,1211.761,1211.898,1212.506,1213.327,1213.844,1213.327,1214.209,1215.638,1215.82,1216.489,1217.949,1218.496,1219.834,1220.077,1219.53,1217.949,1218.983,1217.949,1218.192,1220.077,1224.76,1225.489,1228.408,1232.908,1235.098,1236.071,1000,1237.895,1237.408,1240.327,1239.841,1241.787,1243.976,1246.165,1247.382,1249.084,1250.301,1254.436,1262.949,1265.139,1000,1284.112,1280.22,1000,1000,1000,1000,1000,1000,1000,1000,1000,1000,1000,1000,1000,1000,1000,1000,1000,1000,1000,1000,1000,1000,1000,1000,1000,1000,1000,1000,1000,1000,1000,1000,1000,1000,1000,1000,1000,1000,1000,1000,1000,1000,1000,1000,1000,1000,1000,1000,1000,1000,1000,1000,1000,1000,1000,1000,1000,1000,1000,1327.896,1000,1000,1000,1000,1000,1000,1000,1000,1000,1000,1000,1000,1000,1000,1000,1000,1000,1000,1000,1000,1000,1000,1000,1000,1000,1000,1000,1152.637,1144.002,1145.705,1142.36,1142.056,1000,1152.272,1153.975,1000,1000,1000,1000,1000,1000,1000,1000,1000,1000,1000,1000,1000,1000,1000,1000,1000,1000,1000,1000,1228.165,1226.219,1227.192,1000,1000,1000,1000,1000,1000,1000,1000,1000,1000,1000,1000,1000,1000,1000,1000,1141.448,1138.164,1134.819,1000,1132.417,1000,1000,1000,1000,1000,1000,1000,1000,1000,1000,1000,1000,1276.328,1269.517,1265.139,1264.409,1262.22,1262.22,1265.868,1265.139,1262.22,1259.544,1259.544,1255.165,1251.517,1252.49,1253.949,1249.571,1249.084,1244.463,1242.517,1240.327,1240.814,1238.868,1239.354,1236.922,1234.246,1232.057,1233.273,1234.611,1234.611,1233.76,1235.584,1233.273,1233.273,1230.841,1231.206,1228.408,1226.584,1225.854,1226.949,1224.03,1225.854,1225.125,1224.395,1222.814,1222.145,1217.949,1218.192,1215.03,1215.03,1214.786,1216.064,1215.82,1216.733,1216.733,1217.219,1216.064,1215.212,1214.422,1214.026,1213.661,1212.506,1212.354,1211.624,1210.53,1210.119,1209.747,1209.359,1209.427,1209.663,1209.504,1209.838,1209.427,1209.283,1209.359,1209.663,1209.427,1209.504,1208.918,1208.918,1208.599,1208.561,1208.523,1208.812,1000,1000,1000,1000,1220.381,1216.003,1211.624,1208.705,1210.165,1211.624,1204.57,1197.03,1189.55,1185.84,1183.955,1183.469,1183.955,1185.232,1186.874,1189.002,1193.867,1199.584,1000,1000,1000,1000,1000,1235.949,1245.436,1247.382,1250.301,1252.49,1000,1000,1000,1000,1000,1000,1208.462,1209.557,1208.827,1206.881,1208.462,1208.827,1204.813,1204.813,1202.381,1200.922,1201.408,1201.165,1198.459,1200.07,1199.036,1197.09,1196.33,1196.33,1194.962,1194.552,1194.552,1193.86,1193.791,1000,1000,1000,1000,1000,1284.598,1273.895,1000,1000,1000,1000,1000,1000,1000,1000,1000,1000,1000,1000,1000,1000,1000,1000,1000,1000,1000,1000,1000,1000,1000,1000,1000,1000,1000,1000,1000,1000,1000,1000,1000,1000,1000,1000,1000,1000,1000,1000,1000,1000,1000,1000,1000,1000,1000,1000,1000,1000,1000,1000,1000,1000,1000,1000,1000,1000,1000,1000,1000,1000,1000,1000,1000,1000,1000,1000,1000,1000,1000,1000,1000,1000,1000,1000,1000,1000,1000,1000,1000,1000,1000,1000,1000,1000,1000,1000,1000,1000
1000,1000,1000,1000,1000,1000,1000,1000,1000,1000,1000,1000,1000,1000,1000,1000,1000,1000,1000,1000,1000,1000,1000,1000,1000,1000,1000,1000,1000,1000,1000,1000,1000,1000,1000,1000,1000,1000,1000,1000,1000,1000,1000,1000,1000,1000,1000,1000,1000,1000,1000,1000,1000,1000,1000,1000,1000,1000,1000,1000,1000,1000,1000,1000,1000,1000,1000,1000,1000,1000,1000,1000,1000,1000,1000,1000,1000,1000,1000,1000,1000,1000,1000,1000,1000,1000,1000,1000,1000,1000,1000,1000,1000,1000,1000,1000,1000,1000,1000,1000,1000,1000,1237.895,1237.895,1000,1000,1000,1000,1000,1263.679,1270.003,1000,1272.922,1273.895,1285.571,1277.787,1284.598,1291.896,1301.625,1298.707,1192.803,1192.879,1192.727,1192.727,1193.107,1193.404,1193.464,1193.86,1000,1193.297,1193.404,1193.791,1194.552,1195.661,1195.418,1195.783,1196.057,1195.418,1196.634,1197.242,1197.242,1196.786,1196.938,1194.856,1000,1000,1000,1000,1000,1000,1000,1000,1000,1000,1000,1000,1000,1000,1000,1000,1000,1000,1000,1000,1000,1000,1000,1259.301,1259.787,1259.301,1268.057,1000,1000,1000,1255.409,1254.436,1259.787,1263.679,1263.679,1263.679,1000,1000,1263.679,1267.084,1275.355,1279.247,1285.571,1000,1293.355,1293.355,1294.328,1301.139,1307.463,1309.409,1314.274,1317.193,1309.409,1305.517,1307.463,1309.409,1314.274,1317.193,1208.371,1208.409,1208.409,1208.523,1208.721,1208.918,1209.427,1209.587,1209.504,1209.922,1210.743,1210.636,1211.488,1212.506,1213.145,1213.479,1214.604,1213.844,1213.327,1213.661,1213.661,1213.479,1215.395,1218.983,1219.287,1220.077,1222.449,1224.76,1225.489,1227.679,1231.206,1234.246,1236.435,1236.922,1239.354,1238.381,1000,1241.787,1243.003,1000,1000,1256.382,1000,1000,1000,1000,1000,1000,1000,1000,1000,1000,1000,1000,1000,1000,1000,1000,1000,1000,1000,1000,1000,1000,1000,1000,1000,1000,1000,1000,1000,1000,1000,1000,1000,1000,1000,1000,1000,1000,1000,1000,1000,1000,1000,1000,1000,1000,1000,1000,1000,1000,1000,1000,1000,1000,1000,1000,1000,1000,1000,1000,1000,1000,1000,1000,1000,1000,1000,1000,1000,1000,1000,1000,1000,1000,1000,1000,1000,1000,1000,1000,1000,1000,1000,1000,1000,1000,1000,1000,1000,1000,1000,1000,1000,1000,1000,1000,1000,1000,1000,1000,1000,1145.34,1000,1136.522,1133.694,1000,1131.839,1000,1000,1000,1000,1000,1000,1000,1000,1000,1000,1000,1000,1232.057,1231.084,1232.057,1000,1000,1000,1000,1000,1000,1000,1000,1000,1000,1000,1000,1000,1000,1000,1000,1000,1000,1131.839,1131.201,1130.639,1130.053,1130.137,1129.643,1129.08,1000,1000,1000,1000,1000,1000,1000,1000,1000,1000,1248.354,1248.354,1243.49,1246.165,1251.517,1251.517,1250.301,1247.868,1247.382,1242.517,1237.895,1236.435,1238.381,1234.611,1234.246,1232.422,1232.908,1231.206,1232.422,1229.625,1229.625,1226.584,1224.76,1222.145,1223.057,1224.03,1222.145,1220.928,1223.057,1221.537,1220.928,1219.53,1221.233,1219.53,1219.287,1218.192,1220.077,1217.949,1218.496,1217.949,1216.976,1215.638,1215.212,1212.354,1212.506,1211.229,1211.229,1210.636,1211.229,1210.864,1211.107,1211.229,1211.624,1211.488,1210.864,1210.21,1210.21,1209.922,1209.359,1209.215,1209.093,1208.637,1208.447,1208.447,1208.333,1208.371,1208.409,1208.333,1208.447,1316.22,1208.219,1208.333,1208.295,1317.193,1208.219,1305.517,1301.139,1298.22,1302.112,1299.193,1305.517,1000,1000,1000,1000,1225.246,1218.678,1214.786,1212.111,1211.138,1212.597,1208.219,1202.016,1194.84,1189.55,1186.448,1185.415,1186.023,1187.117,1189.307,1190.644,1195.205,1199.219,1210.165,1000,1000,1000,1000,1228.408,1233.516,1235.219,1236.435,1231.084,1233.516,1000,1000,1000,1000,1200.496,1200.496,1201.651,1201.408,1200.496,1201.408,1201.408,1199.036,1198.641,1197.911,1196.33,1196.193,1195.783,1194.552,1194.749,1194.445,1193.525,1193.297,1193.153,1192.917,1192.765,1193.031,1192.765,1192.841,1192.765,1000,1000,1000,1000,1000,1261.247,1000,1000,1000,1000,1000,1000,1000,1000,1000,1000,1000,1000,1000,1000,1000,1000,1000,1000,1000,1000,1000,1000,1000,1000,1000,1000,1000,1000,1000,1000,1000,1000,1000,1000,1000,1000,1000,1000,1000,1000,1000,1000,1000,1000,1000,1000,1000,1000,1000,1000,1000,1000,1000,1000,1000,1000,1000,1000,1000,1000,1000,1000,1000,1000,1000,1000,1000,1000,1000,1000,1000,1000,1000,1000,1000,1000,1000,1000,1000,1000,1000,1000,1000,1000,1000,1000,1000,1000,1000,1000
1000,1000,1000,1000,1000,1000,1000,1000,1000,1000,1000,1000,1000,1000,1000,1000,1000,1000,1000,1000,1000,1000,1000,1000,1000,1000,1000,1000,1000,1000,1000,1000,1000,1000,1000,1000,1000,1000,1000,1000,1000,1000,1000,1000,1000,1000,1000,1000,1000,1000,1000,1000,1000,1000,1000,1000,1000,1000,1000,1000,1000,1000,1000,1000,1000,1000,1000,1000,1000,1000,1000,1000,1000,1000,1000,1000,1000,1000,1000,1000,1000,1000,1000,1000,1000,1000,1000,1000,1000,1000,1000,1000,1000,1000,1000,1000,1000,1000,1000,1000,1207.732,1213.814,1219.165,1222.327,1000,1000,1000,1000,1237.895,1238.868,1251.03,1248.598,1251.03,1250.057,1264.652,1257.355,1268.057,1274.868,1279.733,1273.895,1281.679,1276.814,1278.76,1279.733,1289.463,1293.842,1302.599,1000,1303.571,1000,1298.707,1302.599,1192.803,1193.069,1193.069,1193.297,1193.464,1193.404,1194.019,1194.27,1194.856,1194.445,1194.552,1193.791,1193.35,1000,1000,1000,1000,1000,1000,1000,1000,1000,1000,1000,1000,1000,1000,1000,1000,1000,1000,1000,1000,1000,1257.355,1246.652,1242.03,1238.868,1242.76,1000,1235.219,1238.381,1237.652,1237.652,1241.3,1245.436,1245.922,1245.436,1248.111,1245.922,1244.706,1244.706,1252.976,1255.409,1258.328,1263.193,1268.057,1268.544,1267.084,1272.922,1276.328,1276.328,1280.706,1286.544,1280.706,1279.733,1284.598,1286.544,1290.436,1296.274,1299.193,1295.301,1296.274,1297.247,1298.22,1305.517,1316.22,1315.247,1314.274,1208.295,1208.599,1208.721,1209.283,1209.922,1210.317,1210.317,1210.636,1210.119,1210.119,1210.423,1000,1000,1212.354,1215.03,1215.638,1217.219,1220.685,1222.449,1223.057,1224.395,1000,1229.625,1000,1234.611,1000,1000,1000,1000,1000,1000,1000,1000,1000,1000,1000,1000,1000,1000,1000,1000,1000,1000,1000,1000,1000,1000,1000,1000,1000,1000,1000,1000,1000,1000,1000,1000,1000,1000,1000,1000,1000,1000,1000,1000,1000,1000,1000,1000,1000,1000,1000,1000,1000,1000,1000,1000,1000,1000,1000,1000,1000,1000,1000,1000,1000,1000,1000,1000,1000,1000,1000,1000,1000,1000,1000,1000,1000,1000,1000,1000,1000,1000,1000,1000,1000,1000,1000,1000,1000,1000,1000,1000,1000,1000,1000,1000,1000,1000,1000,1000,1000,1000,1000,1000,1000,1000,1000,1000,1000,1000,1000,1000,1000,1000,1000,1133.36,1131.201,1130.053,1129.43,1128.814,1128.814,1000,1000,1000,1000,1000,1000,1000,1000,1000,1000,1224.273,1224.273,1224.273,1000,1000,1000,1000,1000,1000,1000,1000,1000,1000,1000,1000,1000,1000,1000,1000,1000,1000,1129.43,1129.308,1129.247,1128.852,1128.89,1128.776,1128.586,1128.434,1000,1000,1000,1000,1000,1000,1000,1000,1000,1000,1000,1235.584,1235.584,1238.381,1238.381,1236.071,1236.071,1237.895,1232.908,1229.989,1228.043,1229.625,1226.219,1226.584,1225.125,1225.854,1224.03,1223.787,1221.233,1220.685,1217.949,1216.976,1216.307,1217.219,1216.976,1216.064,1215.395,1216.307,1215.395,1215.212,1214.786,1215.03,1213.327,1212.658,1212.202,1212.506,1211.624,1211.761,1211.488,1211.229,1210.636,1210.423,1209.215,1209.283,1208.971,1208.918,1208.766,1208.918,1208.812,1208.865,1208.918,1208.918,1208.865,1208.721,1208.295,1208.295,1316.22,1309.409,1307.463,1309.409,1298.22,1299.193,1298.22,1296.274,1297.247,1304.058,1298.22,1302.112,1289.463,1000,1000,1283.625,1282.652,1282.652,1272.922,1272.922,1278.274,1281.679,1281.679,1281.679,1000,1000,1000,1234.49,1227.192,1219.895,1216.003,1212.597,1211.138,1213.814,1210.651,1205.422,1201.165,1195.205,1189.793,1188.029,1188.273,1189.002,1190.888,1192.347,1195.57,1198.489,1000,1000,1000,1000,1000,1000,1225.733,1223.3,1220.868,1000,1000,1000,1000,1198.276,1198.094,1196.057,1196.482,1197.09,1197.09,1196.193,1197.09,1196.482,1195.418,1195.068,1195.418,1194.27,1194.095,1193.715,1193.244,1193.031,1192.803,1296.76,1292.869,1283.625,1279.733,1279.733,1000,1286.544,1290.436,1287.517,1000,1000,1000,1000,1000,1000,1000,1000,1000,1000,1000,1000,1000,1000,1000,1000,1000,1000,1000,1000,1000,1000,1000,1000,1000,1000,1000,1000,1000,1000,1000,1000,1000,1000,1000,1000,1000,1000,1000,1000,1000,1000,1000,1000,1000,1000,1000,1000,1000,1000,1000,1000,1000,1000,1000,1000,1000,1000,1000,1000,1000,1000,1000,1000,1000,1000,1000,1000,1000,1000,1000,1000,1000,1000,1000,1000,1000,1000,1000,1000,1000,1000,1000,1000,1000,1000,1000,1000,1000,1000,1000,1000,1000,1000,1000,1000
1000,1000,1000,1000,1000,1000,1000,1000,1000,1000,1000,1000,1000,1000,1000,1000,1000,1000,1000,1000,1000,1000,1000,1000,1000,1000,1000,1000,1000,1000,1000,1000,1000,1000,1000,1000,1000,1000,1000,1000,1000,1000,1000,1000,1000,1000,1000,1000,1000,1000,1000,1000,1000,1000,1000,1000,1000,1000,1000,1000,1000,1000,1000,1000,1000,1000,1000,1000,1000,1000,1000,1000,1000,1000,1000,1000,1000,1000,1000,1000,1000,1000,1000,1000,1000,1000,1000,1000,1000,1000,1000,1000,1000,1000,1000,1000,1000,1000,1000,1000,1000,1203.232,1207.732,1210.165,1216.976,1000,1000,1216.489,1221.111,1221.111,1230.354,1229.138,1230.354,1228.408,1241.787,1236.679,1243.733,1249.571,1254.436,1249.571,1258.328,1254.922,1252.49,1252.49,1260.274,1260.274,1000,1000,1271.949,1267.084,1272.922,1275.841,1278.76,1281.679,1283.625,1286.544,1291.896,1295.788,1192.651,1192.803,1193.153,1192.993,1192.993,1192.955,1192.727,1000,1000,1000,1000,1000,1000,1000,1000,1000,1000,1000,1000,1000,1000,1000,1000,1000,1000,1000,1000,1000,1000,1241.3,1234.003,1230.598,1232.3,1000,1226.219,1225.733,1225.733,1224.273,1226.219,1227.922,1228.895,1225.246,1227.435,1225.733,1224.76,1225.733,1234.003,1235.219,1239.598,1242.76,1247.382,1247.382,1248.111,1252.49,1252.976,1252.976,1256.868,1260.76,1259.787,1261.247,1269.517,1270.49,1271.949,1272.922,1275.355,1267.084,1268.544,1271.949,1277.301,1282.652,1294.328,1292.382,1292.382,1295.301,1302.112,1304.058,1316.22,1208.447,1208.675,1208.721,1208.766,1208.675,1208.721,1209.032,1209.663,1000,1210.864,1000,1214.026,1214.026,1215.638,1216.976,1217.219,1000,1000,1229.989,1000,1000,1000,1000,1000,1000,1000,1000,1000,1000,1000,1000,1000,1000,1000,1000,1000,1000,1000,1000,1000,1000,1000,1000,1000,1000,1000,1000,1000,1000,1000,1000,1000,1000,1000,1000,1000,1000,1000,1000,1000,1000,1000,1000,1000,1000,1000,1000,1000,1000,1000,1000,1000,1000,1000,1229.989,1232.422,1236.071,1240.327,1239.354,1000,1000,1000,1000,1000,1000,1000,1000,1000,1000,1000,1000,1000,1000,1000,1000,1000,1000,1000,1000,1000,1000,1000,1000,1000,1000,1000,1000,1000,1000,1000,1000,1000,1000,1000,1000,1000,1000,1000,1000,1000,1000,1000,1000,1000,1000,1000,1000,1000,1000,1000,1000,1000,1132.721,1130.426,1129.43,1129.027,1128.738,1128.51,1223.3,1224.273,1212.597,1192.165,1180.002,1000,1000,1000,1000,1000,1223.3,1224.273,1221.354,1224.273,1000,1000,1000,1000,1000,1000,1000,1000,1000,1000,1000,1000,1000,1000,1000,1000,1000,1000,1000,1129.08,1128.662,1128.7,1128.548,1236.435,1232.543,1000,1000,1000,1000,1000,1000,1000,1000,1000,1000,1000,1000,1000,1000,1233.273,1228.408,1226.584,1227.679,1222.449,1219.53,1218.496,1219.834,1217.219,1217.219,1216.976,1217.462,1216.307,1216.064,1215.03,1214.026,1212.81,1212.506,1212.81,1212.962,1212.658,1212.05,1211.229,1211.351,1210.636,1210.53,1210.119,1209.922,1209.283,1209.215,1208.971,1208.918,1208.812,1208.637,1208.599,1208.561,1208.561,1208.485,1316.22,1315.247,1311.355,1307.463,1305.517,1308.436,1302.112,1299.193,1304.058,1302.112,1301.139,1303.085,1299.193,1297.247,1295.301,1290.436,1283.625,1283.625,1273.895,1272.922,1268.544,1269.517,1268.057,1270.49,1265.625,1263.679,1252.49,1254.436,1249.571,1246.652,1248.841,1249.571,1242.76,1248.111,1251.517,1256.868,1253.949,1253.949,1000,1000,1000,1230.354,1225.976,1219.895,1216.976,1215.273,1214.786,1215.273,1213.327,1210.165,1204.57,1198.854,1192.955,1190.888,1189.55,1190.097,1191.192,1192.347,1193.624,1196.3,1000,1000,1000,1000,1000,1000,1208.827,1000,1000,1000,1000,1000,1195.068,1194.552,1194.643,1193.647,1194.019,1194.095,1194.095,1193.647,1193.647,1193.404,1193.031,1192.803,1192.803,1298.707,1297.734,1296.76,1291.896,1284.598,1284.598,1273.895,1265.625,1261.733,1259.301,1255.895,1258.328,1259.301,1259.301,1258.328,1257.355,1000,1000,1000,1000,1000,1000,1000,1000,1000,1000,1000,1000,1000,1000,1000,1000,1000,1000,1000,1000,1000,1000,1000,1000,1000,1000,1000,1000,1000,1000,1000,1000,1000,1000,1000,1000,1000,1000,1000,1000,1000,1000,1000,1000,1000,1000,1000,1000,1000,1000,1000,1000,1000,1000,1000,1000,1000,1000,1000,1000,1000,1000,1000,1000,1000,1000,1000,1000,1000,1000,1000,1000,1000,1000,1000,1000,1000,1000,1000,1000,1000,1000,1000,1000,1000,1000,1000,1000,1000,1000,1000,1000,1000,1000,1000
1000,1000,1000,1000,1000,1000,1000,1000,1000,1000,1000,1000,1000,1000,1000,1000,1000,1000,1000,1000,1000,1000,1000,1000,1000,1000,1000,1000,1000,1000,1000,1000,1000,1000,1000,1000,1000,1000,1000,1000,1000,1000,1000,1000,1000,1000,1000,1000,1000,1000,1000,1000,1000,1000,1000,1000,1000,1000,1000,1000,1000,1000,1000,1000,1000,1000,1000,1000,1000,1000,1000,1000,1000,1000,1000,1000,1000,1000,1000,1000,1000,1000,1000,1000,1000,1000,1000,1000,1000,1000,1000,1000,1000,1000,1000,1000,1000,1000,1000,1188.273,1000,1195.57,1197.394,1200.435,1202.867,1000,1000,1206.881,1210.651,1214.786,1219.165,1218.192,1218.192,1217.462,1222.327,1221.111,1224.76,1229.868,1231.084,1228.408,1233.76,1233.76,1231.814,1235.219,1238.868,1237.895,1000,1000,1246.165,1247.138,1251.03,1252.003,1254.922,1256.868,1260.274,1267.084,1275.841,1281.679,1284.598,1283.625,1290.436,1288.49,1286.544,1292.869,1291.896,1273.895,1263.679,1000,1000,1000,1000,1000,1000,1000,1000,1000,1000,1000,1000,1000,1000,1000,1000,1000,1000,1000,1000,1000,1228.408,1219.043,1000,1216.003,1209.557,1212.111,1213.205,1212.111,1214.786,1216.489,1217.705,1215.273,1216.489,1214.422,1213.205,1214.422,1217.705,1219.53,1222.327,1225.246,1227.922,1230.598,1230.598,1234.003,1235.219,1235.219,1236.435,1239.598,1241.3,1243.976,1251.03,1252.49,1253.949,1254.436,1255.895,1249.571,1251.517,1253.949,1255.409,1257.355,1268.057,1268.544,1270.976,1274.868,1284.598,1286.544,1296.274,1304.058,1311.355,1309.409,1314.274,1310.382,1208.219,1208.523,1209.747,1000,1000,1000,1000,1000,1000,1000,1000,1000,1000,1000,1000,1000,1000,1000,1000,1000,1000,1000,1000,1000,1000,1000,1000,1000,1000,1000,1000,1000,1000,1000,1000,1000,1000,1000,1000,1000,1000,1000,1000,1000,1000,1000,1000,1000,1000,1000,1000,1000,1000,1000,1000,1000,1000,1000,1000,1000,1000,1000,1000,1000,1000,1000,1000,1000,1000,1000,1000,1230.354,1236.922,1238.381,1000,1000,1000,1000,1000,1000,1000,1000,1000,1000,1000,1000,1000,1000,1000,1000,1000,1000,1000,1000,1000,1000,1000,1000,1000,1000,1000,1000,1000,1000,1000,1000,1000,1000,1000,1324.004,1000,1000,1000,1000,1000,1000,1000,1000,1000,1000,1000,1000,1000,1000,1000,1000,1000,1132.569,1131.323,1129.802,1129.133,1128.936,1128.624,1221.354,1219.408,1211.624,1190.219,1180.975,1000,1000,1000,1000,1000,1216.489,1215.516,1214.057,1215.03,1216.489,1000,1000,1000,1000,1000,1000,1000,1000,1000,1000,1000,1000,1000,1000,1000,1000,1000,1000,1000,1128.936,1128.738,1128.586,1241.3,1233.516,1236.435,1000,1000,1000,1000,1000,1000,1000,1000,1000,1000,1000,1000,1000,1000,1000,1000,1221.841,1216.976,1214.604,1212.962,1214.026,1212.81,1212.962,1213.145,1214.026,1213.145,1212.354,1211.624,1211.229,1210.119,1209.922,1209.922,1210.013,1209.427,1209.215,1208.766,1208.766,1208.561,1208.447,1208.371,1208.257,1308.436,1306.49,1300.166,1298.22,1297.247,1298.22,1298.22,1300.166,1297.247,1294.328,1284.598,1279.247,1279.733,1277.301,1276.328,1279.247,1276.328,1275.355,1279.247,1276.328,1272.922,1276.328,1271.949,1270.49,1268.544,1265.625,1259.787,1259.301,1252.49,1252.976,1251.517,1251.517,1248.841,1247.382,1243.976,1000,1231.084,1231.814,1230.111,1228.895,1228.408,1229.625,1227.435,1229.625,1229.625,1236.922,1231.084,1000,1000,1000,1238.868,1225.976,1222.814,1216.489,1213.814,1212.597,1213.327,1213.814,1214.786,1212.597,1207.732,1201.165,1195.935,1192.955,1192.347,1192.347,1192.651,1193.259,1193.624,1193.259,1197.394,1000,1000,1000,1000,1000,1000,1000,1000,1000,1194.552,1193.586,1193.647,1193.297,1193.297,1192.879,1192.955,1192.993,1192.917,1192.803,1192.803,1192.651,1289.463,1280.706,1278.76,1270.976,1270.003,1272.922,1270.003,1261.247,1261.733,1252.49,1244.706,1242.273,1240.814,1236.679,1237.408,1237.895,1000,1231.814,1230.354,1225.246,1000,1000,1000,1000,1000,1000,1000,1000,1000,1000,1000,1000,1000,1000,1000,1000,1000,1000,1000,1000,1000,1000,1000,1000,1000,1000,1000,1000,1000,1000,1000,1000,1000,1000,1000,1000,1000,1000,1000,1000,1000,1000,1000,1000,1000,1000,1000,1000,1000,1000,1000,1000,1000,1000,1000,1000,1000,1000,1000,1000,1000,1000,1000,1000,1000,1000,1000,1000,1000,1000,1000,1000,1000,1000,1000,1000,1000,1000,1000,1000,1000,1000,1000,1000,1000,1000,1000,1000,1000,1000,1000,1000,1000,1000
1000,1000,1000,1000,1000,1000,1000,1000,1000,1000,1000,1000,1000,1000,1000,1000,1000,1000,1000,1000,1000,1000,1000,1000,1000,1000,1000,1000,1000,1000,1000,1000,1000,1000,1000,1000,1000,1000,1000,1000,1000,1000,1000,1000,1000,1000,1000,1000,1000,1000,1000,1000,1000,1000,1000,1000,1000,1000,1000,1000,1000,1000,1000,1000,1000,1000,1000,1000,1000,1000,1000,1000,1000,1000,1000,1000,1000,1000,1000,1000,1000,1000,1000,1000,1000,1000,1000,1000,1000,1000,1000,1000,1000,1000,1000,1182.161,1000,1000,1000,1183.773,1000,1187.117,1187.786,1189.307,1192.651,1192.955,1194.232,1197.03,1199.948,1202.016,1203.719,1204.084,1204.084,1205.908,1207.732,1210.165,1213.327,1215.273,1215.273,1214.786,1215.273,1214.786,1214.786,1218.192,1218.192,1216.976,1219.895,1224.03,1225.976,1229.868,1234.49,1235.949,1237.408,1237.408,1240.327,1246.165,1252.49,1261.247,1264.652,1262.706,1266.111,1261.247,1256.868,1261.733,1260.274,1251.03,1245.679,1231.814,1000,1000,1000,1000,1000,1000,1000,1000,1000,1000,1000,1000,1000,1000,1000,1000,1000,1000,1000,1000,1000,1000,1000,1211.381,1201.895,1203.415,1203.962,1203.172,1204.509,1205.969,1207.246,1206.273,1207.246,1206.273,1205.665,1206.273,1207.489,1208.827,1211.016,1213.205,1214.786,1217.341,1219.043,1221.354,1222.327,1223.3,1224.273,1226.219,1228.408,1229.625,1234.733,1234.003,1234.733,1236.435,1238.868,1234.003,1236.435,1239.598,1238.381,1241.3,1249.571,1252.976,1255.895,1263.193,1269.517,1274.868,1285.571,1000,1000,1000,1000,1000,1000,1209.427,1000,1000,1000,1000,1000,1000,1000,1000,1000,1000,1000,1000,1000,1000,1000,1000,1000,1000,1000,1000,1000,1000,1000,1000,1000,1000,1000,1000,1000,1000,1000,1000,1000,1000,1000,1000,1000,1000,1000,1000,1000,1208.333,1310.382,1307.463,1000,1000,1000,1000,1000,1000,1000,1000,1000,1000,1000,1000,1000,1000,1000,1000,1000,1000,1000,1000,1000,1000,1000,1000,1000,1225.125,1230.354,1000,1000,1000,1000,1000,1000,1000,1000,1000,1000,1000,1000,1000,1000,1000,1000,1000,1000,1000,1000,1000,1000,1000,1000,1000,1000,1000,1000,1000,1000,1000,1000,1000,1000,1000,1000,1000,1000,1000,1000,1000,1000,1000,1000,1000,1000,1000,1000,1000,1000,1000,1000,1000,1000,1132.873,1130.426,1129.08,1240.327,1240.327,1226.219,1211.624,1213.57,1213.57,1189.732,1183.408,1000,1000,1000,1000,1000,1214.057,1215.03,1215.03,1210.651,1211.138,1000,1000,1000,1000,1000,1000,1000,1000,1000,1000,1000,1000,1000,1000,1000,1000,1000,1000,1000,1000,1000,1129.802,1128.662,1238.381,1238.381,1000,1000,1000,1000,1000,1000,1000,1000,1000,1000,1000,1000,1000,1000,1000,1000,1000,1000,1000,1210.423,1211.488,1210.864,1210.53,1210.53,1211.488,1210.986,1210.423,1209.504,1209.283,1208.766,1208.561,1208.561,1208.599,1208.257,1315.247,1306.49,1305.517,1301.139,1295.301,1295.301,1291.409,1282.652,1281.679,1278.274,1272.922,1271.949,1272.922,1270.49,1270.976,1269.517,1268.544,1260.76,1256.868,1255.409,1252.976,1250.301,1252.49,1251.517,1252.976,1255.895,1254.436,1251.03,1255.895,1249.571,1247.382,1245.922,1245.922,1242.03,1241.3,1238.381,1238.381,1236.435,1234.003,1230.598,1227.435,1222.814,1219.53,1214.422,1216.003,1215.638,1214.786,1216.854,1217.341,1215.638,1215.638,1214.786,1215.638,1208.462,1000,1000,1000,1231.814,1222.814,1218.192,1212.597,1209.192,1208.219,1207.732,1207.732,1207.246,1208.219,1204.57,1201.165,1197.394,1195.935,1193.624,1193.624,1192.651,1193.259,1192.651,1193.624,1196.665,1000,1000,1000,1000,1193.525,1193.198,1192.841,1192.689,1302.599,1192.651,1301.625,1192.841,1303.571,1300.652,1000,1293.842,1290.436,1288.49,1288.49,1287.517,1282.652,1272.922,1264.652,1261.733,1258.328,1252.49,1249.571,1247.625,1240.814,1237.895,1232.3,1229.868,1225.246,1225.976,1221.597,1223.3,1221.597,1218.192,1214.3,1000,1208.219,1000,1000,1000,1000,1000,1000,1000,1000,1000,1000,1000,1000,1000,1000,1000,1000,1000,1000,1000,1000,1000,1000,1000,1000,1000,1000,1000,1000,1000,1000,1000,1000,1000,1000,1000,1000,1000,1000,1000,1000,1000,1000,1000,1000,1000,1000,1000,1000,1000,1000,1000,1000,1000,1000,1000,1000,1000,1000,1000,1000,1000,1000,1000,1000,1000,1000,1000,1000,1000,1000,1000,1000,1000,1000,1000,1000,1000,1000,1000,1000,1000,1000,1000,1000,1000,1000,1000,1000,1000,1000,1000,1000,1000,1000
1000,1000,1000,1000,1000,1000,1000,1000,1000,1000,1000,1000,1000,1000,1000,1000,1000,1000,1000,1000,1000,1000,1000,1000,1000,1000,1000,1000,1000,1000,1000,1000,1000,1000,1000,1000,1000,1000,1000,1000,1000,1000,1000,1000,1000,1000,1000,1000,1000,1000,1000,1000,1000,1000,1000,1000,1000,1000,1000,1000,1000,1000,1000,1000,1000,1000,1000,1000,1000,1000,1000,1000,1000,1000,1000,1000,1000,1000,1000,1000,1000,1000,1000,1000,1000,1000,1000,1000,1000,1000,1000,1000,1000,1000,1000,1179.531,1179.729,1179.782,1179.964,1180.557,1181.675,1000,1183.165,1183.469,1000,1000,1185.415,1186.874,1190.644,1191.739,1194.232,1194.232,1193.867,1193.259,1193.624,1194.84,1197.394,1199.584,1199.584,1203.232,1202.016,1203.719,1204.084,1206.395,1204.57,1205.422,1208.705,1212.111,1216.489,1218.678,1222.814,1222.327,1222.814,1221.111,1225.246,1227.192,1231.084,1239.354,1241.787,1236.679,1242.273,1241.787,1239.354,1244.706,1247.138,1240.327,1237.408,1225.246,1210.165,1000,1000,1000,1000,1000,1000,1000,1000,1000,1000,1000,1000,1000,1000,1000,1000,1000,1000,1000,1000,1000,1000,1000,1000,1199.036,1198.276,1197.394,1197.911,1198.641,1199.462,1199.462,1200.739,1200.07,1199.462,1201.165,1202.138,1202.928,1204.509,1205.969,1206.577,1208.219,1209.922,1211.016,1212.841,1213.205,1213.205,1215.638,1218.192,1219.043,1222.327,1222.814,1222.327,1223.787,1225.733,1224.76,1228.408,1228.895,1000,1231.084,1234.733,1000,1243.976,1253.949,1000,1000,1000,1000,1000,1000,1000,1000,1000,1000,1000,1000,1000,1000,1000,1000,1000,1000,1000,1000,1000,1000,1000,1000,1000,1000,1000,1000,1000,1000,1000,1000,1187.3,1175.137,1174.408,1178.543,1000,1000,1000,1000,1000,1000,1000,1000,1000,1000,1000,1000,1000,1000,1293.355,1300.166,1291.409,1293.355,1000,1000,1000,1000,1000,1000,1000,1000,1000,1000,1000,1000,1000,1000,1211.488,1000,1000,1000,1000,1000,1000,1000,1000,1000,1000,1000,1000,1000,1000,1000,1000,1000,1000,1000,1000,1000,1000,1000,1000,1000,1000,1000,1000,1000,1000,1000,1000,1000,1000,1000,1000,1000,1000,1000,1000,1000,1000,1000,1000,1000,1000,1000,1000,1000,1000,1000,1000,1000,1000,1000,1000,1000,1000,1000,1000,1000,1000,1000,1000,1000,1000,1000,1130.426,1128.89,1232.543,1233.516,1226.219,1216.489,1227.192,1226.219,1205.786,1197.03,1187.786,1000,1000,1000,1000,1199.462,1201.408,1199.462,1195.57,1200.435,1000,1000,1000,1000,1000,1000,1000,1000,1000,1000,1000,1000,1000,1000,1000,1000,1000,1000,1000,1000,1000,1000,1000,1128.662,1240.327,1232.543,1000,1000,1000,1000,1000,1000,1000,1000,1000,1000,1000,1000,1000,1000,1000,1000,1000,1000,1000,1209.747,1210.013,1209.838,1209.747,1210.119,1209.587,1209.093,1208.561,1208.219,1306.49,1295.301,1287.517,1286.544,1279.733,1278.274,1276.328,1276.328,1272.922,1268.544,1268.057,1263.193,1258.328,1255.895,1254.436,1251.03,1251.517,1250.301,1251.03,1251.03,1248.841,1247.382,1242.03,1236.435,1236.435,1235.949,1234.733,1234.733,1236.922,1238.868,1239.598,1237.652,1234.733,1234.733,1230.111,1228.895,1226.949,1228.408,1226.949,1226.219,1225.733,1225.246,1223.787,1220.868,1216.003,1211.746,1210.651,1206.881,1204.813,1206.273,1206.577,1205.665,1206.881,1206.273,1204.813,1204.266,1203.172,1203.172,1198.094,1000,1000,1246.165,1229.138,1219.165,1212.597,1208.705,1204.57,1203.719,1203.232,1202.381,1201.651,1201.165,1199.219,1197.03,1195.205,1194.232,1192.651,1192.347,1192.043,1193.867,1194.84,1000,1202.381,1000,1000,1261.733,1283.625,1282.652,1281.679,1279.733,1277.787,1271.949,1274.868,1273.895,1277.787,1268.057,1269.031,1266.111,1267.084,1267.084,1266.111,1265.625,1265.625,1258.328,1248.598,1241.787,1241.787,1238.868,1233.76,1232.3,1231.084,1224.03,1220.381,1216.489,1216.003,1212.597,1212.111,1209.192,1209.192,1205.908,1204.084,1199.948,1000,1000,1000,1000,1000,1000,1000,1000,1000,1000,1000,1000,1000,1000,1000,1000,1000,1000,1000,1000,1000,1000,1000,1000,1000,1000,1000,1000,1000,1000,1000,1000,1000,1000,1000,1000,1000,1000,1000,1000,1000,1000,1000,1000,1000,1000,1000,1000,1000,1000,1000,1000,1000,1000,1000,1000,1000,1000,1000,1000,1000,1000,1000,1000,1000,1000,1000,1000,1000,1000,1000,1000,1000,1000,1000,1000,1000,1000,1000,1000,1000,1000,1000,1000,1000,1000,1000,1000,1000,1000,1000,1000,1000,1000,1000,1000
1000,1000,1000,1000,1000,1000,1000,1000,1000,1000,1000,1000,1000,1000,1000,1000,1000,1000,1000,1000,1000,1000,1000,1000,1000,1000,1000,1000,1000,1000,1000,1000,1000,1000,1000,1000,1000,1000,1000,1000,1000,1000,1000,1000,1000,1000,1000,1000,1000,1000,1000,1000,1000,1000,1000,1000,1000,1000,1000,1000,1000,1000,1000,1000,1000,1000,1000,1000,1000,1000,1000,1000,1000,1000,1000,1000,1000,1000,1000,1000,1000,1000,1000,1000,1000,1000,1000,1000,1000,1000,1000,1000,1000,1000,1000,1000,1283.139,1282.166,1289.95,1179.257,1179.371,1179.577,1179.622,1179.729,1180.094,1180.823,1000,1182.298,1183.469,1184.837,1186.023,1187.117,1187.543,1188.759,1188.759,1189.002,1189.307,1189.55,1188.759,1191.739,1191.496,1193.624,1193.624,1196.3,1194.84,1196.3,1197.759,1200.8,1203.232,1205.422,1209.192,1211.138,1212.597,1211.138,1213.327,1215.273,1214.786,1221.111,1222.327,1218.678,1221.111,1224.03,1224.03,1230.354,1235.219,1231.814,1229.138,1219.895,1207.246,1000,1000,1000,1000,1000,1000,1000,1000,1000,1000,1000,1000,1000,1000,1000,1000,1000,1000,1000,1000,1000,1000,1000,1000,1000,1194.095,1000,1194.179,1194.643,1194.856,1195.296,1195.92,1195.783,1195.783,1197.577,1198.094,1198.276,1199.219,1199.462,1199.219,1200.07,1201.408,1202.624,1205.117,1205.665,1206.273,1207.854,1209.557,1210.651,1213.57,1214.422,1214.422,1000,1000,1000,1000,1000,1000,1000,1000,1000,1000,1000,1000,1000,1000,1000,1000,1000,1000,1000,1000,1000,1119.176,1121.045,1121.045,1122.201,1124.177,1000,1000,1000,1000,1000,1000,1000,1000,1000,1000,1000,1000,1000,1000,1000,1000,1000,1187.3,1180.002,1178.056,1180.975,1196.057,1000,1000,1000,1000,1000,1000,1000,1000,1000,1000,1000,1000,1000,1279.733,1291.409,1283.625,1282.652,1281.679,1000,1000,1000,1000,1000,1000,1000,1000,1000,1000,1000,1000,1000,1209.427,1208.812,1000,1000,1000,1000,1000,1000,1000,1000,1000,1000,1000,1000,1000,1000,1000,1000,1000,1000,1000,1000,1000,1000,1000,1000,1000,1000,1000,1000,1000,1000,1000,1000,1000,1000,1269.031,1269.517,1000,1000,1156.651,1000,1000,1000,1000,1000,1000,1000,1000,1000,1000,1000,1000,1000,1000,1000,1000,1000,1000,1000,1000,1000,1000,1000,1000,1000,1000,1000,1000,1000,1228.165,1000,1234.49,1000,1000,1000,1238.381,1000,1192.165,1000,1000,1000,1000,1000,1198.003,1193.138,1185.354,1195.57,1000,1000,1000,1000,1000,1000,1000,1000,1000,1000,1000,1000,1000,1000,1000,1000,1000,1000,1000,1000,1000,1000,1000,1000,1000,1000,1000,1000,1000,1000,1000,1000,1000,1000,1000,1000,1000,1000,1000,1000,1000,1000,1000,1000,1000,1000,1000,1210.636,1210.21,1209.504,1208.971,1208.523,1306.49,1294.328,1284.598,1269.517,1257.355,1256.868,1254.436,1254.436,1252.976,1254.436,1252.976,1247.382,1242.03,1242.03,1238.868,1236.922,1236.922,1238.381,1238.381,1236.922,1237.652,1238.381,1235.949,1232.787,1229.625,1224.273,1222.814,1221.841,1221.354,1221.841,1223.787,1225.733,1224.76,1223.3,1220.016,1218.678,1215.638,1215.273,1213.57,1214.786,1215.273,1215.273,1214.786,1214.057,1213.57,1210.651,1207.489,1204.266,1203.719,1200.922,1199.827,1200.253,1200.07,1199.462,1199.827,1000,1198.854,1199.036,1197.759,1197.242,1194.552,1192.651,1258.328,1242.273,1224.76,1212.597,1206.395,1202.867,1198.854,1198.854,1198.124,1196.665,1194.84,1194.597,1192.651,1191.739,1192.347,1192.955,1191.739,1192.043,1191.496,1000,1195.57,1000,1000,1000,1240.814,1000,1264.652,1264.652,1261.733,1260.274,1253.463,1244.706,1246.165,1245.679,1248.598,1246.165,1245.679,1247.138,1247.625,1247.138,1243.733,1243.246,1240.814,1235.219,1228.408,1225.246,1224.76,1221.597,1218.678,1216.003,1213.327,1209.192,1205.422,1203.232,1202.381,1202.381,1201.651,1200.435,1198.854,1195.935,1193.259,1189.307,1185.597,1184.654,1183.165,1000,1000,1000,1000,1000,1000,1000,1000,1000,1000,1000,1000,1000,1000,1000,1000,1000,1000,1000,1000,1000,1000,1000,1000,1000,1000,1000,1000,1000,1000,1000,1000,1000,1000,1000,1000,1000,1000,1000,1000,1000,1000,1000,1000,1000,1000,1000,1000,1000,1000,1000,1000,1000,1000,1000,1000,1000,1000,1000,1000,1000,1000,1000,1000,1000,1000,1000,1000,1000,1000,1000,1000,1000,1000,1000,1000,1000,1000,1000,1000,1000,1000,1000,1000,1000,1000,1000,1000,1000,1000,1000,1000,1000
1000,1000,1000,1000,1000,1000,1000,1000,1000,1000,1000,1000,1000,1000,1000,1000,1000,1000,1000,1000,1000,1000,1000,1000,1000,1000,1000,1000,1000,1000,1000,1000,1000,1000,1000,1000,1000,1000,1000,1000,1000,1000,1000,1000,1000,1000,1000,1000,1000,1000,1000,1000,1000,1000,1000,1000,1000,1000,1000,1000,1000,1000,1000,1000,1000,1000,1000,1000,1000,1000,1000,1000,1000,1000,1000,1000,1000,1000,1000,1000,1000,1000,1000,1000,1000,1000,1000,1000,1000,1000,1000,1000,1000,1000,1000,1000,1270.976,1270.003,1270.976,1271.949,1274.868,1278.274,1276.814,1278.274,1279.247,1179.067,1000,1179.577,1180.314,1181.021,1181.447,1182.161,1183.317,1183.621,1183.773,1183.955,1184.29,1183.773,1183.621,1184.654,1184.837,1186.448,1187.117,1189.002,1188.516,1190.644,1191.192,1192.955,1195.935,1197.759,1199.948,1200.8,1203.232,1201.165,1201.165,1202.867,1202.381,1204.57,1205.908,1204.084,1000,1000,1000,1217.462,1222.814,1218.192,1217.462,1211.138,1203.232,1199.219,1000,1000,1000,1000,1000,1000,1000,1000,1000,1000,1000,1000,1000,1000,1000,1000,1000,1000,1000,1000,1000,1000,1000,1000,1000,1192.765,1192.879,1193.107,1193.107,1193.404,1194.095,1194.179,1194.354,1195.296,1195.661,1195.54,1196.193,1196.057,1196.33,1000,1000,1199.219,1201.651,1202.381,1203.172,1204.813,1207.246,1205.361,1208.219,1208.827,1210.286,1000,1000,1000,1000,1000,1000,1000,1000,1000,1000,1000,1000,1000,1000,1000,1000,1000,1000,1000,1118.552,1119.282,1120.741,1123.326,1123.752,1125.758,1129.468,1130.684,1000,1000,1000,1000,1000,1000,1000,1000,1000,1000,1000,1000,1000,1000,1000,1000,1187.786,1181.462,1178.543,1183.894,1206.759,1000,1000,1000,1000,1000,1000,1000,1000,1000,1000,1000,1000,1000,1000,1270.49,1263.679,1265.625,1265.625,1264.652,1000,1000,1000,1000,1000,1000,1000,1000,1000,1000,1000,1000,1000,1000,1000,1000,1000,1000,1000,1000,1000,1000,1000,1000,1000,1000,1000,1000,1000,1000,1000,1000,1000,1000,1000,1000,1000,1000,1000,1000,1000,1000,1000,1000,1000,1000,1269.517,1264.409,1000,1000,1000,1259.909,1000,1000,1000,1000,1000,1000,1000,1000,1000,1000,1000,1000,1000,1000,1000,1000,1000,1000,1000,1000,1000,1000,1000,1000,1000,1000,1000,1000,1000,1000,1000,1000,1000,1000,1000,1000,1000,1000,1000,1000,1000,1000,1000,1000,1000,1000,1000,1000,1000,1000,1000,1000,1000,1000,1000,1000,1000,1000,1000,1000,1000,1000,1000,1000,1391.786,1000,1000,1000,1000,1000,1000,1000,1000,1000,1000,1000,1000,1000,1000,1000,1000,1000,1000,1000,1000,1000,1000,1000,1000,1000,1000,1000,1000,1000,1000,1217.705,1000,1211.351,1209.154,1208.409,1287.517,1273.895,1263.193,1250.301,1238.868,1236.435,1232.787,1232.3,1231.814,1235.219,1235.219,1234.733,1229.625,1228.895,1225.733,1223.3,1221.841,1224.273,1223.3,1222.327,1222.814,1221.354,1218.192,1216.854,1214.786,1212.476,1212.111,1211.746,1211.381,1213.205,1212.476,1214.786,1212.841,1211.016,1207.246,1205.969,1203.172,1203.415,1202.381,1203.172,1203.415,1203.962,1203.962,1203.962,1203.962,1202.381,1200.496,1198.641,1198.094,1197.242,1196.786,1196.786,1196.634,1196.057,1195.783,1000,1195.175,1195.661,1194.962,1194.962,1193.464,1298.707,1254.922,1240.327,1221.111,1210.165,1201.651,1199.219,1195.57,1194.597,1192.955,1191.739,1189.55,1188.516,1186.631,1186.631,1187.3,1188.759,1189.002,1191.739,1191.192,1192.651,1200.435,1208.219,1217.462,1231.814,1234.49,1237.895,1246.165,1244.706,1241.787,1240.327,1234.49,1229.868,1228.408,1227.679,1230.354,1226.462,1225.976,1226.462,1227.192,1225.246,1222.814,1219.165,1219.165,1212.597,1211.138,1209.678,1212.111,1208.705,1208.705,1205.422,1204.57,1200.8,1197.394,1194.597,1193.624,1192.043,1191.496,1191.192,1189.002,1186.874,1184.654,1182.708,1181.127,1180.314,1000,1000,1000,1000,1000,1000,1000,1000,1000,1000,1000,1000,1000,1000,1000,1000,1000,1000,1000,1000,1000,1000,1000,1000,1000,1000,1000,1000,1000,1000,1000,1000,1000,1000,1000,1000,1000,1000,1000,1000,1000,1000,1000,1000,1000,1000,1000,1000,1000,1000,1000,1000,1000,1000,1000,1000,1000,1000,1000,1000,1000,1000,1000,1000,1000,1000,1000,1000,1000,1000,1000,1000,1000,1000,1000,1000,1000,1000,1000,1000,1000,1000,1000,1000,1000,1000,1000,1000,1000,1000,1000,1000,1000,1000
1000,1000,1000,1000,1000,1000,1000,1000,1000,1000,1000,1000,1000,1000,1000,1000,1000,1000,1000,1000,1000,1000,1000,1000,1000,1000,1000,1000,1000,1000,1000,1000,1000,1000,1000,1000,1000,1000,1000,1000,1000,1000,1000,1000,1000,1000,1000,1000,1000,1000,1000,1000,1000,1000,1000,1000,1000,1000,1000,1000,1000,1000,1000,1000,1000,1000,1000,1000,1000,1000,1000,1000,1000,1000,1000,1000,1000,1000,1000,1000,1000,1000,1000,1000,1000,1000,1000,1000,1000,1000,1000,1000,1000,1000,1000,1000,1000,1000,1238.381,1239.841,1243.733,1252.49,1258.328,1262.22,1265.139,1273.895,1272.922,1280.22,1288.004,1179.143,1179.257,1179.675,1180.17,1180.398,1180.732,1180.823,1180.823,1180.474,1180.557,1181.021,1181.553,1182.708,1183.165,1000,1183.773,1184.654,1184.472,1185.232,1187.543,1188.273,1190.097,1191.496,1194.232,1193.624,1193.867,1192.651,1192.955,1193.259,1193.867,1194.597,1000,1000,1000,1206.395,1210.651,1207.246,1207.246,1204.084,1199.584,1195.935,1194.232,1000,1000,1000,1000,1000,1000,1000,1000,1000,1000,1000,1000,1000,1000,1000,1000,1000,1000,1000,1000,1000,1000,1000,1291.896,1289.463,1288.49,1291.896,1289.463,1293.842,1192.727,1192.917,1193.107,1193.791,1194.27,1194.019,1000,1000,1195.418,1000,1197.242,1198.459,1200.496,1201.408,1202.138,1203.962,1205.665,1000,1000,1000,1000,1000,1000,1000,1000,1000,1000,1000,1000,1000,1000,1000,1000,1000,1000,1000,1000,1117.306,1116.948,1118.043,1118.856,1118.963,1120.437,1123.143,1124.36,1126.731,1134.758,1000,1000,1000,1000,1000,1000,1000,1000,1000,1000,1000,1000,1000,1000,1000,1000,1000,1175.624,1172.948,1169.543,1176.597,1000,1000,1000,1000,1000,1000,1000,1000,1000,1000,1000,1000,1000,1000,1000,1000,1264.652,1263.193,1262.22,1000,1000,1000,1000,1000,1000,1000,1000,1000,1000,1000,1000,1000,1000,1000,1000,1000,1000,1000,1000,1000,1000,1000,1000,1000,1000,1154.705,1000,1149.84,1000,1000,1000,1000,1000,1000,1000,1000,1000,1000,1000,1000,1000,1000,1000,1000,1000,1000,1000,1000,1000,1000,1000,1000,1000,1000,1000,1000,1000,1000,1000,1000,1000,1000,1000,1000,1000,1000,1000,1000,1000,1000,1000,1000,1000,1000,1000,1000,1000,1000,1000,1000,1000,1000,1000,1000,1000,1000,1000,1000,1000,1000,1000,1000,1000,1000,1000,1000,1000,1000,1000,1000,1000,1000,1000,1000,1000,1000,1000,1000,1000,1000,1000,1000,1000,1000,1000,1000,1000,1000,1000,1000,1000,1000,1000,1000,1000,1000,1000,1145.948,1000,1000,1000,1000,1000,1000,1000,1000,1000,1000,1000,1000,1000,1000,1000,1000,1000,1000,1000,1000,1000,1000,1000,1000,1000,1000,1249.571,1235.949,1228.895,1228.895,1225.246,1223.3,1222.327,1222.327,1220.503,1220.503,1215.638,1214.786,1213.57,1211.016,1209.922,1211.381,1211.016,1209.922,1209.922,1209.192,1207.489,1205.969,1205.361,1203.962,1204.266,1204.266,1204.266,1204.266,1203.719,1203.962,1202.624,1201.651,1200.496,1199.644,1198.854,1198.276,1197.759,1197.577,1197.577,1197.09,1197.577,1197.911,1197.394,1196.786,1196.786,1195.661,1195.175,1194.962,1194.962,1194.354,1194.354,1194.179,1194.019,1193.464,1193.297,1193.404,1193.153,1192.879,1297.734,1279.733,1253.463,1237.408,1225.976,1211.138,1200.435,1197.759,1194.84,1191.739,1190.644,1189.793,1187.543,1186.205,1185.232,1185.019,1186.023,1188.029,1189.307,1193.259,1193.624,1195.205,1205.422,1213.327,1218.678,1225.246,1227.192,1227.679,1231.814,1229.138,1227.679,1222.814,1218.678,1214.3,1213.327,1212.597,1215.273,1211.624,1211.138,1210.651,1210.651,1209.192,1206.395,1203.719,1202.381,1198.124,1198.124,1199.584,1199.584,1197.759,1196.665,1194.597,1192.955,1192.043,1189.002,1187.3,1186.205,1185.597,1185.232,1185.232,1184.472,1183.469,1181.796,1181.021,1180.025,1179.371,1179.067,1000,1000,1000,1000,1000,1000,1000,1000,1000,1000,1000,1000,1000,1000,1000,1000,1000,1000,1000,1000,1000,1000,1000,1000,1000,1000,1000,1000,1000,1000,1000,1000,1000,1000,1000,1000,1000,1000,1000,1000,1000,1000,1000,1000,1000,1000,1000,1000,1000,1000,1000,1000,1000,1000,1000,1000,1000,1000,1000,1000,1000,1000,1000,1000,1000,1000,1000,1000,1000,1000,1000,1000,1000,1000,1000,1000,1000,1000,1000,1000,1000,1000,1000,1000,1000,1000,1000,1000,1000,1000,1000,1000,1000
1000,1000,1000,1000,1000,1000,1000,1000,1000,1000,1000,1000,1000,1000,1000,1000,1000,1000,1000,1000,1000,1000,1000,1000,1000,1000,1000,1000,1000,1000,1000,1000,1000,1000,1000,1000,1000,1000,1000,1000,1000,1000,1000,1000,1000,1000,1000,1000,1000,1000,1000,1000,1000,1000,1000,1000,1000,1000,1000,1000,1000,1000,1000,1000,1000,1000,1000,1000,1000,1000,1000,1000,1000,1000,1000,1000,1000,1000,1000,1000,1000,1000,1000,1000,1000,1000,1000,1000,1000,1000,1000,1000,1000,1000,1000,1000,1000,1000,1220.868,1220.868,1225.246,1230.111,1233.516,1239.841,1246.652,1000,1252.003,1260.274,1266.111,1271.949,1269.031,1278.274,1284.112,1287.031,1289.95,1179.219,1179.181,1179.029,1179.067,1179.181,1179.409,1179.843,1180.17,1180.474,1180.823,1181.34,1000,1181.796,1182.86,1183.773,1184.472,1185.597,1186.874,1187.3,1186.631,1186.448,1186.205,1187.117,1187.117,1188.516,1190.644,1000,1000,1198.124,1200.435,1198.854,1198.124,1196.3,1193.867,1193.259,1192.347,1000,1000,1000,1000,1000,1000,1000,1000,1000,1000,1000,1000,1000,1000,1000,1000,1000,1000,1000,1000,1000,1000,1000,1279.733,1279.733,1276.814,1281.679,1277.787,1282.652,1294.815,1298.707,1300.652,1193.069,1193.244,1000,1000,1000,1000,1000,1000,1000,1000,1000,1000,1000,1000,1000,1000,1000,1000,1000,1000,1000,1000,1000,1000,1000,1000,1000,1000,1000,1000,1000,1000,1117.306,1117.754,1117.26,1117.632,1000,1000,1120.741,1122.566,1000,1128.069,1000,1000,1000,1000,1000,1000,1000,1000,1000,1000,1000,1000,1000,1000,1000,1000,1000,1000,1000,1165.407,1164.191,1160.543,1166.867,1000,1000,1000,1000,1000,1000,1000,1000,1000,1000,1000,1000,1000,1000,1000,1000,1000,1000,1000,1000,1000,1000,1000,1000,1000,1000,1000,1000,1000,1000,1000,1000,1000,1000,1000,1000,1000,1000,1000,1000,1000,1000,1000,1000,1000,1164.191,1170.759,1161.029,1161.029,1000,1000,1196.057,1000,1000,1000,1000,1000,1000,1000,1000,1000,1000,1000,1000,1000,1000,1000,1000,1000,1000,1000,1000,1000,1000,1000,1000,1000,1000,1000,1000,1000,1000,1000,1000,1000,1000,1000,1000,1000,1000,1000,1000,1000,1000,1000,1000,1000,1000,1000,1000,1000,1000,1000,1000,1000,1000,1000,1000,1000,1000,1000,1000,1000,1000,1000,1000,1000,1000,1000,1000,1000,1000,1000,1000,1000,1000,1000,1000,1000,1000,1000,1000,1000,1000,1000,1000,1000,1000,1000,1000,1000,1000,1000,1140.596,1000,1135.853,1132.569,1134.029,1130.38,1132.569,1128.069,1128.069,1127.279,1129.225,1126.731,1126.488,1126.002,1125.515,1122.201,1122.201,1121.198,1121.866,1000,1121.349,1119.89,1119.768,1117.511,1229.625,1000,1000,1000,1000,1000,1000,1000,1000,1223.3,1221.354,1218.192,1213.205,1212.111,1210.651,1210.286,1210.286,1208.462,1207.854,1206.881,1203.962,1203.415,1203.719,1204.266,1202.928,1203.415,1202.381,1201.408,1199.644,1199.036,1198.094,1198.854,1198.094,1198.641,1198.641,1198.276,1197.759,1197.759,1196.33,1195.92,1195.296,1195.068,1194.552,1194.354,1194.095,1194.27,1193.936,1194.095,1194.019,1193.936,1193.586,1193.647,1193.244,1193.35,1193.198,1193.244,1193.031,1193.031,1192.955,1192.689,1297.734,1294.815,1292.869,1286.544,1280.706,1278.76,1264.652,1247.138,1236.679,1229.138,1210.651,1201.165,1195.57,1192.955,1189.55,1188.516,1188.273,1187.117,1184.837,1183.955,1183.469,1183.773,1183.621,1187.3,1191.496,1194.84,1194.84,1206.881,1209.192,1213.327,1214.3,1217.462,1217.462,1219.165,1216.976,1216.003,1211.138,1206.881,1202.867,1202.867,1201.651,1202.867,1200.435,1201.165,1198.489,1198.489,1197.759,1195.935,1193.624,1193.259,1190.34,1189.793,1190.097,1189.002,1187.117,1187.3,1186.205,1186.205,1186.874,1185.84,1184.837,1183.955,1183.773,1182.298,1182.572,1182.039,1181.447,1180.025,1179.843,1179.257,1000,1269.031,1000,1000,1000,1000,1000,1000,1000,1000,1000,1000,1000,1000,1000,1000,1000,1000,1000,1000,1000,1000,1000,1000,1000,1000,1000,1000,1000,1000,1000,1000,1000,1000,1000,1000,1000,1000,1000,1000,1000,1000,1000,1000,1000,1000,1000,1000,1000,1000,1000,1000,1000,1000,1000,1000,1000,1000,1000,1000,1000,1000,1000,1000,1000,1000,1000,1000,1000,1000,1000,1000,1000,1000,1000,1000,1000,1000,1000,1000,1000,1000,1000,1000,1000,1000,1000,1000,1000,1000,1000,1000,1000,1000,1000
1000,1000,1000,1000,1000,1000,1000,1000,1000,1000,1000,1000,1000,1000,1000,1000,1000,1000,1000,1000,1000,1000,1000,1000,1000,1000,1000,1000,1000,1000,1000,1000,1000,1000,1000,1000,1000,1000,1000,1000,1000,1000,1000,1000,1000,1000,1000,1000,1000,1000,1000,1000,1000,1000,1000,1000,1000,1000,1000,1000,1000,1000,1000,1000,1000,1000,1000,1000,1000,1000,1000,1000,1000,1000,1000,1000,1000,1000,1000,1000,1000,1000,1000,1000,1000,1000,1000,1000,1000,1000,1000,1000,1000,1000,1000,1000,1000,1000,1000,1202.381,1207.489,1209.678,1211.138,1217.462,1223.787,1000,1228.652,1236.435,1241.3,1245.679,1242.273,1246.652,1000,1261.247,1263.193,1269.031,1272.922,1270.976,1267.084,1270.003,1282.166,1179.029,1179.143,1179.485,1179.782,1179.729,1179.729,1180.025,1180.17,1180.557,1180.823,1181.34,1181.675,1182.572,1182.039,1182.298,1182.161,1182.86,1183.012,1183.621,1185.019,1187.543,1188.029,1189.55,1192.043,1191.739,1190.888,1190.644,1189.307,1188.759,1187.786,1186.874,1184.472,1000,1000,1000,1000,1000,1143.652,1000,1000,1000,1000,1000,1000,1000,1000,1000,1000,1000,1000,1000,1000,1000,1000,1000,1000,1269.031,1266.111,1271.949,1282.652,1000,1000,1000,1000,1000,1000,1000,1000,1000,1000,1000,1000,1000,1000,1000,1000,1000,1000,1000,1000,1000,1000,1000,1000,1000,1000,1000,1000,1000,1000,1000,1000,1000,1000,1000,1000,1000,1000,1000,1000,1000,1000,1000,1000,1000,1000,1000,1000,1000,1000,1000,1000,1000,1000,1000,1000,1000,1000,1000,1000,1000,1162.975,1162.489,1161.029,1159.326,1000,1000,1000,1000,1000,1000,1000,1000,1000,1000,1000,1000,1000,1000,1000,1000,1000,1000,1000,1000,1000,1000,1000,1000,1000,1000,1000,1000,1000,1000,1000,1000,1000,1000,1000,1000,1000,1000,1000,1000,1000,1000,1000,1000,1000,1000,1000,1000,1179.516,1168.083,1167.597,1175.137,1183.894,1194.597,1000,1000,1000,1000,1000,1000,1000,1000,1000,1000,1192.651,1000,1000,1000,1000,1000,1000,1000,1000,1000,1000,1000,1000,1000,1000,1000,1000,1000,1000,1000,1000,1000,1000,1000,1000,1000,1000,1000,1000,1000,1000,1000,1000,1000,1000,1000,1000,1000,1000,1000,1000,1000,1000,1000,1000,1000,1000,1000,1000,1000,1000,1000,1000,1000,1000,1000,1000,1000,1000,1000,1000,1000,1000,1000,1000,1000,1000,1000,1000,1000,1000,1147.894,1000,1000,1000,1000,1000,1000,1000,1140.961,1134.029,1137.677,1000,1000,1128.373,1132.569,1000,1000,1127.826,1127.279,1125.758,1125.029,1123.752,1124.177,1123.934,1122.201,1120.589,1120.741,1120.027,1120.741,1120.437,1120.893,1120.027,1120.301,1118.75,1117.823,1117.138,1000,1000,1000,1000,1000,1000,1000,1000,1000,1216.489,1211.016,1208.462,1206.881,1206.273,1205.969,1205.117,1203.719,1201.895,1199.219,1198.641,1198.641,1198.641,1197.911,1198.276,1197.911,1196.938,1196.057,1195.54,1195.296,1195.418,1194.856,1195.068,1195.068,1194.552,1194.095,1194.179,1193.404,1193.404,1193.153,1193.107,1192.917,1192.879,1192.651,1192.689,1300.652,1303.571,1302.599,1301.625,1296.76,1300.652,1293.842,1295.788,1295.788,1296.76,1291.896,1291.896,1288.49,1282.652,1276.814,1273.895,1270.976,1265.625,1259.301,1254.922,1243.733,1234.49,1225.976,1219.895,1207.246,1201.165,1193.624,1191.739,1188.759,1189.307,1187.786,1187.543,1184.837,1183.773,1182.86,1184.137,1184.137,1188.273,1000,1197.03,1000,1201.651,1203.719,1204.57,1205.422,1208.219,1208.219,1206.395,1205.908,1203.232,1199.219,1196.3,1195.935,1195.935,1194.232,1195.57,1193.867,1193.624,1190.888,1189.793,1188.273,1186.205,1185.019,1185.232,1184.472,1183.621,1183.621,1182.86,1182.435,1182.435,1182.161,1182.039,1182.298,1180.93,1180.474,1180.17,1180.094,1179.675,1180.17,1180.094,1179.903,1179.105,1288.977,1273.895,1259.301,1245.679,1000,1000,1000,1000,1000,1000,1000,1000,1000,1000,1000,1000,1000,1000,1000,1000,1000,1000,1000,1000,1000,1000,1000,1000,1000,1000,1000,1000,1000,1000,1000,1000,1000,1000,1000,1000,1000,1000,1000,1000,1000,1000,1000,1000,1000,1000,1000,1000,1000,1000,1000,1000,1000,1000,1000,1000,1000,1000,1000,1000,1000,1000,1000,1000,1000,1000,1000,1000,1000,1000,1000,1000,1000,1000,1000,1000,1000,1000,1000,1000,1000,1000,1000,1000,1000,1000,1000,1000,1000,1000,1000,1000,1000
1000,1000,1000,1000,1000,1000,1000,1000,1000,1000,1000,1000,1000,1000,1000,1000,1000,1000,1000,1000,1000,1000,1000,1000,1000,1000,1000,1000,1000,1000,1000,1000,1000,1000,1000,1000,1000,1000,1000,1000,1000,1000,1000,1000,1000,1000,1000,1000,1000,1000,1000,1000,1000,1000,1000,1000,1000,1000,1000,1000,1000,1000,1000,1000,1000,1000,1000,1000,1000,1000,1000,1000,1000,1000,1000,1000,1000,1000,1000,1000,1000,1000,1000,1000,1000,1000,1000,1000,1000,1000,1000,1000,1000,1000,1000,1000,1000,1000,1000,1000,1195.084,1195.084,1195.57,1198.003,1206.273,1211.624,1211.624,1220.138,1228.652,1226.706,1221.597,1226.706,1000,1000,1236.435,1243.246,1247.625,1246.652,1245.679,1248.111,1261.247,1265.139,1269.031,1276.814,1000,1284.112,1287.031,1179.105,1179.257,1179.371,1179.409,1179.675,1179.782,1180.238,1180.17,1180.398,1180.398,1180.823,1180.93,1180.93,1181.447,1182.708,1182.86,1183.773,1185.597,1185.84,1185.84,1186.205,1185.84,1186.023,1185.84,1185.84,1184.29,1000,1000,1000,1000,1000,1000,1000,1000,1000,1000,1000,1000,1000,1000,1000,1000,1000,1000,1000,1000,1000,1000,1000,1000,1000,1000,1000,1000,1000,1000,1000,1000,1000,1000,1000,1000,1000,1000,1000,1000,1000,1000,1000,1000,1000,1000,1000,1000,1000,1000,1000,1000,1000,1000,1000,1000,1000,1000,1000,1000,1000,1000,1000,1000,1000,1000,1000,1000,1000,1000,1000,1000,1000,1000,1000,1000,1000,1000,1000,1000,1000,1000,1000,1000,1000,1000,1000,1158.11,1160.056,1155.921,1158.11,1160.056,1000,1000,1000,1000,1000,1000,1000,1000,1000,1000,1000,1000,1000,1000,1000,1000,1000,1000,1000,1000,1000,1000,1000,1000,1000,1000,1000,1000,1000,1000,1000,1000,1000,1000,1000,1000,1000,1000,1000,1000,1000,1000,1000,1000,1000,1000,1000,1000,1000,1180.975,1172.218,1170.029,1176.597,1000,1000,1000,1000,1000,1000,1000,1000,1000,1000,1000,1186.083,1188.273,1000,1000,1000,1000,1000,1000,1000,1000,1000,1000,1000,1000,1000,1000,1000,1000,1000,1000,1000,1000,1000,1000,1000,1000,1000,1000,1000,1000,1000,1000,1000,1000,1000,1000,1000,1000,1000,1000,1000,1000,1000,1000,1000,1000,1000,1000,1000,1000,1000,1000,1000,1000,1000,1000,1000,1000,1000,1000,1000,1000,1000,1000,1000,1000,1000,1000,1000,1000,1000,1000,1149.84,1145.948,1147.894,1000,1000,1000,1000,1000,1000,1000,1141.813,1000,1000,1000,1000,1000,1136.218,1131.353,1000,1126.245,1000,1121.866,1122.018,1121.866,1120.741,1120.893,1121.349,1121.045,1122.961,1122.961,1123.752,1122.566,1122.566,1120.164,1119.069,1117.823,1000,1000,1000,1000,1000,1000,1000,1000,1000,1000,1000,1000,1200.496,1199.644,1200.922,1201.165,1200.739,1198.641,1196.33,1195.54,1194.962,1194.749,1194.643,1194.643,1194.27,1193.936,1193.464,1193.297,1193.153,1193.244,1193.069,1193.153,1193.031,1192.955,1192.727,1192.765,1300.652,1301.625,1293.842,1292.869,1287.517,1282.652,1278.76,1281.679,1274.868,1274.868,1276.814,1274.868,1271.949,1270.976,1268.057,1270.003,1270.976,1270.976,1270.976,1270.976,1265.625,1259.301,1254.436,1251.03,1247.138,1245.679,1240.327,1237.895,1233.03,1226.462,1218.678,1216.489,1209.678,1206.395,1200.435,1000,1000,1000,1000,1192.955,1187.543,1185.84,1184.29,1185.415,1184.137,1188.029,1192.955,1193.867,1193.259,1195.57,1196.665,1197.394,1197.03,1198.124,1198.489,1196.665,1194.84,1193.624,1191.496,1190.34,1190.34,1190.34,1188.516,1189.307,1187.543,1187.117,1185.415,1184.29,1182.86,1181.447,1181.34,1181.447,1181.34,1180.732,1180.732,1179.964,1179.843,1179.843,1179.903,1179.675,1179.675,1179.219,1179.181,1287.031,1288.004,1282.166,1285.085,1285.085,1179.067,1274.868,1271.949,1261.247,1000,1000,1000,1000,1000,1000,1000,1000,1000,1000,1000,1000,1000,1000,1000,1000,1000,1000,1000,1000,1000,1000,1000,1000,1000,1000,1000,1000,1000,1000,1000,1000,1000,1000,1000,1000,1000,1000,1000,1000,1000,1000,1000,1000,1000,1000,1000,1000,1000,1000,1000,1000,1000,1000,1000,1000,1000,1000,1000,1000,1000,1000,1000,1000,1000,1000,1000,1000,1000,1000,1000,1000,1000,1000,1000,1000,1000,1000,1000,1000,1000,1000,1000,1000,1000,1000,1000,1000,1000,1000,1000,1000,1000,1000,1000
1000,1000,1000,1000,1000,1000,1000,1000,1000,1000,1000,1000,1000,1000,1000,1000,1000,1000,1000,1000,1000,1000,1000,1000,1000,1000,1000,1000,1000,1000,1000,1000,1000,1000,1000,1000,1000,1000,1000,1000,1000,1000,1000,1000,1000,1000,1000,1000,1000,1000,1000,1000,1000,1000,1000,1000,1000,1000,1000,1000,1000,1000,1000,1000,1000,1000,1000,1000,1000,1000,1000,1000,1000,1000,1000,1000,1000,1000,1000,1000,1000,1000,1000,1000,1000,1000,1000,1000,1000,1000,1000,1000,1000,1000,1000,1000,1000,1000,1000,1000,1185.597,1184.137,1185.597,1188.029,1195.084,1197.03,1200.192,1206.759,1214.057,1211.138,1211.138,1212.841,1217.462,1000,1218.678,1221.597,1226.706,1226.706,1229.625,1232.057,1241.3,1241.3,1243.733,1247.625,1000,1253.463,1257.355,1263.193,1268.057,1272.922,1275.841,1284.112,1285.085,1179.029,1179.067,1179.143,1179.181,1179.447,1179.577,1179.675,1179.729,1180.094,1180.094,1180.17,1180.93,1181.34,1181.675,1182.161,1182.298,1182.572,1182.86,1183.165,1183.012,1000,1000,1000,1000,1000,1000,1000,1000,1000,1000,1000,1000,1000,1000,1000,1000,1000,1000,1000,1000,1000,1000,1000,1000,1000,1000,1000,1000,1000,1000,1000,1000,1000,1000,1000,1000,1000,1000,1000,1000,1000,1000,1000,1000,1000,1000,1000,1000,1000,1000,1000,1000,1000,1000,1000,1000,1000,1000,1000,1000,1000,1000,1000,1000,1000,1000,1000,1000,1000,1000,1256.868,1262.706,1000,1000,1000,1000,1000,1000,1000,1000,1000,1000,1000,1000,1000,1000,1000,1155.921,1155.921,1153.002,1154.218,1155.921,1000,1000,1000,1000,1000,1000,1000,1000,1000,1000,1000,1000,1000,1000,1000,1000,1000,1000,1000,1000,1000,1000,1000,1000,1000,1000,1000,1000,1000,1000,1000,1000,1000,1000,1000,1000,1000,1000,1000,1000,1000,1000,1000,1000,1000,1000,1000,1000,1000,1175.624,1168.813,1171.489,1177.083,1000,1000,1000,1000,1000,1000,1000,1000,1000,1000,1000,1184.624,1185.354,1177.083,1000,1000,1000,1000,1000,1000,1000,1000,1000,1000,1000,1000,1000,1000,1000,1000,1000,1000,1000,1000,1000,1000,1000,1000,1000,1000,1000,1000,1000,1000,1000,1000,1000,1000,1000,1000,1000,1000,1000,1000,1000,1000,1000,1000,1000,1000,1000,1000,1000,1000,1000,1000,1000,1000,1000,1177.813,1180.489,1181.219,1177.813,1179.273,1177.083,1000,1000,1000,1000,1000,1000,1000,1000,1000,1000,1000,1000,1000,1000,1000,1000,1000,1000,1000,1000,1000,1000,1000,1000,1000,1134.758,1131.353,1127.522,1000,1122.201,1000,1000,1000,1000,1000,1000,1000,1000,1000,1000,1125.272,1121.198,1120.741,1118.659,1118.126,1000,1219.895,1217.462,1212.597,1198.975,1000,1000,1000,1000,1000,1000,1000,1000,1000,1197.394,1197.759,1196.057,1194.643,1194.019,1193.586,1193.297,1193.153,1192.955,1192.803,1192.689,1296.76,1292.869,1293.842,1292.869,1286.544,1288.49,1284.598,1283.625,1276.814,1279.733,1275.841,1278.76,1272.922,1274.868,1270.003,1266.111,1260.274,1261.733,1255.895,1252.003,1252.49,1251.03,1247.138,1247.625,1245.679,1247.625,1249.571,1250.057,1247.625,1249.571,1243.246,1239.354,1234.49,1233.76,1229.868,1229.868,1225.246,1224.76,1219.165,1216.976,1210.651,1210.651,1204.57,1203.719,1199.219,1000,1000,1000,1000,1000,1191.739,1190.34,1187.786,1189.307,1186.631,1188.516,1189.793,1191.496,1189.793,1190.644,1190.644,1190.644,1189.002,1190.097,1190.644,1188.759,1187.543,1187.3,1185.232,1184.29,1184.472,1184.137,1183.012,1183.621,1183.012,1182.708,1181.918,1181.021,1180.238,1179.622,1179.485,1179.577,1179.622,1179.447,1179.333,1289.95,1287.031,1288.004,1285.085,1283.139,1278.274,1271.949,1269.031,1265.139,1263.193,1259.301,1257.355,1257.355,1264.166,1259.301,1255.409,1000,1000,1000,1000,1000,1000,1000,1000,1000,1000,1000,1000,1000,1000,1000,1000,1000,1000,1000,1000,1000,1000,1000,1000,1000,1000,1000,1000,1000,1000,1000,1000,1000,1000,1000,1000,1000,1000,1000,1000,1000,1000,1000,1000,1000,1000,1000,1000,1000,1000,1000,1000,1000,1000,1000,1000,1000,1000,1000,1000,1000,1000,1000,1000,1000,1000,1000,1000,1000,1000,1000,1000,1000,1000,1000,1000,1000,1000,1000,1000,1000,1000,1000,1000,1000,1000,1000,1000,1000,1000,1000,1000,1000,1000,1000,1000
1000,1000,1000,1000,1000,1000,1000,1000,1000,1000,1000,1000,1000,1000,1000,1000,1000,1000,1000,1000,1000,1000,1000,1000,1000,1000,1000,1000,1000,1000,1000,1000,1000,1000,1000,1000,1000,1000,1000,1000,1000,1000,1000,1000,1000,1000,1000,1000,1000,1000,1000,1000,1000,1000,1000,1000,1000,1000,1000,1000,1000,1000,1000,1000,1000,1000,1000,1000,1000,1000,1000,1000,1000,1000,1000,1000,1000,1000,1000,1000,1000,1000,1000,1000,1000,1000,1000,1000,1000,1000,1000,1000,1000,1000,1000,1000,1000,1000,1000,1000,1175.928,1176.171,1177.023,1179.637,1183.773,1185.232,1187.543,1193.259,1196.543,1194.111,1195.57,1198.003,1198.489,1196.543,1202.381,1206.273,1211.138,1214.057,1216.246,1216.733,1222.327,1222.327,1224.273,1229.625,1234.003,1237.408,1238.868,1247.625,1247.625,1257.355,1259.301,1265.139,1262.22,1268.057,1268.057,1268.057,1271.949,1280.22,1285.085,1287.031,1288.977,1179.181,1179.181,1179.181,1179.447,1179.843,1179.903,1180.17,1180.238,1180.732,1181.34,1000,1000,1000,1000,1000,1000,1000,1000,1000,1000,1000,1000,1000,1000,1000,1000,1000,1000,1000,1000,1000,1000,1000,1000,1000,1000,1000,1000,1000,1000,1000,1000,1000,1000,1000,1000,1000,1000,1000,1000,1000,1000,1000,1000,1000,1000,1000,1000,1000,1000,1000,1000,1000,1000,1000,1000,1000,1000,1000,1000,1000,1000,1000,1000,1000,1000,1000,1000,1000,1235.219,1239.354,1000,1000,1000,1000,1000,1000,1000,1000,1000,1000,1000,1000,1000,1000,1000,1000,1000,1156.894,1153.732,1153.002,1153.732,1155.191,1160.056,1000,1000,1000,1000,1000,1000,1000,1000,1000,1000,1000,1000,1000,1000,1000,1000,1000,1000,1000,1000,1000,1000,1000,1000,1000,1000,1000,1000,1000,1000,1000,1000,1000,1000,1000,1000,1000,1000,1000,1000,1000,1000,1000,1000,1000,1000,1000,1000,1000,1172.948,1166.867,1170.759,1000,1000,1000,1000,1000,1000,1000,1000,1000,1000,1174.164,1179.273,1188.759,1185.354,1000,1000,1000,1000,1000,1000,1000,1000,1000,1000,1000,1000,1000,1000,1000,1000,1000,1000,1000,1000,1000,1000,1000,1000,1000,1000,1000,1000,1000,1000,1000,1000,1000,1000,1000,1000,1000,1000,1000,1000,1000,1000,1000,1000,1000,1000,1000,1000,1000,1000,1000,1000,1000,1000,1000,1000,1169.786,1171.732,1172.218,1171.002,1171.002,1167.597,1000,1000,1000,1000,1000,1000,1000,1000,1000,1000,1000,1000,1000,1000,1000,1000,1000,1000,1000,1000,1000,1000,1000,1000,1000,1000,1000,1000,1000,1000,1000,1000,1000,1000,1000,1000,1000,1000,1000,1000,1000,1000,1000,1000,1000,1000,1229.625,1218.435,1206.759,1198.975,1193.624,1000,1000,1000,1000,1000,1000,1000,1000,1000,1000,1196.482,1194.27,1193.244,1192.955,1302.599,1295.788,1288.49,1284.598,1281.679,1270.976,1268.057,1268.057,1268.057,1262.706,1266.111,1262.706,1260.274,1254.922,1256.868,1254.922,1253.463,1246.165,1246.165,1242.273,1238.868,1234.49,1239.354,1235.949,1231.814,1232.3,1234.49,1230.354,1229.868,1228.408,1229.138,1227.192,1227.192,1227.192,1227.679,1224.03,1221.597,1217.462,1215.273,1213.814,1214.3,1212.111,1211.624,1210.651,1209.678,1205.057,1203.232,1200.435,1198.854,1194.84,1195.935,1194.84,1196.665,1000,1000,1188.273,1186.205,1184.837,1186.023,1184.137,1185.019,1186.023,1186.205,1185.597,1185.415,1185.019,1184.472,1183.773,1183.955,1184.472,1183.955,1183.165,1183.012,1182.039,1181.234,1181.34,1180.93,1180.238,1180.398,1180.398,1179.964,1179.843,1179.371,1179.029,1281.193,1276.814,1278.274,1279.247,1274.868,1269.031,1262.22,1258.328,1260.274,1260.274,1256.382,1255.409,1253.463,1249.084,1248.111,1243.246,1243.733,1237.408,1235.949,1000,1000,1000,1000,1000,1000,1000,1000,1000,1000,1000,1000,1000,1000,1000,1000,1000,1000,1000,1000,1000,1000,1000,1000,1000,1000,1000,1000,1000,1000,1000,1000,1000,1000,1000,1000,1000,1000,1000,1000,1000,1000,1000,1000,1000,1000,1000,1000,1000,1000,1000,1000,1000,1000,1000,1000,1000,1000,1000,1000,1000,1000,1000,1000,1000,1000,1000,1000,1000,1000,1000,1000,1000,1000,1000,1000,1000,1000,1000,1000,1000,1000,1000,1000,1000,1000,1000,1000,1000,1000,1000,1000,1000,1000,1000,1000,1000,1000,1000
1000,1000,1000,1000,1000,1000,1000,1000,1000,1000,1000,1000,1000,1000,1000,1000,1000,1000,1000,1000,1000,1000,1000,1000,1000,1000,1000,1000,1000,1000,1000,1000,1000,1000,1000,1000,1000,1000,1000,1000,1000,1000,1000,1000,1000,1000,1000,1000,1000,1000,1000,1000,1000,1000,1000,1000,1000,1000,1000,1000,1000,1000,1000,1000,1000,1000,1000,1000,1000,1000,1000,1000,1000,1000,1000,1000,1000,1000,1000,1000,1000,1000,1000,1000,1000,1000,1000,1000,1000,1000,1000,1000,1000,1000,1000,1000,1000,1000,1000,1000,1169.847,1172.218,1000,1000,1177.874,1178.117,1179.637,1184.502,1186.813,1185.597,1187.178,1189.246,1187.178,1188.029,1190.462,1000,1196.057,1200.192,1201.165,1203.354,1205.543,1203.354,1204.57,1207.976,1211.624,1216.733,1219.408,1228.652,1229.625,1238.381,1242.273,1247.625,1244.706,1250.057,1250.057,1249.084,1252.003,1260.274,1265.139,1270.976,1270.003,1280.22,1000,1000,1000,1000,1000,1000,1179.333,1000,1000,1000,1000,1000,1000,1000,1000,1000,1000,1000,1000,1000,1000,1000,1000,1000,1000,1000,1000,1000,1000,1000,1000,1000,1000,1000,1000,1000,1000,1000,1000,1000,1000,1000,1000,1000,1000,1000,1000,1000,1000,1000,1000,1000,1000,1000,1000,1000,1000,1000,1000,1000,1000,1000,1000,1000,1000,1000,1000,1000,1000,1000,1000,1000,1000,1000,1000,1000,1000,1223.3,1228.408,1228.408,1231.814,1233.76,1000,1000,1000,1248.598,1248.598,1255.895,1000,1000,1000,1000,1000,1257.355,1000,1000,1000,1153.002,1152.516,1152.516,1153.002,1154.705,1159.326,1000,1000,1000,1000,1000,1000,1000,1000,1000,1000,1000,1000,1000,1000,1000,1000,1000,1000,1000,1000,1000,1000,1000,1000,1000,1000,1000,1000,1000,1000,1000,1000,1000,1000,1000,1000,1000,1000,1000,1000,1000,1000,1000,1193.198,1000,1000,1000,1000,1000,1164.921,1161.029,1169.543,1000,1000,1000,1000,1000,1000,1000,1000,1000,1000,1179.759,1184.624,1186.813,1182.435,1000,1000,1000,1000,1000,1000,1000,1000,1000,1000,1000,1000,1000,1000,1000,1000,1000,1000,1000,1000,1000,1000,1000,1000,1000,1000,1000,1000,1000,1000,1000,1000,1000,1000,1000,1000,1000,1000,1000,1000,1000,1000,1000,1000,1000,1000,1000,1000,1000,1000,1000,1000,1000,1000,1000,1000,1171.002,1171.002,1172.218,1170.516,1169.299,1166.867,1000,1000,1000,1000,1000,1000,1000,1000,1000,1000,1000,1000,1000,1000,1000,1000,1000,1000,1000,1000,1000,1000,1000,1000,1000,1000,1000,1000,1000,1000,1000,1000,1000,1000,1257.355,1000,1000,1000,1000,1000,1000,1000,1000,1000,1000,1000,1223.787,1207.732,1192.651,1187.3,1180.489,1000,1000,1000,1000,1000,1000,1000,1000,1000,1000,1000,1000,1192.765,1192.689,1291.896,1284.598,1274.868,1267.084,1262.706,1256.868,1254.436,1254.436,1255.895,1251.03,1250.057,1246.165,1243.246,1237.895,1237.895,1237.408,1233.76,1230.354,1228.408,1226.462,1224.03,1222.814,1223.3,1221.597,1217.462,1217.462,1216.976,1214.786,1213.814,1213.327,1213.327,1213.814,1213.814,1214.786,1214.786,1212.111,1211.138,1207.732,1206.881,1207.246,1207.732,1205.908,1205.422,1204.57,1203.232,1198.854,1196.3,1196.3,1194.232,1192.043,1193.867,1192.043,1192.043,1188.759,1186.631,1184.837,1184.29,1183.012,1183.621,1182.86,1182.435,1183.012,1183.165,1182.708,1181.796,1181.796,1181.234,1180.823,1180.648,1180.648,1180.314,1179.843,1179.729,1179.622,1179.531,1179.577,1179.371,1179.257,1179.181,1179.143,1284.112,1288.004,1273.895,1262.22,1260.274,1258.328,1257.355,1260.274,1257.355,1250.057,1243.246,1239.841,1238.868,1238.381,1234.976,1234.976,1228.165,1225.733,1225.246,1220.868,1218.678,1214.786,1000,1000,1000,1000,1000,1000,1000,1000,1000,1000,1000,1000,1000,1000,1000,1000,1000,1000,1000,1000,1000,1000,1000,1000,1000,1000,1000,1000,1000,1000,1000,1000,1000,1000,1000,1000,1000,1000,1000,1000,1000,1000,1000,1000,1000,1000,1000,1000,1000,1000,1000,1000,1000,1000,1000,1000,1000,1000,1000,1000,1000,1000,1000,1000,1000,1000,1000,1000,1000,1000,1000,1000,1000,1000,1000,1000,1000,1000,1000,1000,1000,1000,1000,1000,1000,1000,1000,1000,1000,1000,1000,1000,1000,1000,1000,1000,1000,1000,1000,1000
1000,1000,1000,1000,1000,1000,1000,1000,1000,1000,1000,1000,1000,1000,1000,1000,1000,1000,1000,1000,1000,1000,1000,1000,1000,1000,1000,1000,1000,1000,1000,1000,1000,1000,1000,1000,1000,1000,1000,1000,1000,1000,1000,1000,1000,1000,1000,1000,1000,1000,1000,1000,1000,1000,1000,1000,1000,1000,1000,1000,1000,1000,1000,1000,1000,1000,1000,1000,1000,1000,1000,1000,1000,1000,1000,1000,1000,1000,1000,1000,1000,1000,1000,1000,1000,1000,1000,1000,1000,1000,1000,1000,1000,1000,1000,1000,1000,1000,1000,1000,1000,1000,1000,1000,1000,1000,1000,1178.421,1181.219,1180.246,1181.583,1182.678,1180.61,1180.975,1181.583,1000,1187.543,1189.61,1190.097,1191.435,1193.624,1191.435,1194.597,1198.003,1000,1203.354,1205.057,1209.192,1211.624,1216.733,1223.787,1232.057,1232.057,1237.408,1238.381,1000,1000,1000,1000,1000,1252.49,1000,1000,1000,1000,1000,1000,1000,1000,1000,1000,1000,1000,1000,1108.313,1109.339,1110.571,1111.772,1113.839,1000,1000,1000,1000,1000,1000,1000,1000,1000,1000,1000,1000,1000,1000,1000,1000,1000,1000,1000,1000,1000,1000,1000,1000,1000,1000,1000,1000,1000,1000,1000,1000,1000,1000,1000,1000,1000,1000,1000,1000,1000,1000,1000,1000,1000,1000,1000,1000,1000,1000,1000,1000,1000,1000,1000,1000,1000,1000,1000,1210.651,1213.814,1216.976,1216.976,1000,1000,1000,1000,1000,1233.03,1234.49,1242.273,1000,1000,1252.003,1000,1000,1252.49,1000,1000,1150.326,1147.894,1148.38,1147.894,1148.38,1149.84,1000,1000,1000,1000,1000,1000,1000,1000,1000,1000,1000,1000,1000,1000,1000,1000,1000,1000,1000,1000,1000,1000,1000,1000,1000,1000,1000,1000,1000,1000,1000,1000,1000,1000,1000,1000,1294.815,1301.625,1000,1000,1000,1000,1000,1000,1303.571,1298.707,1000,1000,1000,1160.543,1158.11,1159.326,1170.759,1000,1000,1000,1000,1000,1000,1000,1000,1000,1000,1000,1000,1000,1000,1000,1000,1000,1000,1000,1000,1000,1000,1000,1000,1000,1000,1000,1000,1000,1000,1000,1000,1000,1000,1000,1000,1000,1000,1000,1000,1000,1000,1000,1000,1000,1000,1000,1000,1000,1000,1000,1000,1000,1000,1000,1000,1000,1000,1000,1000,1000,1000,1000,1000,1000,1000,1000,1000,1000,1000,1171.002,1169.299,1169.786,1168.57,1166.867,1164.678,1158.11,1000,1000,1000,1000,1000,1000,1000,1000,1000,1000,1000,1000,1000,1000,1000,1000,1000,1000,1000,1000,1000,1000,1000,1000,1000,1000,1000,1000,1000,1000,1267.084,1258.328,1261.733,1260.274,1254.922,1246.165,1243.246,1237.895,1232.3,1227.192,1000,1000,1000,1000,1000,1000,1205.786,1191.678,1190.705,1190.705,1000,1000,1000,1000,1000,1000,1000,1000,1000,1000,1000,1000,1000,1000,1000,1261.733,1248.598,1247.138,1247.138,1240.814,1238.868,1238.868,1237.895,1233.76,1231.814,1231.814,1229.138,1225.246,1225.976,1225.246,1219.165,1215.273,1213.814,1211.138,1209.678,1210.165,1212.111,1210.165,1206.881,1207.246,1205.422,1203.719,1202.867,1202.381,1200.8,1201.651,1200.8,1201.165,1201.165,1200.435,1199.948,1199.219,1199.584,1199.948,1200.8,1199.584,1198.854,1198.489,1198.489,1195.205,1193.259,1192.347,1190.888,1188.759,1189.002,1185.84,1185.415,1183.165,1182.039,1181.796,1181.675,1181.127,1181.127,1180.823,1180.398,1180.557,1180.398,1180.025,1179.531,1179.409,1179.257,1179.219,1179.257,1179.295,1179.181,1289.95,1288.977,1285.085,1283.139,1280.22,1271.949,1265.139,1261.247,1256.382,1251.03,1253.463,1247.625,1242.273,1244.706,1240.814,1243.246,1242.273,1241.3,1234.003,1228.165,1220.868,1221.597,1219.408,1216.733,1220.868,1217.462,1212.841,1211.138,1207.489,1206.273,1201.651,1000,1000,1000,1000,1000,1000,1000,1000,1000,1000,1000,1000,1000,1000,1000,1000,1000,1000,1000,1000,1000,1000,1000,1000,1000,1000,1000,1000,1000,1000,1000,1000,1000,1000,1000,1000,1000,1000,1000,1000,1000,1000,1000,1000,1000,1000,1000,1000,1000,1000,1000,1000,1000,1000,1000,1000,1000,1000,1000,1000,1000,1000,1000,1000,1000,1000,1000,1000,1000,1000,1000,1000,1000,1000,1000,1000,1000,1000,1000,1000,1000,1000,1000,1000,1000,1000,1000,1000,1000,1000,1000,1000,1000,1000,1000,1000,1000,1000,1000,1000
1000,1000,1000,1000,1000,1000,1000,1000,1000,1000,1000,1000,1000,1000,1000,1000,1000,1000,1000,1000,1000,1000,1000,1000,1000,1000,1000,1000,1000,1000,1000,1000,1000,1000,1000,1000,1000,1000,1000,1000,1000,1000,1000,1000,1000,1000,1000,1000,1000,1000,1000,1000,1000,1000,1000,1000,1000,1000,1000,1000,1000,1000,1000,1000,1000,1000,1000,1000,1000,1000,1000,1000,1000,1000,1000,1000,1000,1000,1000,1000,1000,1000,1000,1000,1000,1000,1000,1000,1000,1000,1000,1000,1000,1000,1000,1000,1000,1000,1000,1000,1000,1000,1000,1000,1000,1000,1000,1000,1000,1000,1175.928,1176.475,1174.651,1000,1000,1000,1180.246,1182.313,1181.948,1182.678,1185.232,1184.867,1188.759,1000,1000,1200.192,1200.678,1000,1000,1000,1000,1000,1000,1000,1000,1000,1000,1000,1000,1000,1000,1000,1000,1000,1000,1000,1000,1000,1000,1000,1000,1000,1000,1107.963,1108.093,1108.169,1108.473,1109.552,1110.434,1110.708,1112.471,1000,1000,1000,1000,1000,1000,1000,1000,1000,1000,1000,1000,1000,1000,1000,1000,1000,1000,1000,1000,1000,1150.813,1155.678,1161.759,1174.164,1000,1000,1000,1000,1000,1000,1000,1000,1000,1000,1000,1000,1000,1000,1000,1000,1000,1000,1000,1000,1000,1000,1000,1000,1000,1000,1000,1000,1000,1000,1000,1202.381,1201.165,1203.719,1203.719,1205.057,1207.246,1000,1000,1216.976,1224.76,1226.462,1228.408,1233.76,1237.408,1000,1243.733,1000,1000,1248.598,1000,1000,1146.434,1144.61,1144.61,1144.123,1144.61,1141.448,1000,1000,1000,1000,1000,1000,1000,1000,1000,1000,1000,1000,1000,1000,1000,1000,1000,1000,1000,1000,1000,1000,1000,1000,1000,1000,1000,1225.976,1000,1000,1000,1000,1000,1000,1000,1000,1000,1192.651,1000,1000,1000,1000,1000,1000,1000,1000,1000,1000,1000,1155.191,1153.732,1158.84,1177.083,1000,1000,1000,1146.069,1143.637,1000,1000,1000,1000,1000,1000,1000,1000,1000,1000,1000,1000,1000,1000,1000,1000,1000,1000,1000,1000,1000,1000,1000,1000,1000,1000,1000,1000,1000,1000,1000,1000,1000,1000,1000,1000,1000,1000,1000,1000,1000,1000,1000,1000,1283.625,1286.544,1288.49,1000,1000,1000,1000,1000,1000,1000,1000,1000,1000,1000,1000,1000,1000,1000,1000,1000,1000,1169.299,1167.597,1168.57,1167.597,1165.894,1164.191,1162.002,1000,1000,1000,1000,1000,1000,1000,1000,1000,1000,1000,1000,1000,1000,1000,1000,1000,1000,1000,1000,1000,1000,1000,1000,1000,1000,1000,1000,1000,1000,1254.436,1248.598,1251.03,1247.625,1245.679,1237.408,1234.49,1230.354,1228.408,1223.3,1222.814,1222.327,1210.651,1000,1000,1000,1000,1000,1000,1000,1000,1000,1000,1000,1000,1000,1000,1000,1000,1000,1000,1000,1000,1000,1000,1000,1000,1000,1228.408,1224.76,1223.3,1225.246,1227.679,1222.327,1219.895,1219.895,1215.273,1210.165,1210.651,1208.705,1202.867,1201.651,1200.8,1199.584,1199.219,1199.219,1200.435,1199.584,1196.665,1196.665,1196.3,1195.57,1194.84,1194.84,1194.232,1194.597,1193.259,1192.043,1192.651,1192.955,1192.955,1192.347,1194.597,1194.597,1194.232,1193.624,1192.651,1191.496,1191.192,1187.786,1186.205,1184.472,1183.955,1181.918,1182.161,1181.553,1181.447,1180.238,1180.094,1179.903,1179.729,1179.577,1179.622,1179.485,1179.295,1179.295,1179.219,1288.977,1280.22,1278.274,1275.841,1274.868,1276.814,1274.868,1271.949,1268.057,1267.084,1260.274,1265.139,1264.166,1255.409,1249.084,1248.111,1242.273,1233.516,1234.003,1228.652,1224.273,1225.246,1224.273,1225.246,1224.273,1222.327,1215.516,1211.138,1205.057,1205.543,1205.057,1203.354,1204.57,1205.057,1198.003,1196.543,1192.286,1189.61,1000,1000,1000,1000,1000,1000,1000,1000,1000,1000,1000,1000,1000,1000,1000,1000,1000,1000,1000,1000,1000,1000,1000,1000,1000,1000,1000,1000,1000,1000,1000,1000,1000,1000,1000,1000,1000,1000,1000,1000,1000,1000,1000,1000,1000,1000,1000,1000,1000,1000,1000,1000,1000,1000,1000,1000,1000,1000,1000,1000,1000,1000,1000,1000,1000,1000,1000,1000,1000,1000,1000,1000,1000,1000,1000,1000,1000,1000,1000,1000,1000,1000,1000,1000,1000,1000,1000,1000,1000,1000,1000,1000,1000,1000,1000,1000,1000,1000,1000,1000,1000
1000,1000,1000,1000,1000,1000,1000,1000,1000,1000,1000,1000,1000,1000,1000,1000,1000,1000,1000,1000,1000,1000,1000,1000,1000,1000,1000,1000,1000,1000,1000,1000,1000,1000,1000,1000,1000,1000,1000,1000,1000,1000,1000,1000,1000,1000,1000,1000,1000,1000,1000,1000,1000,1000,1000,1000,1000,1000,1000,1000,1000,1000,1000,1000,1000,1000,1000,1000,1000,1000,1000,1000,1000,1000,1000,1000,1000,1000,1000,1000,1000,1000,1000,1000,1000,1000,1000,1000,1000,1000,1000,1000,1000,1000,1000,1000,1000,1000,1000,1000,1000,1000,1000,1000,1000,1000,1000,1000,1000,1000,1000,1000,1000,1000,1000,1000,1000,1000,1000,1000,1000,1000,1000,1000,1000,1000,1000,1000,1000,1000,1000,1000,1000,1000,1000,1000,1000,1000,1000,1000,1000,1000,1000,1000,1000,1000,1000,1000,1000,1000,1107.53,1107.781,1108.024,1107.781,1107.675,1107.963,1108.397,1109.126,1109.552,1109.795,1000,1000,1000,1000,1000,1000,1000,1000,1000,1000,1000,1000,1000,1000,1000,1000,1000,1000,1000,1000,1137.677,1144.975,1150.813,1159.083,1164.678,1000,1000,1000,1000,1000,1000,1000,1000,1000,1000,1000,1000,1000,1000,1000,1000,1000,1000,1000,1000,1000,1000,1000,1000,1000,1000,1000,1000,1195.57,1000,1000,1000,1198.124,1197.394,1198.854,1198.854,1201.165,1203.719,1208.219,1000,1212.111,1216.489,1216.003,1216.489,1220.381,1000,1000,1231.814,1237.895,1000,1000,1000,1000,1139.745,1138.164,1137.677,1136.218,1135.488,1000,1000,1000,1000,1000,1000,1000,1000,1000,1000,1000,1000,1000,1000,1000,1000,1000,1000,1000,1000,1000,1000,1000,1000,1000,1000,1000,1218.192,1220.381,1000,1000,1000,1000,1000,1000,1000,1000,1000,1000,1000,1000,1000,1000,1000,1000,1000,1000,1000,1000,1155.191,1157.624,1000,1000,1000,1000,1151.056,1000,1155.799,1148.988,1145.34,1000,1000,1000,1000,1000,1000,1000,1000,1000,1000,1000,1000,1000,1265.625,1000,1000,1000,1000,1000,1000,1000,1000,1000,1000,1000,1000,1000,1000,1000,1000,1000,1000,1000,1000,1000,1000,1000,1000,1000,1000,1000,1000,1000,1261.733,1261.247,1000,1000,1000,1000,1000,1000,1000,1000,1000,1000,1000,1000,1000,1000,1000,1000,1000,1000,1000,1000,1164.678,1165.894,1165.894,1163.218,1162.002,1160.543,1150.205,1000,1000,1000,1000,1000,1000,1000,1000,1000,1000,1000,1000,1000,1000,1000,1000,1000,1000,1000,1000,1000,1000,1000,1000,1000,1000,1000,1000,1000,1242.273,1237.895,1239.354,1233.03,1231.084,1223.3,1219.895,1217.462,1217.462,1214.786,1216.003,1214.786,1210.165,1206.395,1000,1000,1000,1000,1000,1000,1000,1000,1000,1000,1000,1000,1000,1000,1000,1000,1000,1000,1000,1000,1000,1000,1000,1000,1000,1000,1214.3,1216.003,1219.895,1216.976,1214.3,1211.624,1207.732,1203.232,1201.651,1198.489,1194.597,1192.955,1192.651,1191.739,1191.739,1192.347,1192.347,1191.496,1190.097,1189.55,1189.002,1189.002,1187.786,1187.543,1187.117,1186.874,1186.205,1186.631,1186.874,1187.543,1187.543,1186.874,1188.029,1188.273,1188.516,1188.273,1187.543,1000,1186.631,1182.86,1181.234,1180.238,1179.843,1179.257,1179.371,1179.409,1179.485,1179.257,1179.143,1179.029,1285.085,1283.139,1282.166,1283.139,1276.814,1274.868,1270.003,1262.22,1254.436,1252.49,1252.49,1253.463,1255.409,1252.49,1248.111,1243.733,1000,1235.949,1239.841,1240.814,1234.003,1228.652,1226.706,1220.868,1213.57,1214.786,1209.192,1207.976,1209.678,1208.705,1208.705,1209.192,1206.273,1201.165,1198.003,1192.773,1190.462,1190.097,1188.394,1190.462,1189.246,1186.813,1185.232,1182.313,1177.57,1000,1000,1172.218,1000,1000,1000,1000,1000,1000,1000,1000,1000,1000,1000,1000,1000,1000,1000,1000,1000,1000,1000,1000,1000,1000,1000,1000,1000,1000,1000,1000,1000,1000,1000,1000,1000,1000,1000,1000,1000,1000,1000,1000,1000,1000,1000,1000,1000,1000,1000,1000,1000,1000,1000,1000,1000,1000,1000,1000,1000,1000,1000,1000,1000,1000,1000,1000,1000,1000,1000,1000,1000,1000,1000,1000,1000,1000,1000,1000,1000,1000,1000,1000,1000,1000,1000,1000,1000,1000,1000,1000,1000,1000,1000,1000,1000,1000,1000,1000,1000,1000
1000,1000,1000,1000,1000,1000,1000,1000,1000,1000,1000,1000,1000,1000,1000,1000,1000,1000,1000,1000,1000,1000,1000,1000,1000,1000,1000,1000,1000,1000,1000,1000,1000,1000,1000,1000,1000,1000,1000,1000,1000,1000,1000,1000,1000,1000,1000,1000,1000,1000,1000,1000,1000,1000,1000,1000,1000,1000,1000,1000,1000,1000,1000,1000,1000,1000,1000,1000,1000,1000,1000,1000,1000,1000,1000,1000,1000,1000,1000,1000,1000,1000,1000,1000,1000,1000,1000,1000,1000,1000,1000,1000,1000,1000,1000,1000,1000,1000,1000,1000,1000,1000,1000,1000,1000,1000,1000,1000,1000,1000,1000,1000,1000,1000,1000,1000,1000,1000,1000,1000,1000,1000,1000,1000,1000,1000,1000,1000,1000,1000,1000,1000,1000,1000,1000,1000,1000,1000,1000,1000,1000,1000,1000,1000,1000,1000,1000,1215.03,1215.03,1220.868,1107.218,1107.53,1107.675,1107.675,1107.447,1107.903,1108.237,1109.552,1110.16,1000,1000,1000,1000,1000,1000,1000,1000,1000,1000,1000,1000,1000,1000,1000,1000,1000,1000,1000,1000,1130.015,1135.731,1139.137,1143.272,1147.164,1153.245,1000,1000,1000,1000,1000,1000,1000,1000,1000,1000,1000,1000,1000,1000,1000,1000,1000,1000,1000,1000,1000,1000,1000,1000,1000,1000,1000,1000,1000,1190.097,1192.955,1192.955,1194.597,1194.232,1195.935,1196.665,1199.219,1199.219,1204.084,1207.732,1207.732,1211.138,1212.597,1209.678,1209.678,1000,1000,1000,1000,1000,1000,1000,1000,1000,1000,1000,1000,1000,1000,1000,1000,1000,1000,1000,1000,1000,1000,1000,1000,1000,1000,1000,1000,1000,1193.259,1196.665,1199.948,1203.232,1202.381,1205.057,1207.732,1207.732,1207.732,1210.165,1210.651,1214.786,1216.976,1218.192,1223.3,1229.138,1000,1000,1000,1000,1000,1000,1000,1000,1000,1000,1000,1000,1199.462,1000,1000,1150.326,1154.705,1156.407,1000,1000,1000,1000,1153.124,1158.597,1000,1000,1151.056,1000,1000,1000,1000,1000,1000,1000,1000,1000,1000,1000,1000,1256.868,1253.463,1250.057,1000,1258.328,1000,1000,1000,1000,1000,1000,1000,1272.922,1275.841,1000,1000,1000,1000,1131.444,1130.228,1000,1000,1000,1000,1000,1000,1000,1000,1000,1000,1000,1000,1245.679,1247.138,1256.868,1000,1000,1000,1000,1000,1000,1000,1000,1000,1000,1000,1000,1000,1000,1000,1000,1000,1000,1000,1168.083,1169.299,1168.083,1164.191,1162.002,1160.056,1152.637,1000,1000,1000,1000,1000,1000,1000,1000,1000,1000,1000,1000,1000,1000,1000,1000,1000,1000,1000,1000,1000,1000,1000,1000,1000,1000,1000,1000,1000,1000,1231.814,1229.138,1223.3,1221.111,1214.3,1211.138,1209.678,1208.705,1206.395,1205.422,1204.084,1200.435,1198.124,1193.867,1000,1000,1000,1000,1000,1186.631,1000,1000,1000,1000,1000,1000,1000,1000,1000,1000,1000,1000,1000,1000,1000,1000,1000,1000,1000,1000,1000,1000,1000,1208.219,1207.732,1202.867,1198.124,1195.57,1192.347,1190.097,1188.273,1188.516,1188.273,1188.516,1188.029,1187.543,1186.631,1185.019,1184.472,1183.773,1184.137,1183.469,1183.621,1183.469,1183.317,1182.572,1182.572,1182.86,1183.012,1182.708,1182.572,1184.137,1183.469,1183.621,1183.773,1183.621,1181.553,1181.127,1179.675,1179.295,1279.247,1272.922,1265.139,1269.031,1275.841,1280.22,1276.814,1273.895,1270.003,1264.166,1263.193,1262.22,1263.193,1256.382,1253.463,1248.111,1240.814,1236.435,1235.949,1235.949,1234.976,1235.949,1230.111,1225.246,1000,1000,1000,1217.462,1218.192,1214.057,1211.138,1211.624,1205.057,1201.651,1203.354,1200.678,1198.489,1200.192,1199.705,1196.543,1195.57,1192.773,1189.246,1186.327,1183.773,1183.043,1181.948,1181.948,1183.408,1181.583,1178.421,1177.874,1174.894,1000,1000,1000,1169.239,1169.391,1170.333,1000,1000,1000,1000,1000,1000,1000,1000,1000,1000,1000,1000,1000,1000,1000,1000,1000,1000,1000,1000,1000,1000,1000,1000,1000,1000,1000,1000,1000,1000,1000,1000,1000,1000,1000,1000,1000,1000,1000,1000,1000,1000,1000,1000,1000,1000,1000,1000,1000,1000,1000,1000,1000,1000,1000,1000,1000,1000,1000,1000,1000,1000,1000,1000,1000,1000,1000,1000,1000,1000,1000,1000,1000,1000,1000,1000,1000,1000,1000,1000,1000,1000,1000,1000,1000,1000,1000,1000,1000,1000,1000,1000,1000,1000,1000,1000
1000,1000,1000,1000,1000,1000,1000,1000,1000,1000,1000,1000,1000,1000,1000,1000,1000,1000,1000,1000,1000,1000,1000,1000,1000,1000,1000,1000,1000,1000,1000,1000,1000,1000,1000,1000,1000,1000,1000,1000,1000,1000,1000,1000,1000,1000,1000,1000,1000,1000,1000,1000,1000,1000,1000,1000,1000,1000,1000,1000,1000,1000,1000,1000,1000,1000,1000,1000,1000,1000,1000,1000,1000,1000,1000,1000,1000,1000,1000,1000,1000,1000,1000,1000,1000,1000,1000,1000,1000,1000,1000,1000,1000,1000,1000,1000,1000,1000,1000,1000,1000,1000,1000,1000,1000,1000,1000,1000,1000,1000,1000,1000,1000,1000,1000,1000,1000,1000,1000,1000,1000,1000,1000,1000,1000,1000,1000,1000,1000,1000,1000,1000,1000,1000,1000,1000,1000,1000,1000,1000,1000,1000,1000,1000,1000,1000,1216.003,1206.759,1204.813,1213.084,1107.066,1107.37,1107.621,1107.903,1107.621,1108.169,1108.647,1000,1000,1000,1000,1000,1000,1000,1000,1000,1000,1000,1000,1000,1000,1000,1000,1000,1000,1000,1000,1000,1000,1123.569,1130.38,1130.867,1135.245,1142.786,1148.38,1000,1000,1000,1000,1000,1000,1000,1000,1000,1000,1000,1000,1000,1000,1000,1000,1000,1000,1000,1000,1000,1000,1000,1000,1000,1000,1000,1000,1189.002,1188.516,1191.496,1190.888,1191.192,1189.793,1191.192,1189.793,1192.347,1191.496,1196.665,1000,1000,1000,1000,1000,1000,1000,1000,1000,1000,1000,1000,1000,1000,1000,1000,1000,1000,1000,1000,1000,1000,1000,1000,1000,1000,1000,1000,1000,1000,1184.472,1186.631,1189.307,1190.644,1192.043,1192.955,1194.597,1198.124,1200.8,1201.165,1202.381,1204.57,1204.57,1204.57,1206.395,1207.246,1209.192,1210.165,1209.678,1214.3,1218.192,1218.192,1221.597,1000,1000,1000,1000,1000,1000,1000,1000,1000,1238.381,1187.3,1160.543,1149.353,1148.38,1155.191,1162.489,1000,1000,1000,1000,1153.124,1000,1000,1000,1000,1000,1000,1000,1000,1000,1000,1000,1000,1000,1000,1000,1000,1243.733,1240.814,1236.679,1238.868,1243.733,1000,1000,1000,1000,1000,1000,1264.652,1000,1259.301,1000,1000,1000,1000,1132.265,1131.444,1131.201,1132.113,1131.839,1000,1000,1000,1000,1000,1000,1000,1000,1000,1235.219,1235.949,1241.787,1000,1000,1000,1000,1000,1000,1000,1000,1000,1000,1000,1000,1000,1000,1000,1000,1000,1000,1000,1000,1170.516,1171.732,1166.38,1159.57,1159.083,1152.637,1147.529,1000,1000,1000,1000,1000,1000,1000,1000,1000,1000,1000,1000,1000,1000,1000,1000,1000,1000,1000,1000,1000,1000,1000,1000,1000,1000,1000,1000,1000,1218.678,1214.786,1210.165,1208.219,1203.232,1202.016,1200.8,1199.948,1198.124,1197.759,1197.03,1194.84,1193.867,1191.739,1000,1000,1000,1000,1185.84,1186.448,1186.023,1185.597,1183.469,1182.435,1181.447,1181.127,1180.314,1000,1000,1000,1000,1000,1000,1000,1000,1000,1000,1000,1000,1000,1000,1000,1000,1000,1000,1196.3,1190.888,1188.759,1186.448,1185.84,1183.621,1184.137,1184.29,1184.137,1183.469,1183.469,1182.435,1181.796,1181.127,1180.823,1180.823,1180.557,1180.398,1180.557,1180.474,1180.094,1180.025,1180.17,1180.17,1180.025,1179.964,1180.93,1180.398,1180.314,1179.903,1179.843,1288.977,1284.112,1272.922,1271.949,1259.301,1256.382,1250.057,1252.003,1254.436,1257.355,1253.463,1251.03,1247.625,1242.273,1240.814,1240.814,1242.273,1236.435,1233.516,1226.706,1220.138,1216.733,1214.786,1215.516,1216.733,1218.192,1214.057,1211.138,1207.489,1000,1203.354,1202.867,1202.867,1198.489,1197.03,1195.57,1192.286,1188.759,1190.462,1189.246,1188.029,1188.394,1188.394,1186.813,1185.597,1183.773,1182.313,1180.246,1176.475,1175.137,1173.921,1174.408,1174.894,1174.164,1171.793,1171.397,1168.95,1000,1000,1000,1167.027,1166.935,1167.931,1167.505,1000,1000,1000,1000,1000,1000,1000,1000,1000,1000,1000,1000,1000,1000,1000,1000,1000,1000,1000,1000,1000,1000,1000,1000,1000,1000,1000,1000,1000,1000,1000,1000,1000,1000,1000,1000,1000,1000,1000,1000,1000,1000,1000,1000,1000,1000,1000,1000,1000,1000,1000,1000,1000,1000,1000,1000,1000,1000,1000,1000,1000,1000,1000,1000,1000,1000,1000,1000,1000,1000,1000,1000,1000,1000,1000,1000,1000,1000,1000,1000,1000,1000,1000,1000,1000,1000,1000,1000,1000,1000,1000,1000,1000,1000,1000
1000,1000,1000,1000,1000,1000,1000,1000,1000,1000,1000,1000,1000,1000,1000,1000,1000,1000,1000,1000,1000,1000,1000,1000,1000,1000,1000,1000,1000,1000,1000,1000,1000,1000,1000,1000,1000,1000,1000,1000,1000,1000,1000,1000,1000,1000,1000,1000,1000,1000,1000,1000,1000,1000,1000,1000,1000,1000,1000,1000,1000,1000,1000,1000,1000,1000,1000,1000,1000,1000,1000,1000,1000,1000,1000,1000,1000,1000,1000,1000,1000,1000,1000,1000,1000,1000,1000,1000,1000,1000,1000,1000,1000,1000,1000,1000,1000,1000,1000,1000,1000,1000,1000,1000,1000,1000,1000,1000,1000,1000,1000,1000,1000,1000,1000,1000,1000,1000,1000,1000,1000,1000,1000,1000,1000,1000,1000,1000,1000,1000,1000,1000,1000,1000,1000,1000,1000,1000,1000,1000,1000,1000,1000,1000,1000,1000,1000,1205.786,1214.057,1000,1000,1000,1000,1000,1000,1000,1000,1000,1000,1000,1000,1000,1000,1000,1000,1000,1000,1000,1000,1000,1000,1000,1000,1000,1000,1000,1000,1000,1111.012,1114.63,1119.495,1121.258,1125.394,1132.083,1138.65,1000,1000,1000,1000,1000,1000,1000,1242.273,1000,1000,1000,1000,1000,1000,1000,1000,1000,1179.447,1179.485,1179.622,1180.094,1000,1000,1000,1000,1000,1000,1000,1186.023,1185.84,1188.516,1188.029,1187.117,1186.448,1186.631,1000,1000,1000,1000,1000,1000,1000,1000,1000,1000,1000,1000,1000,1000,1000,1000,1000,1000,1000,1000,1000,1000,1000,1000,1000,1000,1000,1000,1000,1000,1000,1000,1181.918,1182.708,1183.165,1185.415,1187.3,1188.759,1189.55,1190.097,1191.192,1193.259,1193.867,1194.84,1197.03,1198.489,1199.948,1200.8,1201.651,1201.651,1202.867,1203.719,1205.057,1209.192,1214.3,1216.003,1218.678,1000,1000,1000,1000,1000,1000,1132.417,1129.878,1000,1000,1000,1155.921,1151.056,1148.38,1000,1000,1000,1000,1000,1000,1000,1000,1000,1000,1000,1000,1000,1000,1000,1000,1000,1000,1000,1000,1000,1000,1239.354,1231.814,1226.462,1222.814,1222.814,1224.76,1000,1000,1000,1000,1000,1000,1000,1000,1000,1243.246,1000,1000,1000,1134.242,1133.36,1133.877,1134.424,1134.819,1135.245,1136.704,1137.921,1000,1000,1000,1000,1232.3,1221.597,1221.597,1221.597,1227.192,1000,1000,1000,1000,1000,1000,1219.165,1000,1218.192,1000,1218.192,1000,1216.489,1000,1000,1000,1000,1000,1000,1000,1000,1174.164,1166.38,1160.543,1159.57,1151.786,1146.799,1000,1000,1000,1000,1000,1000,1000,1000,1000,1000,1000,1000,1000,1000,1000,1000,1000,1000,1000,1000,1000,1000,1000,1000,1000,1000,1000,1000,1000,1211.624,1206.395,1202.016,1200.435,1195.57,1194.597,1194.597,1192.955,1191.192,1191.739,1190.644,1188.759,1188.759,1187.543,1186.631,1000,1000,1000,1185.84,1184.472,1184.29,1183.469,1182.161,1181.675,1181.34,1180.93,1180.398,1000,1000,1000,1000,1000,1000,1000,1000,1000,1000,1000,1000,1000,1000,1000,1000,1000,1000,1000,1000,1184.837,1183.012,1183.469,1181.553,1183.012,1182.572,1182.435,1181.021,1180.732,1180.094,1179.843,1179.485,1179.485,1179.447,1179.295,1179.219,1179.333,1179.333,1179.333,1179.333,1179.485,1179.409,1179.257,1179.105,1179.295,1283.139,1275.841,1268.057,1270.003,1253.463,1000,1250.057,1250.057,1240.814,1241.3,1235.949,1234.003,1237.408,1242.273,1236.435,1233.516,1231.084,1225.733,1223.787,1223.787,1225.246,1220.868,1216.246,1209.678,1205.543,1204.57,1203.84,1205.057,1203.84,1204.57,1200.678,1198.489,1194.597,1193.259,1190.097,1188.759,1187.178,1185.962,1187.543,1187.178,1184.137,1182.678,1182.313,1179.637,1177.874,1177.874,1176.171,1176.171,1176.475,1175.928,1175.381,1173.495,1171.033,1169.999,1169.087,1169.391,1169.543,1169.087,1167.931,1168.174,1166.692,1000,1165.826,1000,1165.521,1165.446,1000,1000,1000,1000,1000,1000,1000,1000,1000,1000,1000,1000,1000,1000,1000,1000,1000,1000,1000,1000,1000,1000,1000,1000,1000,1000,1000,1000,1000,1000,1000,1000,1000,1000,1000,1000,1000,1000,1000,1000,1000,1000,1000,1000,1000,1000,1000,1000,1000,1000,1000,1000,1000,1000,1000,1000,1000,1000,1000,1000,1000,1000,1000,1000,1000,1000,1000,1000,1000,1000,1000,1000,1000,1000,1000,1000,1000,1000,1000,1000,1000,1000,1000,1000,1000,1000,1000,1000,1000,1000,1000,1000,1000,1000,1000,1000,1000
1000,1000,1000,1000,1000,1000,1000,1000,1000,1000,1000,1000,1000,1000,1000,1000,1000,1000,1000,1000,1000,1000,1000,1000,1000,1000,1000,1000,1000,1000,1000,1000,1000,1000,1000,1000,1000,1000,1000,1000,1000,1000,1000,1000,1000,1000,1000,1000,1000,1000,1000,1000,1000,1000,1000,1000,1000,1000,1000,1000,1000,1000,1000,1000,1000,1000,1000,1000,1000,1000,1000,1000,1000,1000,1000,1000,1000,1000,1000,1000,1000,1000,1000,1000,1000,1000,1000,1000,1000,1000,1000,1000,1000,1000,1000,1000,1000,1000,1000,1000,1000,1000,1000,1000,1000,1000,1000,1000,1000,1000,1000,1000,1000,1000,1000,1000,1000,1000,1000,1000,1000,1000,1000,1000,1000,1000,1000,1000,1000,1000,1000,1000,1000,1000,1000,1000,1000,1000,1000,1000,1000,1000,1000,1000,1000,1000,1000,1000,1000,1000,1000,1000,1000,1000,1000,1000,1000,1000,1000,1000,1000,1000,1000,1000,1000,1000,1000,1000,1000,1000,1000,1000,1000,1000,1000,1000,1000,1000,1000,1000,1000,1000,1000,1125.029,1000,1000,1000,1000,1000,1000,1000,1234.976,1233.516,1237.408,1234.003,1000,1000,1000,1000,1000,1000,1000,1179.105,1179.143,1179.219,1179.371,1000,1000,1000,1000,1000,1000,1000,1000,1000,1000,1000,1000,1000,1000,1000,1000,1000,1000,1000,1000,1000,1000,1000,1000,1000,1000,1000,1000,1000,1000,1000,1000,1000,1000,1000,1000,1000,1000,1000,1000,1000,1000,1000,1000,1181.234,1181.447,1181.553,1182.572,1182.572,1183.621,1184.837,1186.205,1186.448,1186.448,1187.543,1189.002,1189.793,1190.888,1192.347,1193.624,1195.57,1195.935,1197.394,1197.759,1198.854,1000,1000,1000,1000,1000,1000,1000,1000,1000,1000,1131.566,1132.265,1000,1000,1000,1000,1000,1151.542,1151.056,1149.84,1000,1000,1000,1000,1000,1000,1000,1000,1000,1000,1000,1000,1000,1000,1000,1000,1000,1000,1000,1000,1000,1000,1231.814,1227.679,1221.597,1215.273,1215.273,1217.462,1221.111,1000,1000,1000,1000,1000,1000,1000,1000,1000,1000,1000,1000,1135.002,1135.427,1136.704,1137.191,1137.434,1137.921,1138.164,1138.164,1137.191,1000,1000,1000,1000,1210.651,1210.165,1210.165,1216.003,1000,1000,1000,1000,1000,1206.395,1205.422,1207.246,1206.881,1208.219,1206.881,1210.165,1208.705,1208.705,1213.814,1000,1000,1000,1000,1000,1000,1168.083,1156.651,1151.056,1151.421,1145.705,1144.245,1000,1000,1000,1000,1000,1000,1000,1000,1000,1000,1000,1000,1000,1000,1000,1000,1000,1000,1000,1000,1000,1000,1000,1000,1000,1000,1000,1000,1000,1000,1198.854,1194.84,1192.955,1189.307,1188.516,1188.029,1186.205,1185.597,1186.205,1185.415,1184.837,1184.837,1183.773,1183.621,1000,1000,1000,1183.165,1181.796,1181.796,1181.127,1180.648,1180.557,1180.732,1180.648,1180.314,1179.729,1179.333,1285.085,1268.057,1257.355,1000,1000,1000,1000,1000,1000,1000,1000,1000,1000,1000,1000,1000,1000,1000,1000,1000,1000,1179.782,1181.021,1180.648,1180.823,1179.843,1179.447,1179.029,1285.085,1280.22,1278.274,1279.247,1276.814,1274.868,1279.247,1276.814,1278.274,1278.274,1284.112,1278.274,1276.814,1269.031,1269.031,1251.03,1245.679,1240.814,1245.679,1238.868,1237.408,1234.976,1232.057,1225.733,1224.273,1223.787,1222.327,1224.273,1227.192,1224.273,1216.246,1212.841,1208.705,1205.543,1205.543,1209.678,1206.273,1203.84,1197.03,1193.624,1191.8,1190.948,1191.435,1190.462,1189.246,1188.029,1188.029,1185.597,1184.867,1182.678,1181.583,1178.725,1177.57,1178.117,1177.874,1175.928,1175.381,1175.137,1173.009,1171.975,1171.215,1170.333,1171.033,1171.793,1171.793,1171.975,1170.516,1168.296,1167.399,1166.852,1166.616,1166.616,1166.221,1166.054,1166.282,1165.788,1271.463,1000,1000,1257.355,1252.49,1000,1000,1000,1000,1000,1000,1000,1000,1000,1000,1000,1000,1000,1000,1000,1000,1000,1000,1000,1000,1000,1000,1000,1000,1000,1000,1000,1000,1000,1000,1000,1000,1000,1000,1000,1000,1000,1000,1000,1000,1000,1000,1000,1000,1000,1000,1000,1000,1000,1000,1000,1000,1000,1000,1000,1000,1000,1000,1000,1000,1000,1000,1000,1000,1000,1000,1000,1000,1000,1000,1000,1000,1000,1000,1000,1000,1000,1000,1000,1000,1000,1000,1000,1000,1000,1000,1000,1000,1000,1000,1000,1000,1000,1000,1000,1000,1000
1000,1000,1000,1000,1000,1000,1000,1000,1000,1000,1000,1000,1000,1000,1000,1000,1000,1000,1000,1000,1000,1000,1000,1000,1000,1000,1000,1000,1000,1000,1000,1000,1000,1000,1000,1000,1000,1000,1000,1000,1000,1000,1000,1000,1000,1000,1000,1000,1000,1000,1000,1000,1000,1000,1000,1000,1000,1000,1000,1000,1000,1000,1000,1000,1000,1000,1000,1000,1000,1000,1000,1000,1000,1000,1000,1000,1000,1000,1000,1000,1000,1000,1000,1000,1000,1000,1000,1000,1000,1000,1000,1000,1000,1000,1000,1000,1000,1000,1000,1000,1000,1000,1000,1000,1000,1000,1000,1000,1000,1000,1108.609,1000,1000,1000,1000,1000,1000,1000,1000,1000,1000,1000,1000,1000,1000,1000,1000,1000,1000,1000,1000,1000,1000,1000,1000,1000,1000,1000,1000,1000,1000,1000,1000,1000,1000,1000,1000,1000,1000,1000,1000,1000,1000,1000,1000,1000,1000,1000,1000,1000,1000,1000,1000,1000,1000,1000,1000,1000,1000,1000,1000,1000,1000,1000,1000,1000,1000,1000,1000,1000,1000,1000,1000,1116.029,1118.643,1000,1000,1000,1000,1000,1228.165,1228.652,1227.192,1232.543,1231.084,1228.165,1000,1000,1000,1000,1000,1000,1000,1000,1000,1000,1000,1000,1000,1000,1000,1000,1000,1000,1000,1000,1000,1000,1000,1000,1000,1000,1000,1000,1000,1000,1000,1000,1000,1000,1000,1000,1000,1000,1000,1000,1000,1000,1000,1000,1000,1000,1000,1000,1000,1179.181,1000,1179.577,1179.577,1179.903,1180.238,1180.17,1180.094,1180.474,1180.557,1181.021,1181.796,1183.317,1183.317,1183.317,1184.137,1185.597,1186.205,1188.029,1189.793,1190.644,1192.043,1192.651,1192.955,1000,1000,1000,1000,1000,1000,1000,1000,1000,1000,1000,1000,1000,1000,1000,1000,1000,1000,1000,1000,1000,1000,1000,1000,1000,1000,1000,1408.654,1309.751,1000,1000,1000,1000,1000,1000,1000,1000,1000,1182.435,1000,1000,1000,1000,1000,1222.814,1219.165,1216.003,1207.732,1207.246,1000,1000,1000,1000,1000,1000,1000,1000,1000,1000,1000,1000,1000,1000,1000,1135.853,1137.434,1136.522,1137.191,1137.921,1137.434,1137.921,1137.921,1136.522,1000,1000,1000,1207.246,1205.422,1207.246,1000,1000,1000,1000,1000,1000,1195.205,1195.205,1197.394,1198.124,1198.124,1197.759,1199.584,1199.948,1201.165,1206.395,1000,1000,1000,1000,1000,1000,1000,1000,1000,1000,1145.705,1142.36,1000,1000,1000,1000,1000,1000,1000,1000,1000,1000,1000,1000,1000,1000,1000,1000,1000,1000,1000,1000,1000,1000,1000,1000,1000,1000,1000,1000,1000,1000,1000,1189.793,1188.029,1185.597,1185.232,1185.019,1183.012,1182.708,1182.708,1181.918,1181.127,1181.447,1180.823,1180.732,1180.557,1000,1181.447,1180.732,1179.903,1179.782,1179.485,1179.295,1179.295,1179.371,1179.447,1179.219,1179.105,1288.004,1280.22,1262.22,1255.409,1000,1000,1000,1000,1000,1000,1000,1000,1000,1000,1000,1000,1000,1000,1000,1000,1000,1000,1000,1000,1000,1000,1282.166,1283.139,1272.922,1272.922,1268.057,1270.003,1268.057,1266.111,1262.22,1266.111,1261.247,1259.301,1256.382,1261.247,1248.111,1247.625,1243.733,1243.733,1230.111,1228.652,1226.706,1228.165,1224.273,1220.868,1219.408,1217.462,1211.138,1209.678,1209.678,1208.705,1208.705,1211.624,1208.705,1203.354,1200.678,1197.516,1195.084,1195.084,1197.516,1193.624,1190.462,1186.813,1184.502,1183.043,1183.408,1184.137,1183.408,1182.313,1180.975,1180.975,1179.333,1178.725,1175.928,1175.685,1173.678,1172.583,1172.401,1172.218,1171.033,1170.85,1169.847,1168.539,1167.718,1166.776,1166.403,1167.11,1167.718,1168.174,1168.539,1167.825,1166.616,1166.107,1165.712,1165.712,1165.56,1273.409,1268.544,1273.409,1260.274,1000,1000,1000,1237.408,1235.463,1000,1000,1000,1000,1000,1000,1000,1000,1000,1000,1000,1000,1000,1000,1000,1000,1000,1000,1000,1000,1000,1000,1000,1000,1000,1000,1000,1000,1000,1000,1000,1000,1000,1000,1000,1000,1000,1000,1000,1000,1000,1000,1000,1000,1000,1000,1000,1000,1000,1000,1000,1000,1000,1000,1000,1000,1000,1000,1000,1000,1000,1000,1000,1000,1000,1000,1000,1000,1000,1000,1000,1000,1000,1000,1000,1000,1000,1000,1000,1000,1000,1000,1000,1000,1000,1000,1000,1000,1000,1000,1000,1000,1000,1000,1000,1000,1000
1000,1000,1000,1000,1000,1000,1000,1000,1000,1000,1000,1000,1000,1000,1000,1000,1000,1000,1000,1000,1000,1000,1000,1000,1000,1000,1000,1000,1000,1000,1000,1000,1000,1000,1000,1000,1000,1000,1000,1000,1000,1000,1000,1000,1000,1000,1000,1000,1000,1000,1000,1000,1000,1000,1000,1000,1000,1000,1000,1000,1000,1000,1000,1000,1000,1000,1000,1000,1000,1000,1000,1000,1000,1000,1000,1000,1000,1000,1000,1000,1000,1000,1000,1000,1000,1000,1000,1000,1000,1000,1000,1000,1000,1000,1000,1000,1000,1000,1000,1000,1000,1000,1000,1000,1000,1000,1000,1000,1000,1000,1106.542,1112.137,1112.501,1113.109,1000,1000,1000,1000,1000,1000,1000,1000,1000,1000,1000,1000,1000,1000,1000,1000,1000,1000,1000,1000,1000,1000,1000,1000,1000,1000,1000,1000,1000,1000,1000,1000,1000,1000,1000,1000,1000,1000,1000,1000,1000,1000,1000,1000,1000,1000,1000,1000,1000,1000,1000,1000,1000,1000,1000,1000,1000,1000,1000,1000,1000,1000,1000,1000,1000,1000,1000,1000,1000,1000,1000,1000,1000,1000,1000,1000,1216.733,1217.462,1216.246,1222.327,1220.868,1218.678,1219.408,1000,1000,1000,1000,1000,1000,1000,1000,1000,1000,1000,1000,1000,1000,1000,1000,1000,1000,1000,1000,1000,1000,1000,1000,1000,1000,1000,1000,1000,1000,1000,1000,1000,1128.799,1000,1000,1000,1000,1000,1000,1000,1000,1000,1000,1000,1000,1000,1000,1281.193,1285.085,1289.95,1179.029,1179.333,1179.485,1179.622,1179.622,1179.843,1179.903,1180.17,1180.314,1181.34,1181.553,1181.675,1182.039,1183.621,1184.29,1186.023,1187.3,1189.002,1190.888,1190.888,1190.888,1000,1000,1000,1000,1000,1000,1000,1000,1000,1000,1000,1000,1000,1000,1000,1000,1000,1000,1000,1000,1000,1000,1000,1000,1000,1000,1000,1000,1000,1000,1000,1186.023,1000,1000,1000,1000,1000,1183.955,1182.298,1181.553,1000,1000,1000,1000,1000,1000,1209.678,1000,1000,1000,1000,1000,1000,1000,1000,1000,1000,1000,1000,1000,1000,1000,1000,1000,1136.522,1137.434,1136.948,1137.191,1137.434,1136.948,1137.434,1137.191,1136.279,1000,1000,1000,1000,1000,1000,1000,1000,1000,1000,1000,1000,1191.192,1190.34,1191.192,1191.192,1191.192,1190.097,1192.043,1193.259,1194.597,1197.759,1000,1000,1000,1000,1000,1000,1000,1000,1000,1000,1000,1000,1000,1000,1000,1000,1000,1000,1000,1000,1000,1000,1000,1000,1000,1000,1000,1000,1000,1000,1000,1000,1000,1000,1000,1000,1000,1000,1000,1000,1000,1000,1000,1000,1182.86,1182.298,1182.435,1182.572,1181.234,1180.93,1180.823,1180.025,1179.622,1179.782,1179.577,1179.409,1179.371,1000,1179.843,1179.577,1179.257,1179.143,1288.004,1280.22,1278.274,1280.22,1287.031,1280.22,1280.22,1278.274,1272.922,1259.301,1254.436,1243.246,1000,1000,1000,1000,1000,1000,1000,1000,1000,1000,1000,1000,1000,1000,1000,1000,1000,1000,1000,1000,1000,1000,1000,1250.057,1249.084,1247.625,1253.463,1252.003,1252.003,1250.057,1252.003,1246.652,1242.273,1234.976,1234.976,1224.273,1222.327,1217.462,1222.327,1214.786,1214.786,1212.841,1212.354,1207.976,1202.867,1201.651,1200.192,1197.516,1197.03,1198.003,1198.003,1197.03,1198.975,1196.057,1191.8,1188.029,1186.327,1183.773,1183.408,1185.232,1183.408,1181.583,1179.333,1177.266,1176.171,1176.171,1176.719,1176.171,1175.381,1174.894,1174.651,1173.678,1173.921,1172.218,1171.397,1170.151,1168.95,1168.813,1168.539,1168.053,1167.612,1166.776,1166.107,1165.75,1273.409,1271.463,1165.56,1165.864,1166.16,1166.548,1166.221,1165.636,1271.463,1263.193,1256.382,1248.598,1238.868,1236.435,1236.435,1234.49,1233.03,1231.084,1227.679,1216.003,1000,1000,1000,1000,1000,1000,1000,1000,1000,1000,1000,1000,1000,1000,1000,1000,1000,1000,1000,1000,1000,1000,1000,1000,1000,1000,1000,1000,1000,1000,1000,1000,1000,1000,1000,1000,1000,1000,1000,1000,1000,1000,1000,1000,1000,1000,1000,1000,1000,1000,1000,1000,1000,1000,1000,1000,1000,1000,1000,1000,1000,1000,1000,1000,1000,1000,1000,1000,1000,1000,1000,1000,1000,1000,1000,1000,1000,1000,1000,1000,1000,1000,1000,1000,1000,1000,1000,1000,1000,1000,1000,1000,1000,1000,1000,1000,1000,1000
1000,1000,1000,1000,1000,1000,1000,1000,1000,1000,1000,1000,1000,1000,1000,1000,1000,1000,1000,1000,1000,1000,1000,1000,1000,1000,1000,1000,1000,1000,1000,1000,1000,1000,1000,1000,1000,1000,1000,1000,1000,1000,1000,1000,1000,1000,1000,1000,1000,1000,1000,1000,1000,1000,1000,1000,1000,1000,1000,1000,1000,1000,1000,1000,1000,1000,1000,1000,1000,1000,1000,1000,1000,1000,1000,1000,1000,1000,1000,1000,1000,1000,1000,1000,1000,1000,1000,1000,1000,1000,1000,1000,1000,1000,1000,1000,1000,1000,1000,1000,1000,1000,1000,1000,1000,1000,1000,1000,1000,1000,1000,1000,1113.474,1000,1116.393,1000,1000,1000,1000,1000,1000,1000,1000,1000,1000,1000,1000,1000,1000,1000,1000,1000,1000,1226.219,1000,1000,1000,1000,1000,1000,1000,1000,1000,1000,1000,1000,1000,1000,1000,1000,1166.107,1166.852,1167.201,1167.505,1167.825,1167.825,1000,1000,1000,1167.201,1167.505,1000,1000,1000,1000,1000,1000,1000,1000,1000,1000,1000,1000,1000,1000,1000,1000,1000,1000,1000,1000,1000,1000,1000,1000,1000,1000,1000,1000,1000,1000,1198.975,1202.867,1205.543,1205.057,1000,1000,1000,1000,1000,1000,1000,1000,1000,1000,1000,1000,1000,1000,1000,1000,1000,1000,1000,1000,1000,1000,1000,1000,1000,1000,1000,1000,1000,1000,1000,1000,1000,1123.569,1122.231,1123.569,1125.758,1000,1000,1000,1226.706,1232.543,1234.976,1233.516,1000,1000,1000,1000,1000,1000,1272.922,1278.274,1279.247,1280.22,1282.166,1289.95,1179.029,1179.029,1179.181,1179.295,1179.219,1179.333,1179.782,1179.964,1180.025,1180.557,1000,1182.86,1183.955,1000,1188.516,1191.192,1000,1000,1000,1000,1000,1000,1000,1000,1000,1000,1000,1000,1000,1000,1000,1000,1000,1000,1000,1000,1000,1000,1000,1000,1000,1000,1000,1000,1000,1000,1000,1181.796,1181.796,1183.469,1183.621,1185.415,1000,1000,1000,1181.918,1181.234,1181.234,1181.447,1000,1000,1000,1000,1000,1000,1000,1000,1152.379,1000,1000,1000,1128.814,1000,1000,1000,1000,1000,1000,1000,1000,1133.694,1000,1000,1000,1137.921,1137.677,1137.677,1137.434,1137.434,1136.704,1136.279,1000,1000,1000,1000,1000,1000,1000,1000,1000,1000,1000,1000,1188.273,1186.023,1187.3,1186.448,1186.874,1185.84,1188.029,1188.273,1191.739,1193.259,1000,1000,1000,1000,1000,1000,1000,1000,1000,1000,1000,1000,1000,1000,1000,1000,1000,1000,1000,1000,1000,1000,1000,1000,1000,1000,1000,1000,1000,1000,1000,1000,1000,1000,1000,1000,1000,1000,1000,1000,1000,1000,1000,1000,1000,1000,1179.843,1180.238,1179.843,1179.675,1179.782,1179.295,1179.105,1179.105,1288.004,1281.193,1279.247,1000,1283.139,1284.112,1274.868,1272.922,1267.084,1262.22,1259.301,1258.328,1262.22,1256.382,1256.382,1258.328,1255.409,1246.652,1246.652,1238.868,1226.706,1000,1000,1000,1000,1000,1000,1000,1000,1000,1000,1000,1000,1000,1000,1000,1000,1000,1000,1000,1000,1000,1000,1000,1000,1000,1000,1000,1243.246,1243.733,1243.733,1238.381,1000,1000,1000,1000,1205.543,1202.381,1203.84,1201.165,1202.381,1200.678,1198.975,1197.03,1193.624,1191.8,1189.246,1187.543,1186.813,1186.327,1184.867,1184.867,1185.232,1183.043,1180.002,1178.421,1177.57,1176.475,1175.928,1176.719,1176.171,1175.137,1173.252,1172.401,1171.215,1171.215,1171.033,1170.85,1169.999,1169.543,1169.239,1168.539,1168.418,1167.308,1167.201,1166.692,1166.282,1166.107,1166.221,1166,1165.826,1165.521,1274.382,1268.544,1253.463,1253.463,1257.355,1260.274,1263.193,1269.517,1265.625,1257.355,1249.571,1246.652,1235.463,1230.111,1222.327,1221.354,1218.435,1220.381,1218.435,1215.03,1205.057,1199.219,1000,1000,1000,1000,1000,1000,1000,1000,1000,1000,1000,1000,1000,1000,1000,1000,1000,1000,1000,1000,1000,1000,1000,1000,1000,1000,1000,1000,1000,1000,1000,1000,1000,1000,1000,1000,1000,1000,1000,1000,1000,1000,1000,1000,1000,1000,1000,1000,1000,1000,1000,1000,1000,1000,1000,1000,1000,1000,1000,1000,1000,1000,1000,1000,1000,1000,1000,1000,1000,1000,1000,1000,1000,1000,1000,1000,1000,1000,1000,1000,1000,1000,1000,1000,1000,1000,1000,1000,1000,1000,1000,1000,1000,1000,1000,1000,1000,1000
1000,1000,1000,1000,1000,1000,1000,1000,1000,1000,1000,1000,1000,1000,1000,1000,1000,1000,1000,1000,1000,1000,1000,1000,1000,1000,1000,1000,1000,1000,1000,1000,1000,1000,1000,1000,1000,1000,1000,1000,1000,1000,1000,1000,1000,1000,1000,1000,1000,1000,1000,1000,1000,1000,1000,1000,1000,1000,1000,1000,1000,1000,1000,1000,1000,1000,1000,1000,1000,1000,1000,1000,1000,1000,1000,1000,1000,1000,1000,1000,1000,1000,1000,1000,1000,1000,1000,1000,1000,1000,1000,1000,1000,1000,1000,1000,1000,1000,1000,1000,1000,1000,1000,1000,1000,1000,1000,1000,1000,1000,1000,1121.137,1119.069,1118.704,1000,1000,1000,1000,1000,1000,1000,1000,1243.246,1000,1000,1000,1000,1000,1000,1000,1000,1000,1000,1000,1000,1000,1000,1000,1000,1000,1000,1000,1000,1000,1000,1000,1000,1000,1000,1000,1269.517,1165.484,1165.56,1165.826,1165.826,1166.054,1165.75,1165.909,1165.955,1166.221,1166.343,1166.852,1166.343,1000,1000,1000,1000,1000,1000,1000,1000,1000,1000,1000,1000,1000,1000,1000,1000,1000,1000,1000,1000,1000,1000,1000,1000,1000,1000,1000,1000,1000,1000,1000,1000,1000,1000,1000,1000,1000,1000,1000,1000,1000,1000,1000,1000,1000,1000,1000,1000,1000,1000,1000,1000,1000,1000,1000,1000,1000,1000,1000,1000,1000,1000,1000,1000,1000,1124.299,1123.204,1123.569,1125.394,1000,1000,1000,1221.597,1226.706,1229.625,1228.652,1228.165,1000,1000,1000,1000,1000,1242.273,1256.382,1260.274,1265.139,1269.031,1276.814,1281.193,1282.166,1289.95,1179.143,1289.95,1288.004,1179.333,1179.409,1000,1180.557,1000,1000,1000,1000,1000,1000,1000,1000,1000,1000,1000,1000,1000,1000,1000,1000,1000,1000,1000,1000,1000,1000,1000,1000,1000,1000,1000,1000,1000,1000,1000,1000,1000,1000,1000,1179.729,1179.782,1179.577,1179.622,1180.314,1180.314,1181.553,1000,1000,1000,1180.823,1180.557,1180.823,1180.93,1000,1000,1000,1000,1000,1000,1000,1000,1000,1000,1000,1000,1128.7,1000,1000,1000,1000,1000,1000,1000,1000,1000,1000,1000,1000,1000,1000,1000,1000,1137.434,1136.522,1136.704,1000,1134.637,1000,1000,1000,1000,1000,1000,1000,1000,1000,1000,1000,1185.232,1186.023,1184.29,1183.773,1182.572,1183.621,1183.621,1186.631,1186.631,1000,1000,1000,1000,1000,1000,1000,1000,1000,1000,1000,1000,1000,1000,1000,1000,1000,1000,1000,1000,1000,1000,1000,1000,1000,1000,1000,1000,1000,1000,1000,1000,1000,1000,1000,1000,1000,1000,1000,1000,1000,1000,1000,1000,1000,1000,1000,1000,1000,1284.112,1285.085,1280.22,1278.274,1274.868,1271.949,1267.084,1264.166,1000,1256.382,1256.382,1253.463,1250.057,1251.03,1248.111,1245.679,1245.679,1247.625,1241.3,1241.3,1242.273,1239.841,1235.949,1234.003,1225.246,1219.408,1000,1000,1000,1000,1000,1000,1000,1000,1000,1000,1000,1000,1000,1000,1000,1000,1000,1000,1000,1000,1000,1000,1000,1000,1000,1000,1000,1000,1000,1000,1000,1000,1000,1000,1000,1196.543,1195.084,1196.057,1193.624,1192.773,1191.8,1189.246,1186.813,1184.137,1183.408,1180.61,1179.637,1178.725,1178.725,1177.874,1177.023,1176.171,1174.164,1172.401,1170.85,1170.516,1170.516,1170.668,1171.033,1170.516,1169.999,1168.95,1168.296,1167.825,1168.053,1167.612,1167.505,1166.776,1166.343,1166,1166,1165.826,1165.598,1165.674,1165.56,1271.463,1270.49,1273.409,1266.598,1261.247,1254.436,1245.679,1241.787,1234.49,1234.003,1238.381,1241.787,1242.76,1245.679,1243.733,1238.381,1232.057,1227.679,1219.895,1216.489,1209.435,1206.516,1203.111,1203.111,1201.165,1200.435,1193.867,1000,1000,1000,1000,1000,1000,1000,1000,1000,1000,1000,1000,1000,1000,1000,1000,1000,1000,1000,1000,1000,1000,1000,1000,1000,1000,1000,1000,1000,1000,1000,1000,1000,1000,1000,1000,1000,1000,1000,1000,1000,1000,1000,1000,1000,1000,1000,1000,1000,1000,1000,1000,1000,1000,1000,1000,1000,1000,1000,1000,1000,1000,1000,1000,1000,1000,1000,1000,1000,1000,1000,1000,1000,1000,1000,1000,1000,1000,1000,1000,1000,1000,1000,1000,1000,1000,1000,1000,1000,1000,1000,1000,1000,1000,1000,1000,1000,1000,1000
1000,1000,1000,1000,1000,1000,1000,1000,1000,1000,1000,1000,1000,1000,1000,1000,1000,1000,1000,1000,1000,1000,1000,1000,1000,1000,1000,1000,1000,1000,1000,1000,1000,1000,1000,1000,1000,1000,1000,1000,1000,1000,1000,1000,1000,1000,1000,1000,1000,1000,1000,1000,1000,1000,1000,1000,1000,1000,1000,1000,1000,1000,1000,1000,1000,1000,1000,1000,1000,1000,1000,1000,1000,1000,1000,1000,1000,1000,1000,1000,1000,1000,1000,1000,1000,1000,1000,1000,1000,1000,1000,1000,1000,1000,1000,1000,1000,1000,1000,1000,1000,1000,1000,1000,1000,1000,1000,1000,1000,1000,1000,1119.069,1118.704,1116.758,1000,1000,1000,1000,1000,1000,1000,1000,1231.814,1233.76,1237.408,1240.814,1253.463,1000,1000,1000,1000,1000,1000,1000,1000,1000,1000,1000,1000,1000,1000,1000,1000,1000,1000,1000,1000,1000,1000,1000,1000,1000,1258.328,1263.193,1267.571,1274.382,1268.544,1271.463,1273.409,1276.328,1165.56,1165.955,1165.826,1165.826,1000,1000,1000,1000,1000,1000,1000,1000,1000,1000,1000,1000,1000,1000,1000,1000,1000,1000,1000,1000,1000,1000,1000,1000,1000,1000,1000,1000,1000,1000,1000,1000,1000,1000,1000,1000,1000,1000,1000,1000,1000,1000,1000,1000,1000,1000,1000,1000,1000,1000,1000,1000,1000,1000,1181.219,1000,1000,1184.502,1000,1000,1000,1000,1000,1000,1123.569,1122.231,1122.231,1124.299,1000,1000,1000,1214.786,1218.678,1220.138,1220.868,1220.868,1217.462,1216.246,1000,1000,1000,1000,1000,1245.679,1250.057,1252.003,1257.355,1268.057,1272.922,1283.139,1179.067,1179.219,1000,1000,1000,1000,1000,1000,1000,1000,1000,1000,1000,1000,1000,1000,1000,1000,1000,1000,1000,1328.869,1000,1000,1000,1188.273,1000,1000,1000,1000,1000,1000,1000,1000,1327.653,1316.099,1304.058,1000,1000,1000,1000,1263.193,1282.166,1179.105,1288.977,1179.029,1179.409,1179.485,1000,1000,1000,1000,1179.447,1179.577,1179.675,1000,1000,1000,1000,1000,1000,1000,1000,1000,1000,1000,1000,1000,1128.51,1000,1000,1000,1000,1000,1000,1000,1000,1000,1000,1000,1000,1000,1000,1000,1000,1000,1000,1000,1000,1000,1000,1000,1000,1000,1000,1224.273,1211.624,1000,1000,1000,1000,1000,1000,1000,1000,1000,1180.648,1180.398,1000,1000,1000,1000,1000,1000,1000,1276.814,1287.031,1289.95,1285.085,1279.247,1270.003,1253.463,1000,1000,1000,1000,1000,1000,1000,1000,1000,1000,1000,1000,1000,1000,1000,1000,1000,1000,1000,1000,1000,1000,1000,1000,1000,1000,1000,1000,1000,1000,1000,1000,1000,1000,1000,1000,1000,1000,1000,1257.355,1255.409,1252.49,1252.003,1249.084,1000,1000,1236.435,1240.814,1235.949,1234.003,1236.435,1233.516,1231.084,1230.111,1232.057,1225.246,1225.246,1223.057,1220.138,1213.57,1212.841,1203.354,1198.489,1000,1190.948,1000,1000,1000,1000,1000,1000,1000,1000,1000,1000,1109.339,1108.397,1107.842,1000,1000,1000,1000,1000,1000,1000,1000,1000,1000,1000,1000,1000,1000,1000,1000,1000,1000,1000,1000,1187.543,1188.394,1188.759,1188.394,1185.962,1184.502,1180.61,1176.719,1175.137,1174.894,1173.495,1173.009,1173.252,1172.583,1171.793,1171.397,1170.516,1169.239,1168.95,1167.931,1167.612,1167.612,1167.931,1167.612,1167.718,1167.308,1167.027,1166.548,1166.343,1166.16,1165.909,1165.712,1165.446,1269.517,1263.193,1263.193,1262.22,1255.409,1257.355,1257.355,1251.517,1250.544,1250.544,1245.679,1237.408,1231.084,1227.679,1227.192,1221.354,1221.354,1222.814,1218.922,1216.489,1217.462,1214.543,1213.084,1213.084,1210.165,1203.111,1202.624,1195.57,1191.435,1190.219,1191.435,1189.732,1189.246,1183.894,1000,1000,1000,1000,1000,1000,1000,1000,1000,1000,1000,1000,1000,1000,1000,1000,1000,1000,1000,1000,1000,1000,1000,1000,1000,1000,1000,1000,1000,1000,1000,1000,1000,1000,1000,1000,1000,1000,1000,1000,1000,1000,1000,1000,1000,1000,1000,1000,1000,1000,1000,1000,1000,1000,1000,1000,1000,1000,1000,1000,1000,1000,1000,1000,1000,1000,1000,1000,1000,1000,1000,1000,1000,1000,1000,1000,1000,1000,1000,1000,1000,1000,1000,1000,1000,1000,1000,1000,1000,1000,1000,1000,1000,1000,1000,1000,1000,1000,1000
1000,1000,1000,1000,1000,1000,1000,1000,1000,1000,1000,1000,1000,1000,1000,1000,1000,1000,1000,1000,1000,1000,1000,1000,1000,1000,1000,1000,1000,1000,1000,1000,1000,1000,1000,1000,1000,1000,1000,1000,1000,1000,1000,1000,1000,1000,1000,1000,1000,1000,1000,1000,1000,1000,1000,1000,1000,1000,1000,1000,1000,1000,1000,1000,1000,1000,1000,1000,1000,1000,1000,1000,1000,1000,1000,1000,1000,1000,1000,1000,1000,1000,1000,1000,1000,1000,1000,1000,1000,1000,1000,1000,1000,1000,1000,1000,1000,1000,1000,1000,1000,1000,1000,1000,1000,1000,1000,1000,1000,1000,1000,1119.434,1117.488,1116.758,1000,1000,1000,1000,1000,1000,1000,1000,1000,1000,1000,1000,1000,1000,1000,1000,1000,1000,1000,1000,1000,1000,1000,1000,1000,1000,1000,1000,1000,1000,1000,1216.003,1217.462,1000,1222.814,1222.327,1226.219,1233.03,1238.381,1243.733,1248.598,1252.49,1250.544,1254.436,1258.328,1262.22,1271.463,1165.712,1165.712,1165.75,1000,1000,1000,1000,1000,1000,1000,1000,1000,1000,1000,1000,1000,1000,1000,1000,1000,1000,1000,1000,1000,1000,1000,1000,1000,1000,1000,1000,1000,1000,1000,1000,1000,1000,1000,1000,1000,1000,1000,1000,1000,1000,1000,1000,1000,1000,1000,1000,1000,1000,1000,1000,1000,1000,1177.874,1178.725,1179.637,1182.678,1182.313,1000,1000,1000,1000,1000,1121.866,1122.231,1121.866,1000,1000,1000,1198.489,1207.489,1211.624,1214.057,1215.516,1216.733,1213.57,1212.354,1211.138,1000,1000,1000,1000,1000,1000,1000,1000,1257.355,1000,1000,1000,1000,1000,1000,1000,1000,1000,1000,1000,1000,1000,1000,1000,1000,1000,1000,1000,1000,1000,1000,1314.518,1320.112,1000,1000,1166.989,1000,1000,1000,1000,1000,1000,1000,1000,1000,1000,1000,1000,1000,1000,1000,1000,1000,1000,1000,1268.057,1267.084,1278.274,1281.193,1000,1000,1000,1000,1179.257,1179.333,1000,1000,1000,1000,1000,1000,1000,1128.434,1240.327,1239.354,1231.571,1227.192,1233.516,1235.463,1000,1000,1000,1000,1000,1000,1000,1000,1000,1000,1000,1317.923,1000,1000,1000,1000,1000,1000,1000,1000,1000,1000,1000,1000,1000,1132.265,1129.878,1128.89,1230.598,1210.651,1000,1000,1000,1000,1000,1000,1000,1000,1000,1000,1000,1000,1000,1000,1000,1261.247,1256.382,1261.247,1269.031,1271.949,1270.976,1267.084,1261.247,1252.003,1000,1000,1000,1000,1000,1186.813,1000,1000,1000,1000,1000,1000,1000,1000,1000,1000,1000,1000,1000,1000,1000,1000,1000,1000,1000,1000,1000,1000,1000,1000,1000,1000,1000,1000,1000,1000,1000,1000,1000,1000,1000,1000,1000,1000,1000,1000,1000,1225.733,1223.057,1221.597,1225.246,1221.597,1218.678,1216.733,1218.192,1212.841,1212.841,1212.354,1000,1000,1000,1192.286,1186.327,1184.502,1183.773,1180.246,1183.408,1185.232,1187.178,1188.029,1000,1000,1000,1000,1110.708,1109.795,1108.822,1000,1000,1000,1000,1000,1000,1000,1000,1000,1000,1000,1000,1000,1000,1000,1000,1000,1000,1000,1000,1000,1000,1182.678,1181.219,1180.975,1177.874,1177.023,1174.651,1172.401,1171.215,1170.85,1169.695,1169.239,1169.391,1168.95,1168.676,1168.296,1167.612,1166.852,1166.472,1166,1165.788,1165.826,1165.909,1165.788,1165.826,1165.75,1165.598,1165.407,1165.407,1273.409,1266.598,1260.274,1254.436,1245.679,1240.814,1242.76,1240.814,1237.408,1238.381,1238.381,1232.057,1230.111,1000,1223.787,1218.435,1216.489,1212.111,1215.03,1208.705,1207.246,1205.057,1201.895,1195.57,1199.219,1196.786,1196.057,1196.057,1193.867,1187.056,1187.543,1182.435,1180.002,1177.813,1179.637,1177.813,1178.664,1000,1000,1000,1000,1000,1000,1000,1000,1000,1000,1000,1000,1000,1000,1000,1000,1000,1000,1000,1000,1000,1000,1000,1000,1000,1000,1000,1000,1000,1000,1000,1000,1000,1000,1000,1000,1000,1000,1000,1000,1000,1000,1000,1000,1000,1000,1000,1000,1000,1000,1000,1000,1000,1000,1000,1000,1000,1000,1000,1000,1000,1000,1000,1000,1000,1000,1000,1000,1000,1000,1000,1000,1000,1000,1000,1000,1000,1000,1000,1000,1000,1000,1000,1000,1000,1000,1000,1000,1000,1000,1000,1000,1000,1000,1000,1000,1000,1000,1000,1000
1000,1000,1000,1000,1000,1000,1000,1000,1000,1000,1000,1000,1000,1000,1000,1000,1000,1000,1000,1000,1000,1000,1000,1000,1000,1000,1000,1000,1000,1000,1000,1000,1000,1000,1000,1000,1000,1000,1000,1000,1000,1000,1000,1000,1000,1000,1000,1000,1000,1000,1000,1000,1000,1000,1000,1000,1000,1000,1000,1000,1000,1000,1000,1000,1000,1000,1000,1000,1000,1000,1000,1000,1000,1000,1000,1000,1000,1000,1000,1000,1000,1000,1000,1000,1000,1000,1000,1000,1000,1000,1000,1000,1000,1000,1000,1000,1000,1000,1000,1000,1000,1000,1000,1000,1000,1000,1000,1000,1000,1000,1117.488,1117.853,1116.758,1000,1000,1000,1000,1000,1000,1000,1000,1000,1000,1000,1000,1000,1000,1000,1000,1000,1000,1000,1000,1000,1000,1000,1000,1000,1000,1000,1000,1000,1000,1194.354,1198.003,1203.84,1205.786,1208.705,1213.57,1214.543,1219.895,1223.787,1229.625,1234.49,1239.841,1242.76,1246.652,1247.625,1251.517,1256.382,1264.652,1275.355,1165.56,1165.598,1000,1000,1000,1000,1000,1000,1000,1000,1000,1000,1000,1000,1000,1000,1000,1000,1000,1000,1000,1000,1000,1000,1000,1000,1000,1000,1000,1000,1000,1000,1000,1000,1000,1000,1000,1000,1000,1000,1000,1000,1000,1000,1000,1000,1000,1000,1000,1000,1000,1000,1000,1000,1000,1175.381,1176.171,1176.475,1178.725,1180.61,1180.975,1000,1000,1000,1000,1120.65,1119.495,1120.042,1119.495,1000,1000,1000,1193.259,1199.705,1204.57,1206.759,1209.678,1212.354,1209.678,1207.976,1000,1000,1000,1000,1000,1000,1000,1000,1000,1000,1000,1000,1000,1000,1000,1000,1000,1000,1000,1000,1000,1000,1000,1000,1000,1000,1000,1000,1000,1000,1000,1309.531,1309.531,1000,1000,1000,1000,1000,1000,1000,1000,1000,1000,1000,1000,1239.841,1237.408,1234.003,1000,1000,1000,1000,1000,1000,1000,1000,1000,1000,1000,1000,1000,1000,1000,1000,1000,1000,1000,1000,1000,1000,1000,1000,1000,1235.463,1241.3,1241.3,1234.49,1232.543,1241.3,1000,1000,1000,1000,1000,1000,1000,1000,1000,1000,1000,1000,1000,1000,1233.516,1231.084,1228.165,1219.408,1215.516,1000,1000,1000,1000,1000,1000,1000,1000,1131.079,1129.574,1238.381,1224.273,1203.354,1000,1000,1000,1000,1000,1000,1000,1000,1000,1000,1000,1000,1000,1000,1250.057,1246.652,1248.111,1247.625,1248.111,1248.111,1247.625,1244.706,1242.273,1242.273,1000,1000,1000,1000,1198.003,1197.03,1198.003,1000,1000,1000,1000,1000,1000,1000,1000,1000,1000,1000,1000,1000,1000,1000,1132.083,1000,1000,1000,1000,1000,1000,1000,1000,1000,1000,1000,1000,1000,1000,1000,1000,1000,1000,1000,1000,1000,1000,1000,1000,1210.408,1210.408,1212.841,1211.624,1206.759,1204.57,1203.84,1198.975,1198.975,1000,1000,1000,1000,1180.002,1179.333,1179.637,1179.029,1177.874,1179.029,1179.029,1180.002,1181.583,1180.002,1000,1000,1000,1110.16,1109.446,1108.313,1108.169,1000,1000,1000,1000,1000,1000,1000,1000,1000,1000,1000,1000,1000,1000,1000,1000,1000,1000,1000,1000,1000,1000,1000,1000,1171.61,1172.827,1172.583,1171.397,1170.516,1169.847,1168.053,1167.399,1167.308,1166.776,1166.472,1166.282,1165.955,1165.674,1165.521,1271.463,1265.625,1266.598,1267.571,1264.652,1262.22,1263.193,1258.328,1251.517,1251.517,1249.571,1245.679,1239.841,1234.49,1227.679,1225.246,1223.787,1220.381,1220.381,1219.895,1219.895,1216.003,1216.003,1000,1208.705,1200.435,1000,1193.867,1196.057,1191.921,1190.948,1189.732,1188.759,1183.408,1184.867,1183.894,1183.894,1183.894,1183.408,1179.151,1181.948,1177.813,1175.624,1172.34,1173.191,1168.691,1000,1000,1000,1000,1000,1000,1000,1000,1000,1000,1000,1000,1000,1000,1000,1000,1000,1000,1000,1000,1000,1000,1000,1000,1000,1000,1000,1000,1000,1000,1000,1000,1000,1000,1000,1000,1000,1000,1000,1000,1000,1000,1000,1000,1000,1000,1000,1000,1000,1000,1000,1000,1000,1000,1000,1000,1000,1000,1000,1000,1000,1000,1000,1000,1000,1000,1000,1000,1000,1000,1000,1000,1000,1000,1000,1000,1000,1000,1000,1000,1000,1000,1000,1000,1000,1000,1000,1000,1000,1000,1000,1000,1000,1000,1000,1000,1000,1000,1000,1000,1000
1000,1000,1000,1000,1000,1000,1000,1000,1000,1000,1000,1000,1000,1000,1000,1000,1000,1000,1000,1000,1000,1000,1000,1000,1000,1000,1000,1000,1000,1000,1000,1000,1000,1000,1000,1000,1000,1000,1000,1000,1000,1000,1000,1000,1000,1000,1000,1000,1000,1000,1000,1000,1000,1000,1000,1000,1000,1000,1000,1000,1000,1000,1000,1000,1000,1000,1000,1000,1000,1000,1000,1000,1000,1000,1000,1000,1000,1000,1000,1000,1000,1000,1000,1000,1000,1000,1000,1000,1000,1000,1000,1000,1000,1000,1000,1000,1000,1000,1000,1000,1000,1000,1000,1000,1000,1000,1000,1000,1000,1000,1000,1115.664,1000,1000,1000,1000,1000,1000,1000,1000,1000,1000,1000,1000,1000,1000,1000,1000,1000,1000,1000,1000,1000,1000,1000,1000,1000,1000,1000,1000,1000,1000,1194.354,1193.867,1197.516,1201.165,1203.111,1204.57,1210.651,1210.651,1215.03,1218.435,1222.327,1219.895,1224.76,1227.192,1231.084,1232.057,1243.733,1000,1000,1000,1165.407,1269.517,1000,1000,1000,1000,1000,1000,1000,1000,1000,1000,1000,1000,1000,1000,1000,1000,1000,1000,1000,1000,1000,1000,1000,1000,1000,1000,1000,1000,1000,1000,1000,1000,1000,1000,1000,1000,1000,1000,1000,1000,1165.788,1000,1000,1000,1000,1000,1000,1000,1000,1000,1000,1000,1000,1174.408,1175.685,1175.928,1177.57,1178.725,1000,1000,1000,1000,1000,1119.495,1118.643,1118.887,1000,1000,1000,1000,1189.246,1193.624,1197.516,1199.705,1203.354,1206.759,1207.489,1000,1000,1000,1000,1000,1000,1000,1000,1000,1000,1000,1000,1000,1000,1176.597,1177.083,1186.327,1000,1000,1000,1000,1000,1000,1000,1000,1000,1000,1000,1000,1000,1000,1000,1311.355,1310.626,1000,1000,1000,1000,1000,1000,1000,1000,1000,1000,1000,1000,1224.273,1223.787,1223.787,1000,1000,1000,1000,1000,1185.962,1000,1000,1000,1000,1000,1000,1000,1000,1000,1000,1000,1000,1000,1000,1000,1000,1000,1000,1239.354,1229.625,1238.381,1238.381,1000,1000,1000,1000,1000,1000,1000,1000,1000,1000,1000,1000,1000,1212.841,1214.786,1219.408,1225.733,1225.246,1223.057,1220.868,1213.57,1208.705,1207.489,1204.57,1000,1000,1000,1000,1000,1000,1132.721,1130.053,1128.7,1234.49,1219.408,1212.597,1000,1000,1000,1000,1000,1000,1000,1000,1000,1000,1000,1000,1000,1235.949,1229.625,1229.625,1229.625,1230.111,1232.057,1233.516,1232.057,1232.543,1000,1000,1000,1000,1000,1198.003,1194.111,1000,1000,1000,1000,1000,1000,1000,1000,1000,1000,1000,1000,1000,1000,1000,1131.718,1126.853,1128.434,1000,1000,1000,1000,1000,1000,1000,1000,1000,1000,1000,1000,1000,1000,1000,1000,1000,1000,1000,1000,1000,1000,1000,1000,1205.543,1207.976,1206.273,1200.192,1197.516,1195.084,1000,1000,1000,1000,1000,1000,1000,1000,1000,1000,1000,1173.009,1000,1000,1000,1000,1000,1000,1000,1108.169,1107.781,1107.256,1107.18,1216.003,1000,1000,1000,1000,1000,1000,1000,1000,1000,1155.678,1000,1160.056,1151.299,1146.677,1142.299,1136.461,1132.569,1000,1000,1000,1000,1000,1000,1000,1000,1000,1168.813,1168.296,1167.718,1166.282,1166.054,1165.955,1165.826,1165.75,1165.636,1276.328,1270.49,1262.22,1255.409,1249.571,1248.598,1250.544,1246.652,1244.706,1243.733,1239.841,1229.625,1234.003,1232.057,1227.679,1223.787,1223.787,1218.435,1213.57,1211.624,1208.705,1207.246,1203.84,1203.84,1201.165,1201.895,1000,1000,1000,1000,1182.435,1182.921,1180.489,1180.002,1179.637,1178.664,1173.191,1172.34,1172.34,1171.975,1172.34,1172.34,1170.516,1169.786,1166.624,1163.097,1161.759,1162.063,1000,1000,1000,1000,1000,1000,1000,1000,1000,1000,1000,1000,1000,1000,1000,1000,1000,1000,1000,1000,1000,1000,1000,1000,1000,1000,1000,1000,1000,1000,1000,1000,1000,1000,1000,1000,1000,1000,1000,1000,1000,1000,1000,1000,1000,1000,1000,1000,1000,1000,1000,1000,1000,1000,1000,1000,1000,1000,1000,1000,1000,1000,1000,1000,1000,1000,1000,1000,1000,1000,1000,1000,1000,1000,1000,1000,1000,1000,1000,1000,1000,1000,1000,1000,1000,1000,1000,1000,1000,1000,1000,1000,1000,1000,1000,1000,1000,1000,1000,1000,1000,1000
1000,1000,1000,1000,1000,1000,1000,1000,1000,1000,1000,1000,1000,1000,1000,1000,1000,1000,1000,1000,1000,1000,1000,1000,1000,1000,1000,1000,1000,1000,1000,1000,1000,1000,1000,1000,1000,1000,1000,1000,1000,1000,1000,1000,1000,1000,1000,1000,1000,1000,1000,1000,1000,1000,1000,1000,1000,1000,1000,1000,1000,1000,1000,1000,1000,1000,1000,1000,1000,1000,1000,1000,1000,1000,1000,1000,1000,1000,1000,1000,1000,1000,1000,1000,1000,1000,1000,1000,1000,1000,1000,1000,1000,1000,1000,1000,1000,1000,1000,1000,1000,1000,1000,1000,1000,1000,1000,1000,1000,1000,1108.609,1000,1000,1000,1000,1000,1000,1000,1000,1000,1154.674,1155.191,1000,1000,1156.377,1157.989,1000,1000,1000,1000,1000,1000,1000,1000,1000,1000,1000,1000,1000,1000,1000,1000,1185.354,1184.867,1189.732,1192.651,1193.867,1195.57,1200.435,1000,1000,1210.165,1000,1210.651,1217.462,1217.462,1216.003,1000,1000,1000,1000,1000,1000,1000,1000,1000,1000,1000,1000,1000,1000,1000,1000,1000,1000,1000,1000,1000,1000,1000,1000,1000,1000,1000,1000,1000,1000,1000,1000,1000,1000,1000,1000,1000,1000,1000,1000,1246.652,1257.355,1267.571,1263.193,1258.328,1262.22,1268.544,1271.463,1165.598,1165.955,1166.16,1166.403,1166.548,1166.548,1166.692,1166.852,1168.418,1000,1000,1000,1172.401,1172.827,1173.495,1173.495,1174.651,1000,1000,1000,1000,1118.096,1117.792,1117.792,1117.792,1000,1000,1000,1000,1182.313,1187.543,1190.948,1194.111,1197.03,1201.165,1000,1000,1000,1000,1000,1000,1000,1000,1000,1000,1000,1000,1000,1000,1196.057,1185.354,1184.867,1193.624,1000,1000,1000,1000,1000,1000,1000,1000,1000,1000,1000,1000,1000,1000,1000,1000,1310.626,1000,1000,1000,1000,1120.301,1120.589,1000,1000,1000,1156.286,1000,1000,1000,1000,1000,1000,1000,1000,1203.354,1000,1000,1000,1000,1000,1000,1000,1000,1000,1000,1000,1000,1000,1000,1000,1000,1000,1000,1000,1000,1000,1000,1000,1000,1000,1000,1000,1000,1000,1000,1000,1000,1000,1000,1000,1201.651,1204.57,1207.489,1209.192,1211.138,1216.246,1214.057,1212.354,1210.408,1207.489,1203.84,1204.57,1204.57,1203.84,1202.867,1000,1000,1000,1000,1000,1000,1129.574,1128.624,1230.598,1222.327,1218.435,1000,1000,1000,1000,1000,1000,1000,1000,1000,1000,1000,1000,1231.084,1220.868,1219.408,1217.462,1216.246,1217.462,1220.868,1000,1000,1000,1000,1000,1000,1000,1000,1000,1000,1000,1000,1000,1000,1000,1000,1000,1000,1000,1000,1000,1000,1000,1000,1000,1000,1124.299,1000,1000,1000,1000,1000,1000,1000,1000,1000,1000,1000,1000,1000,1000,1000,1000,1000,1000,1000,1000,1000,1000,1000,1000,1199.705,1198.975,1196.057,1000,1188.029,1000,1000,1000,1000,1000,1000,1000,1000,1000,1000,1000,1000,1000,1000,1000,1000,1000,1000,1215.03,1215.03,1215.03,1213.084,1204.813,1205.786,1197.03,1000,1000,1000,1164.435,1000,1000,1000,1000,1156.164,1151.299,1155.678,1155.678,1152.759,1147.407,1141.569,1135.245,1130.867,1129.407,1128.434,1127.461,1000,1000,1000,1000,1000,1000,1000,1000,1167.399,1165.674,1165.521,1165.521,1273.409,1269.517,1267.571,1260.274,1253.463,1247.625,1240.814,1236.435,1234.49,1235.463,1227.679,1227.192,1224.76,1222.327,1212.111,1216.003,1213.084,1209.435,1205.057,1210.165,1205.786,1201.165,1198.732,1196.057,1194.354,1191.435,1190.219,1189.732,1187.543,1183.408,1181.948,1179.637,1000,1174.408,1173.556,1171.975,1170.881,1169.786,1168.326,1164.799,1163.097,1162.549,1163.097,1162.306,1163.097,1162.306,1162.549,1160.299,1159.387,1158.171,1158.353,1000,1000,1000,1000,1000,1000,1000,1000,1000,1000,1000,1000,1000,1000,1000,1000,1000,1000,1000,1000,1000,1000,1000,1000,1000,1000,1000,1000,1000,1000,1000,1000,1000,1000,1000,1000,1000,1000,1000,1000,1000,1000,1000,1000,1000,1000,1000,1000,1000,1000,1000,1000,1000,1000,1000,1000,1000,1000,1000,1000,1000,1000,1000,1000,1000,1000,1000,1000,1000,1000,1000,1000,1000,1000,1000,1000,1000,1000,1000,1000,1000,1000,1000,1000,1000,1000,1000,1000,1000,1000,1000,1000,1000,1000,1000,1000,1000,1000,1000,1000,1000,1000
1000,1000,1000,1000,1000,1000,1000,1000,1000,1000,1000,1000,1000,1000,1000,1000,1000,1000,1000,1000,1000,1000,1000,1000,1000,1000,1000,1000,1000,1000,1000,1000,1000,1000,1000,1000,1000,1000,1000,1000,1000,1000,1000,1000,1000,1000,1000,1000,1000,1000,1000,1000,1000,1000,1000,1000,1000,1000,1000,1000,1000,1000,1000,1000,1000,1000,1000,1000,1000,1000,1000,1000,1000,1000,1000,1000,1000,1000,1000,1000,1000,1000,1000,1000,1000,1000,1000,1000,1000,1000,1000,1000,1000,1000,1000,1000,1000,1000,1000,1000,1000,1000,1000,1000,1000,1000,1000,1000,1000,1000,1000,1000,1000,1000,1000,1000,1000,1000,1000,1000,1000,1154.097,1153.488,1154.203,1154.917,1156.529,1156.225,1158.962,1000,1000,1000,1000,1000,1000,1000,1000,1000,1000,1000,1000,1000,1000,1000,1173.921,1177.327,1180.002,1180.489,1000,1000,1000,1000,1000,1000,1000,1000,1000,1000,1000,1000,1000,1000,1000,1000,1000,1000,1000,1000,1000,1000,1000,1000,1000,1000,1000,1000,1000,1000,1000,1000,1000,1000,1000,1000,1000,1000,1000,1192.651,1000,1000,1000,1000,1000,1000,1000,1213.57,1222.814,1230.111,1238.868,1245.679,1250.544,1250.544,1249.571,1254.436,1259.301,1266.598,1275.355,1165.521,1165.598,1165.674,1165.712,1165.712,1165.788,1166.221,1000,1000,1000,1000,1171.215,1000,1172.583,1172.583,1000,1000,1000,1000,1000,1118.887,1118.339,1117.792,1117.306,1000,1000,1000,1175.137,1179.333,1182.313,1000,1000,1000,1000,1000,1000,1000,1000,1000,1000,1000,1000,1000,1000,1000,1000,1000,1000,1000,1207.732,1000,1000,1000,1000,1000,1000,1000,1000,1000,1000,1000,1000,1000,1000,1000,1000,1000,1000,1000,1000,1000,1000,1118.286,1119.768,1120.741,1000,1000,1000,1000,1000,1000,1000,1000,1000,1000,1000,1000,1000,1000,1000,1000,1000,1000,1000,1000,1000,1000,1000,1000,1000,1000,1000,1000,1000,1000,1000,1000,1000,1000,1000,1000,1000,1000,1000,1000,1000,1000,1190.097,1193.624,1192.773,1195.084,1192.773,1195.084,1193.624,1196.057,1198.003,1198.975,1200.678,1203.84,1202.381,1200.678,1198.489,1197.03,1194.111,1196.057,1196.543,1196.543,1194.597,1193.259,1184.137,1000,1000,1000,1000,1000,1000,1241.3,1219.408,1212.597,1215.516,1000,1000,1000,1000,1000,1000,1000,1000,1000,1000,1000,1225.246,1210.408,1207.489,1205.057,1204.57,1000,1000,1000,1000,1000,1000,1000,1000,1000,1000,1000,1000,1000,1000,1000,1000,1000,1000,1000,1000,1000,1000,1000,1000,1000,1000,1000,1000,1120.954,1000,1000,1000,1000,1000,1000,1000,1000,1000,1000,1000,1000,1000,1000,1000,1000,1000,1000,1000,1000,1000,1000,1000,1000,1000,1000,1000,1000,1000,1000,1000,1000,1000,1187.3,1185.354,1000,1000,1000,1000,1000,1000,1000,1000,1000,1000,1000,1000,1187.3,1187.3,1189.246,1188.273,1186.327,1190.219,1190.219,1189.246,1000,1000,1165.894,1000,1000,1000,1000,1000,1147.407,1152.029,1000,1000,1000,1000,1136.461,1132.083,1129.407,1126.002,1124.664,1000,1000,1000,1000,1000,1000,1000,1000,1000,1000,1000,1000,1260.274,1255.409,1249.571,1241.787,1238.381,1230.111,1226.219,1221.354,1220.381,1217.462,1211.624,1210.165,1205.057,1200.435,1195.084,1195.57,1193.138,1192.651,1191.435,1193.867,1193.138,1189.732,1187.056,1184.867,1183.408,1181.462,1179.637,1179.151,1175.989,1173.556,1170.516,1169.786,1000,1166.016,1165.407,1164.799,1164.252,1163.097,1163.644,1160.786,1160.056,1159.874,1161.272,1159.874,1160.299,1159.63,1158.597,1156.225,1155.769,1154.431,1154.431,1000,1000,1000,1000,1000,1000,1000,1000,1000,1000,1000,1000,1000,1000,1000,1000,1000,1000,1000,1000,1000,1000,1000,1000,1000,1000,1000,1000,1000,1000,1000,1000,1000,1000,1000,1000,1000,1000,1000,1000,1000,1000,1000,1000,1000,1000,1000,1000,1000,1000,1000,1000,1000,1000,1000,1000,1000,1000,1000,1000,1000,1000,1000,1000,1000,1000,1000,1000,1000,1000,1000,1000,1000,1000,1000,1000,1000,1000,1000,1000,1000,1000,1000,1000,1000,1000,1000,1000,1000,1000,1000,1000,1000,1000,1000,1000,1000,1000,1000,1000,1000,1000
1000,1000,1000,1000,1000,1000,1000,1000,1000,1000,1000,1000,1000,1000,1000,1000,1000,1000,1000,1000,1000,1000,1000,1000,1000,1000,1000,1000,1000,1000,1000,1000,1000,1000,1000,1000,1000,1000,1000,1000,1000,1000,1000,1000,1000,1000,1000,1000,1000,1000,1000,1000,1000,1000,1000,1000,1000,1000,1000,1000,1000,1000,1000,1000,1000,1000,1000,1000,1000,1000,1000,1000,1000,1000,1000,1000,1000,1000,1000,1000,1000,1000,1000,1000,1000,1000,1000,1000,1000,1000,1000,1000,1000,1000,1000,1000,1000,1000,1000,1000,1000,1000,1000,1000,1000,1000,1000,1000,1000,1000,1000,1000,1000,1000,1000,1000,1000,1000,1000,1000,1152.926,1153.405,1152.85,1153.405,1154.309,1155.191,1155.465,1158.171,1000,1000,1000,1000,1000,1000,1000,1000,1000,1000,1000,1000,1000,1000,1000,1000,1000,1000,1000,1000,1000,1000,1000,1000,1000,1000,1000,1000,1000,1000,1000,1000,1000,1000,1000,1000,1000,1000,1000,1000,1000,1000,1000,1000,1000,1000,1000,1000,1000,1000,1000,1000,1000,1000,1193.624,1190.219,1192.165,1189.732,1187.3,1189.732,1193.624,1198.003,1211.624,1000,1000,1000,1208.705,1215.03,1220.381,1227.679,1236.435,1240.814,1241.787,1243.733,1246.652,1249.571,1255.409,1263.193,1267.571,1269.517,1269.517,1271.463,1268.544,1273.409,1165.407,1000,1000,1000,1000,1000,1000,1000,1000,1000,1000,1000,1000,1118.339,1118.096,1118.887,1000,1000,1000,1000,1000,1000,1000,1000,1000,1000,1000,1000,1000,1000,1000,1000,1000,1000,1000,1000,1000,1000,1000,1000,1000,1000,1000,1000,1000,1000,1000,1000,1000,1000,1000,1000,1000,1000,1000,1000,1000,1000,1000,1000,1000,1000,1000,1118.126,1118.659,1117.967,1118.75,1119.768,1000,1000,1000,1000,1000,1000,1000,1000,1000,1000,1000,1000,1000,1000,1000,1000,1000,1000,1000,1000,1000,1000,1000,1000,1000,1000,1000,1000,1000,1000,1000,1000,1000,1000,1000,1000,1000,1000,1000,1000,1178.725,1179.333,1182.313,1184.502,1186.327,1186.327,1187.178,1185.962,1187.543,1185.232,1185.962,1187.543,1189.246,1190.097,1193.624,1193.624,1191.435,1189.61,1188.394,1186.327,1186.327,1187.178,1187.543,1187.178,1186.327,1182.313,1180.246,1175.685,1000,1000,1000,1000,1000,1231.571,1000,1000,1000,1000,1000,1000,1000,1000,1000,1000,1000,1000,1000,1000,1000,1000,1000,1000,1000,1000,1000,1000,1000,1000,1000,1000,1000,1000,1000,1172.583,1173.921,1000,1174.651,1172.583,1000,1000,1000,1000,1000,1000,1000,1000,1000,1000,1000,1000,1000,1115.299,1000,1000,1000,1000,1000,1000,1000,1000,1000,1000,1000,1000,1000,1000,1000,1000,1000,1000,1000,1000,1000,1000,1000,1000,1000,1000,1000,1000,1000,1000,1177.57,1176.597,1174.164,1173.191,1180.002,1000,1000,1000,1000,1000,1000,1000,1000,1000,1000,1000,1000,1176.597,1175.137,1174.164,1175.137,1175.624,1177.57,1178.543,1176.597,1000,1000,1000,1000,1000,1000,1000,1000,1000,1000,1000,1000,1000,1000,1133.542,1129.407,1125.15,1124.664,1122.353,1115.664,1114.569,1114.204,1000,1000,1000,1000,1000,1000,1000,1000,1000,1000,1000,1225.246,1225.246,1219.895,1216.003,1212.111,1210.165,1207.246,1200.435,1197.516,1192.651,1188.029,1182.435,1182.921,1181.948,1180.489,1180.002,1182.435,1180.975,1177.327,1175.137,1173.191,1170.516,1169.056,1168.691,1168.691,1166.624,1166.016,1165.104,1163.644,1161.029,1160.786,1159.63,1158.779,1158.171,1157.228,1157.411,1156.377,1155.328,1154.917,1155.465,1154.309,1154.203,1154.203,1153.405,1152.85,1152.599,1152.204,1000,1000,1000,1000,1000,1000,1000,1000,1000,1000,1000,1000,1000,1000,1000,1000,1000,1000,1000,1000,1000,1000,1000,1000,1000,1000,1000,1000,1000,1000,1000,1000,1000,1000,1000,1000,1000,1000,1000,1000,1000,1000,1000,1000,1000,1000,1000,1000,1000,1000,1000,1000,1000,1000,1000,1000,1000,1000,1000,1000,1000,1000,1000,1000,1000,1000,1000,1000,1000,1000,1000,1000,1000,1000,1000,1000,1000,1000,1000,1000,1000,1000,1000,1000,1000,1000,1000,1000,1000,1000,1000,1000,1000,1000,1000,1000,1000,1000,1000,1000,1000,1000,1000
1000,1000,1000,1000,1000,1000,1000,1000,1000,1000,1000,1000,1000,1000,1000,1000,1000,1000,1000,1000,1000,1000,1000,1000,1000,1000,1000,1000,1000,1000,1000,1000,1000,1000,1000,1000,1000,1000,1000,1000,1000,1000,1000,1000,1000,1000,1000,1000,1000,1000,1000,1000,1000,1000,1000,1000,1000,1000,1000,1000,1000,1000,1000,1000,1000,1000,1000,1000,1000,1000,1000,1000,1000,1000,1000,1000,1000,1000,1000,1000,1000,1000,1000,1000,1000,1000,1000,1000,1000,1000,1000,1000,1000,1000,1000,1000,1000,1000,1000,1000,1000,1000,1000,1000,1000,1000,1000,1000,1000,1000,1000,1000,1000,1000,1000,1000,1000,1000,1000,1000,1000,1000,1152.166,1000,1152.85,1000,1000,1000,1000,1000,1000,1000,1000,1000,1000,1000,1000,1000,1000,1000,1000,1000,1000,1000,1000,1000,1000,1000,1000,1000,1000,1000,1000,1000,1000,1000,1000,1000,1000,1000,1000,1000,1000,1000,1000,1000,1000,1000,1000,1000,1000,1000,1000,1000,1000,1000,1000,1000,1000,1182.435,1183.408,1183.408,1183.408,1180.002,1183.894,1183.894,1185.354,1185.354,1190.219,1197.03,1212.597,1000,1000,1000,1200.435,1207.246,1213.57,1218.435,1227.192,1230.111,1231.084,1234.49,1238.381,1238.381,1244.706,1249.571,1250.544,1251.517,1254.436,1254.436,1254.436,1261.247,1267.571,1000,1000,1000,1000,1000,1000,1000,1000,1000,1000,1000,1116.029,1117.306,1118.643,1122.231,1000,1000,1000,1000,1000,1000,1000,1000,1000,1000,1000,1000,1000,1000,1000,1000,1000,1000,1000,1000,1000,1000,1000,1000,1000,1000,1000,1000,1000,1000,1000,1000,1000,1000,1167.201,1167.308,1167.612,1000,1000,1000,1000,1000,1000,1000,1000,1000,1000,1119.069,1118.963,1118.043,1000,1000,1000,1000,1000,1000,1000,1000,1000,1000,1000,1000,1000,1000,1000,1000,1000,1000,1000,1000,1000,1000,1000,1000,1000,1000,1000,1000,1000,1000,1000,1000,1000,1000,1000,1000,1000,1000,1000,1000,1173.921,1175.928,1177.57,1177.57,1179.029,1179.333,1180.61,1180.975,1181.583,1180.61,1180.975,1179.333,1178.725,1179.029,1180.246,1181.219,1183.043,1184.137,1182.678,1180.975,1180.002,1178.421,1177.874,1178.725,1179.333,1179.637,1180.246,1178.117,1177.266,1174.651,1173.009,1000,1000,1000,1000,1000,1000,1000,1000,1000,1000,1000,1000,1000,1000,1000,1000,1000,1000,1000,1000,1000,1000,1000,1000,1000,1000,1000,1000,1000,1000,1000,1171.397,1171.397,1171.397,1171.215,1171.975,1171.61,1171.793,1169.847,1169.391,1000,1000,1000,1000,1000,1000,1000,1000,1000,1000,1000,1000,1000,1000,1000,1000,1000,1000,1000,1000,1000,1000,1000,1000,1000,1000,1000,1000,1000,1000,1000,1000,1000,1000,1000,1000,1000,1000,1000,1000,1000,1000,1000,1159.083,1163.948,1162.975,1161.516,1165.894,1167.84,1166.867,1000,1000,1000,1000,1000,1000,1000,1000,1172.705,1171.732,1169.299,1166.867,1165.407,1170.272,1171.732,1175.137,1176.597,1180.002,1171.732,1000,1000,1000,1000,1000,1000,1000,1000,1000,1000,1000,1000,1000,1000,1000,1128.921,1126.488,1122.353,1113.474,1113.109,1113.839,1110.008,1111.224,1000,1000,1000,1000,1000,1000,1000,1000,1000,1000,1000,1000,1208.705,1208.705,1201.165,1200.435,1191.435,1190.948,1183.408,1180.002,1174.772,1175.989,1173.921,1173.191,1172.34,1173.191,1171.61,1169.056,1166.989,1165.407,1162.549,1161.516,1160.543,1161.272,1159.63,1160.056,1159.205,1158.779,1156.711,1157.411,1156.377,1156.225,1155.191,1154.796,1154.674,1154.309,1153.686,1153.405,1153.314,1152.85,1152.166,1152.204,1152.052,1000,1264.652,1000,1000,1000,1000,1000,1000,1000,1000,1000,1000,1000,1000,1000,1000,1000,1000,1000,1000,1000,1000,1000,1000,1000,1000,1000,1000,1000,1000,1000,1000,1000,1000,1000,1000,1000,1000,1000,1000,1000,1000,1000,1000,1000,1000,1000,1000,1000,1000,1000,1000,1000,1000,1000,1000,1000,1000,1000,1000,1000,1000,1000,1000,1000,1000,1000,1000,1000,1000,1000,1000,1000,1000,1000,1000,1000,1000,1000,1000,1000,1000,1000,1000,1000,1000,1000,1000,1000,1000,1000,1000,1000,1000,1000,1000,1000,1000,1000,1000,1000,1000,1000,1000,1000,1000
1000,1000,1000,1000,1000,1000,1000,1000,1000,1000,1000,1000,1000,1000,1000,1000,1000,1000,1000,1000,1000,1000,1000,1000,1000,1000,1000,1000,1000,1000,1000,1000,1000,1000,1000,1000,1000,1000,1000,1000,1000,1000,1000,1000,1000,1000,1000,1000,1000,1000,1000,1000,1000,1000,1000,1000,1000,1000,1000,1000,1000,1000,1000,1000,1000,1000,1000,1000,1000,1000,1000,1000,1000,1000,1000,1000,1000,1000,1000,1000,1000,1000,1000,1000,1000,1000,1000,1000,1000,1000,1000,1000,1000,1000,1000,1000,1000,1000,1000,1000,1000,1000,1000,1000,1000,1000,1000,1000,1000,1000,1000,1000,1000,1000,1000,1000,1000,1000,1000,1000,1000,1000,1000,1000,1000,1000,1000,1000,1000,1000,1000,1000,1000,1000,1000,1000,1000,1000,1000,1000,1000,1000,1000,1000,1000,1000,1000,1000,1000,1000,1000,1000,1000,1000,1000,1000,1000,1000,1000,1000,1000,1000,1000,1000,1000,1000,1000,1000,1000,1000,1000,1000,1000,1000,1000,1000,1000,1181.462,1177.083,1172.218,1173.678,1175.624,1176.597,1175.137,1178.543,1180.002,1180.975,1182.435,1189.732,1197.03,1210.651,1231.571,1000,1000,1195.57,1199.948,1204.57,1210.165,1215.03,1216.003,1217.462,1221.354,1223.787,1226.219,1236.435,1240.814,1242.76,1242.76,1242.76,1241.787,1241.787,1250.544,1261.247,1000,1000,1000,1209.678,1198.975,1178.056,1144.975,1000,1000,1114.447,1113.839,1114.447,1116.515,1118.339,1127.948,1000,1000,1000,1000,1000,1000,1000,1000,1000,1000,1000,1000,1000,1000,1000,1000,1000,1000,1000,1000,1000,1000,1000,1000,1000,1000,1000,1000,1000,1000,1000,1000,1000,1167.201,1167.201,1167.11,1167.201,1167.201,1167.399,1166.776,1166.548,1000,1000,1000,1000,1000,1000,1118.286,1118.461,1000,1000,1000,1000,1000,1000,1000,1000,1000,1000,1000,1000,1000,1000,1000,1000,1000,1000,1000,1000,1000,1000,1000,1000,1000,1000,1000,1000,1000,1000,1000,1000,1000,1000,1000,1000,1169.999,1000,1000,1169.847,1170.516,1171.033,1172.401,1173.921,1173.921,1174.408,1174.408,1174.651,1174.894,1175.928,1175.381,1175.381,1174.164,1173.495,1173.252,1173.921,1174.894,1175.928,1176.171,1175.137,1174.408,1174.408,1174.164,1173.921,1174.408,1174.894,1174.651,1175.137,1174.651,1175.381,1173.495,1173.252,1171.61,1170.668,1168.95,1000,1000,1000,1000,1000,1000,1000,1000,1000,1000,1000,1000,1130.684,1127.522,1000,1000,1000,1000,1000,1000,1000,1000,1000,1000,1167.308,1168.053,1168.053,1167.931,1168.676,1169.391,1170.151,1169.543,1169.695,1169.543,1169.391,1167.931,1167.931,1167.308,1000,1000,1000,1166.935,1000,1166.107,1000,1000,1000,1000,1000,1000,1000,1000,1000,1000,1000,1000,1000,1000,1000,1000,1000,1000,1000,1000,1000,1000,1000,1000,1000,1000,1000,1000,1000,1000,1000,1000,1000,1000,1000,1000,1152.759,1157.624,1154.948,1148.624,1154.218,1157.624,1157.137,1000,1000,1000,1000,1000,1000,1000,1000,1000,1000,1000,1000,1000,1000,1176.597,1183.894,1184.381,1187.3,1000,1000,1000,1000,1000,1000,1000,1000,1000,1000,1000,1000,1000,1000,1000,1000,1000,1000,1000,1000,1113.839,1113.109,1109.461,1109.765,1000,1000,1000,1000,1000,1000,1000,1000,1000,1000,1000,1000,1000,1000,1000,1000,1000,1000,1175.137,1173.191,1168.691,1168.326,1166.624,1165.407,1164.252,1164.252,1163.644,1161.759,1159.874,1159.205,1157.593,1156.894,1156.711,1157.228,1155.617,1155.769,1155.191,1154.674,1154.097,1154.431,1153.884,1153.884,1152.994,1152.599,1152.599,1152.432,1152.128,1152.242,1152.166,1151.938,1255.895,1250.544,1247.625,1000,1241.787,1000,1000,1000,1000,1000,1000,1000,1000,1000,1000,1000,1000,1000,1000,1000,1000,1000,1000,1000,1000,1000,1000,1000,1000,1000,1000,1000,1000,1000,1000,1000,1000,1000,1000,1000,1000,1000,1000,1000,1000,1000,1000,1000,1000,1000,1000,1000,1000,1000,1000,1000,1000,1000,1000,1000,1000,1000,1000,1000,1000,1000,1000,1000,1000,1000,1000,1000,1000,1000,1000,1000,1000,1000,1000,1000,1000,1000,1000,1000,1000,1000,1000,1000,1000,1000,1000,1000,1000,1000,1000,1000,1000,1000,1000,1000,1000,1000,1000,1000,1000,1000,1000,1000,1000
1000,1000,1000,1000,1000,1000,1000,1000,1000,1000,1000,1000,1000,1000,1000,1000,1000,1000,1000,1000,1000,1000,1000,1000,1000,1000,1000,1000,1000,1000,1000,1000,1000,1000,1000,1000,1000,1000,1000,1000,1000,1000,1000,1000,1000,1000,1000,1000,1000,1000,1000,1000,1000,1000,1000,1000,1000,1000,1000,1000,1000,1000,1000,1000,1000,1000,1000,1000,1000,1000,1000,1000,1000,1000,1000,1000,1000,1000,1000,1000,1000,1000,1000,1000,1000,1000,1000,1000,1000,1000,1000,1000,1000,1000,1000,1000,1000,1000,1000,1000,1000,1000,1000,1000,1000,1000,1000,1000,1000,1000,1000,1000,1000,1000,1000,1000,1000,1000,1000,1000,1000,1000,1000,1000,1000,1000,1000,1000,1000,1000,1000,1000,1000,1000,1000,1000,1000,1000,1000,1000,1000,1000,1000,1000,1000,1000,1000,1000,1000,1000,1000,1000,1000,1000,1000,1000,1000,1000,1000,1000,1000,1000,1000,1000,1000,1000,1000,1000,1000,1000,1000,1000,1000,1000,1000,1000,1195.084,1178.056,1173.678,1168.813,1169.543,1169.543,1170.029,1169.543,1174.408,1177.083,1179.516,1181.462,1187.3,1192.651,1203.354,1223.3,1000,1000,1188.759,1193.138,1197.516,1201.895,1204.57,1207.246,1207.976,1212.111,1216.003,1219.895,1229.625,1234.49,1236.435,1235.463,1239.841,1235.463,1241.787,1000,1000,1000,1000,1000,1222.814,1000,1179.029,1140.596,1121.623,1115.299,1114.022,1113.839,1114.204,1115.116,1000,1000,1000,1000,1000,1000,1000,1000,1000,1000,1000,1000,1000,1000,1000,1000,1000,1000,1000,1000,1000,1000,1000,1248.598,1276.328,1165.712,1166.107,1000,1000,1000,1000,1000,1000,1000,1000,1167.201,1166.935,1166.616,1166.616,1166.472,1166.472,1166.221,1166.282,1000,1000,1000,1000,1000,1000,1117.351,1000,1000,1000,1000,1000,1000,1000,1000,1000,1000,1000,1000,1000,1000,1000,1000,1000,1000,1000,1000,1000,1000,1000,1000,1000,1000,1000,1000,1000,1000,1000,1000,1000,1000,1165.955,1166.403,1167.399,1168.174,1168.539,1168.539,1168.95,1168.95,1169.391,1169.543,1170.333,1170.151,1170.85,1170.668,1170.85,1170.85,1171.975,1171.215,1171.397,1170.85,1170.516,1169.999,1170.151,1170.333,1170.516,1170.151,1169.543,1169.543,1169.695,1169.695,1169.847,1169.999,1170.516,1169.999,1170.516,1170.516,1171.215,1169.695,1169.999,1169.695,1168.95,1168.174,1168.676,1167.201,1166,1000,1000,1000,1000,1000,1000,1000,1000,1000,1000,1000,1126.002,1000,1000,1000,1000,1000,1000,1000,1000,1166.692,1166.343,1166.692,1166.548,1166.616,1166.692,1167.308,1167.825,1167.825,1167.825,1167.612,1167.399,1166.472,1166.472,1166.282,1166.343,1166.221,1166.472,1165.864,1165.674,1165.407,1267.571,1000,1000,1000,1000,1000,1000,1000,1000,1000,1000,1000,1000,1000,1000,1000,1000,1000,1000,1000,1000,1000,1000,1000,1000,1000,1000,1000,1000,1000,1000,1000,1000,1000,1000,1000,1000,1000,1000,1000,1000,1000,1000,1000,1000,1000,1000,1000,1000,1000,1000,1000,1000,1000,1000,1000,1000,1000,1000,1193.138,1195.084,1000,1000,1000,1000,1000,1000,1190.948,1193.138,1191.921,1196.057,1191.921,1188.759,1000,1000,1000,1000,1000,1000,1000,1000,1000,1000,1108.914,1109.461,1000,1000,1000,1000,1000,1000,1000,1000,1000,1000,1000,1000,1000,1000,1000,1000,1000,1000,1000,1000,1163.401,1161.759,1161.272,1160.786,1160.299,1158.779,1158.171,1156.711,1155.617,1154.917,1154.309,1153.884,1153.884,1154.097,1153.488,1153.58,1153.405,1152.85,1152.538,1152.379,1152.166,1152.014,1263.679,1259.787,1151.824,1264.652,1262.706,1263.679,1261.733,1246.652,1234.976,1229.138,1227.192,1219.408,1222.327,1000,1000,1000,1000,1000,1000,1000,1000,1000,1000,1000,1000,1000,1000,1000,1000,1000,1000,1000,1000,1000,1000,1000,1000,1000,1000,1000,1000,1000,1000,1000,1000,1000,1000,1000,1000,1000,1000,1000,1000,1000,1000,1000,1000,1000,1000,1000,1000,1000,1000,1000,1000,1000,1000,1000,1000,1000,1000,1000,1000,1000,1000,1000,1000,1000,1000,1000,1000,1000,1000,1000,1000,1000,1000,1000,1000,1000,1000,1000,1000,1000,1000,1000,1000,1000,1000,1000,1000,1000,1000,1000,1000,1000,1000,1000,1000,1000,1000,1000,1000,1000,1000,1000,1000
1000,1000,1000,1000,1000,1000,1000,1000,1000,1000,1000,1000,1000,1000,1000,1000,1000,1000,1000,1000,1000,1000,1000,1000,1000,1000,1000,1000,1000,1000,1000,1000,1000,1000,1000,1000,1000,1000,1000,1000,1000,1000,1000,1000,1000,1000,1000,1000,1000,1000,1000,1000,1000,1000,1000,1000,1000,1000,1000,1000,1000,1000,1000,1000,1000,1000,1000,1000,1000,1000,1000,1000,1000,1000,1000,1000,1000,1000,1000,1000,1000,1000,1000,1000,1000,1000,1000,1000,1000,1000,1000,1000,1000,1000,1000,1000,1000,1000,1000,1000,1000,1000,1000,1000,1000,1000,1000,1000,1000,1000,1000,1000,1000,1000,1000,1000,1000,1000,1000,1000,1000,1000,1000,1000,1000,1000,1000,1000,1000,1000,1000,1000,1000,1000,1000,1000,1000,1000,1000,1000,1000,1000,1000,1000,1000,1000,1000,1000,1000,1000,1000,1000,1000,1000,1000,1000,1000,1000,1000,1105.386,1106.055,1000,1000,1000,1000,1000,1000,1000,1000,1000,1000,1000,1000,1000,1000,1000,1184.867,1170.029,1167.597,1163.705,1165.407,1167.597,1169.543,1170.029,1172.218,1174.408,1176.597,1181.462,1186.327,1192.651,1202.381,1217.462,1000,1000,1179.637,1183.894,1189.732,1195.084,1196.786,1201.895,1202.624,1204.57,1207.246,1213.084,1216.003,1219.895,1232.057,1000,1000,1000,1000,1000,1000,1000,1000,1000,1000,1000,1000,1000,1117.549,1113.231,1111.62,1111.164,1110.434,1000,1000,1000,1000,1000,1000,1000,1000,1000,1000,1000,1000,1000,1000,1000,1000,1000,1000,1000,1000,1000,1000,1000,1205.786,1231.084,1250.544,1261.247,1274.382,1165.598,1165.56,1165.56,1165.674,1165.75,1165.864,1000,1000,1166.616,1166.221,1166.107,1166,1165.909,1166,1165.864,1165.864,1165.909,1000,1000,1000,1000,1117.404,1000,1000,1000,1000,1000,1000,1000,1000,1000,1000,1000,1000,1000,1000,1000,1000,1000,1000,1000,1000,1000,1000,1000,1000,1000,1000,1000,1000,1000,1165.75,1000,1165.955,1165.864,1165.674,1165.56,1165.521,1165.788,1166.343,1166.776,1166.935,1167.027,1166.935,1167.027,1167.201,1167.505,1167.931,1167.825,1167.825,1167.612,1167.612,1167.308,1167.931,1167.612,1167.612,1167.505,1167.718,1167.399,1167.399,1167.399,1167.11,1166.935,1166.692,1166.692,1166.776,1167.201,1167.308,1167.308,1167.718,1167.399,1167.505,1167.718,1167.931,1167.308,1167.825,1167.931,1167.308,1167.027,1167.11,1166.282,1165.788,1165.674,1000,1000,1000,1000,1000,1000,1000,1000,1000,1000,1000,1000,1000,1000,1000,1000,1000,1000,1000,1166.107,1165.826,1165.909,1165.826,1165.864,1165.864,1166.054,1166.221,1166.107,1166,1165.909,1165.909,1165.56,1165.484,1165.484,1165.521,1273.409,1275.355,1267.571,1264.652,1261.247,1256.382,1256.382,1261.247,1000,1000,1000,1000,1000,1000,1000,1000,1000,1000,1000,1000,1000,1000,1000,1000,1000,1000,1000,1000,1000,1000,1000,1000,1000,1000,1000,1000,1000,1000,1000,1000,1000,1000,1000,1000,1000,1000,1000,1000,1000,1000,1000,1000,1000,1000,1000,1000,1000,1000,1000,1000,1000,1000,1000,1000,1000,1000,1000,1000,1000,1000,1183.408,1185.354,1184.867,1186.083,1186.083,1190.219,1186.083,1184.867,1181.948,1180.975,1000,1000,1000,1000,1000,1000,1000,1000,1000,1000,1000,1000,1000,1000,1000,1000,1000,1000,1000,1000,1000,1000,1000,1000,1000,1000,1000,1000,1000,1000,1000,1000,1158.171,1157.776,1157.776,1157.228,1156.073,1154.674,1153.99,1153.488,1152.85,1152.599,1152.599,1152.599,1152.242,1152.333,1152.287,1151.938,1259.787,1256.868,1248.598,1242.76,1239.841,1241.787,1243.733,1245.679,1244.706,1245.679,1240.814,1232.057,1221.354,1217.949,1213.57,1209.678,1000,1000,1000,1000,1000,1000,1000,1000,1000,1000,1000,1000,1000,1000,1000,1000,1000,1000,1000,1000,1000,1000,1000,1000,1000,1000,1000,1000,1000,1000,1000,1000,1000,1000,1000,1000,1000,1000,1000,1000,1000,1000,1000,1000,1000,1000,1000,1000,1000,1000,1000,1000,1000,1000,1000,1000,1000,1000,1000,1000,1000,1000,1000,1000,1000,1000,1000,1000,1000,1000,1000,1000,1000,1000,1000,1000,1000,1000,1000,1000,1000,1000,1000,1000,1000,1000,1000,1000,1000,1000,1000,1000,1000,1000,1000,1000,1000,1000,1000,1000,1000,1000,1000,1000,1000
1000,1000,1000,1000,1000,1000,1000,1000,1000,1000,1000,1000,1000,1000,1000,1000,1000,1000,1000,1000,1000,1000,1000,1000,1000,1000,1000,1000,1000,1000,1000,1000,1000,1000,1000,1000,1000,1000,1000,1000,1000,1000,1000,1000,1000,1000,1000,1000,1000,1000,1000,1000,1000,1000,1000,1000,1000,1000,1000,1000,1000,1000,1000,1000,1000,1000,1000,1000,1000,1000,1000,1000,1000,1000,1000,1000,1000,1000,1000,1000,1000,1000,1000,1000,1000,1000,1000,1000,1000,1000,1000,1000,1000,1000,1000,1000,1000,1000,1000,1000,1000,1000,1000,1000,1000,1000,1000,1000,1000,1000,1000,1000,1000,1000,1000,1000,1000,1000,1000,1000,1000,1000,1000,1000,1000,1000,1000,1000,1000,1000,1000,1000,1000,1000,1000,1000,1000,1000,1000,1000,1000,1000,1000,1000,1000,1000,1000,1000,1000,1000,1000,1000,1000,1000,1000,1000,1000,1000,1000,1000,1107.576,1000,1000,1000,1000,1000,1000,1000,1000,1000,1000,1000,1000,1000,1000,1000,1173.678,1162.489,1162.489,1160.056,1162.489,1163.705,1167.597,1168.813,1171.489,1175.137,1178.056,1179.516,1185.354,1190.219,1198.975,1211.624,1000,1000,1176.84,1181.462,1187.056,1190.219,1190.948,1195.084,1000,1000,1000,1000,1000,1000,1000,1000,1000,1000,1000,1000,1000,1000,1000,1000,1000,1000,1000,1000,1112.471,1111.164,1109.552,1000,1000,1000,1000,1000,1000,1000,1000,1000,1000,1000,1000,1000,1000,1000,1201.895,1000,1000,1000,1000,1000,1000,1000,1000,1000,1200.435,1220.381,1232.057,1238.868,1248.598,1255.409,1255.409,1259.301,1261.247,1264.652,1266.598,1000,1000,1000,1000,1000,1165.484,1274.382,1273.409,1275.355,1165.484,1000,1336.653,1000,1000,1116.986,1117.458,1117.511,1000,1000,1000,1000,1000,1000,1000,1000,1000,1000,1000,1000,1000,1000,1000,1000,1000,1000,1000,1000,1000,1000,1238.868,1246.652,1252.49,1258.328,1261.247,1263.193,1264.652,1270.49,1269.517,1268.544,1267.571,1270.49,1268.544,1276.328,1165.674,1165.909,1166,1166.107,1166.054,1166.107,1166.16,1166.282,1166.548,1166.472,1166.403,1166.343,1166.16,1166.054,1166.343,1166.282,1166.107,1166.16,1166.221,1165.955,1165.864,1165.864,1165.712,1165.674,1165.598,1165.674,1165.636,1165.909,1165.955,1165.864,1166,1166,1165.955,1166.16,1166.548,1166.16,1166.282,1166.282,1165.955,1165.75,1165.826,1165.598,1165.446,1273.409,1267.571,1260.274,1000,1000,1000,1000,1000,1000,1000,1000,1000,1000,1000,1000,1000,1000,1000,1000,1000,1165.636,1165.407,1276.328,1270.49,1271.463,1267.571,1271.463,1273.409,1273.409,1267.571,1266.598,1266.598,1262.22,1257.355,1261.247,1264.652,1255.409,1251.517,1250.544,1247.625,1245.679,1238.868,1241.787,1242.76,1242.76,1243.733,1000,1000,1000,1000,1000,1000,1000,1000,1000,1000,1000,1000,1000,1000,1000,1000,1000,1000,1000,1000,1000,1000,1000,1000,1000,1000,1000,1000,1000,1000,1000,1000,1000,1000,1000,1000,1000,1000,1000,1000,1000,1000,1000,1000,1000,1000,1000,1000,1000,1000,1000,1000,1000,1000,1000,1000,1000,1000,1000,1000,1176.84,1177.327,1175.989,1178.664,1178.664,1180.975,1177.327,1176.475,1173.921,1173.921,1170.881,1170.516,1168.326,1166.624,1000,1000,1000,1000,1000,1000,1000,1000,1000,1000,1000,1000,1000,1000,1000,1000,1000,1000,1000,1000,1000,1000,1000,1000,1000,1000,1000,1000,1000,1000,1154.553,1154.796,1154.097,1153.488,1152.926,1152.721,1152.242,1151.976,1151.786,1151.824,1257.841,1257.841,1254.922,1249.571,1239.841,1233.03,1227.192,1223.787,1219.408,1222.814,1222.814,1222.814,1222.327,1226.706,1217.949,1216.976,1208.219,1000,1202.867,1199.948,1000,1000,1000,1000,1000,1000,1000,1000,1000,1000,1000,1000,1000,1000,1000,1000,1000,1000,1000,1000,1000,1000,1000,1000,1000,1000,1000,1000,1000,1000,1000,1000,1000,1000,1000,1000,1000,1000,1000,1000,1000,1000,1000,1000,1000,1000,1000,1000,1000,1000,1000,1000,1000,1000,1000,1000,1000,1000,1000,1000,1000,1000,1000,1000,1000,1000,1000,1000,1000,1000,1000,1000,1000,1000,1000,1000,1000,1000,1000,1000,1000,1000,1000,1000,1000,1000,1000,1000,1000,1000,1000,1000,1000,1000,1000,1000,1000,1000,1000,1000,1000,1000,1000,1000,1000
1000,1000,1000,1000,1000,1000,1000,1000,1000,1000,1000,1000,1000,1000,1000,1000,1000,1000,1000,1000,1000,1000,1000,1000,1000,1000,1000,1000,1000,1000,1000,1000,1000,1000,1000,1000,1000,1000,1000,1000,1000,1000,1000,1000,1000,1000,1000,1000,1000,1000,1000,1000,1000,1000,1000,1000,1000,1000,1000,1000,1000,1000,1000,1000,1000,1000,1000,1000,1000,1000,1000,1000,1000,1000,1000,1000,1000,1000,1000,1000,1000,1000,1000,1000,1000,1000,1000,1000,1000,1000,1000,1000,1000,1000,1000,1000,1000,1000,1000,1000,1000,1000,1000,1000,1000,1000,1000,1000,1000,1000,1000,1000,1000,1000,1000,1000,1000,1000,1000,1000,1000,1000,1000,1000,1000,1000,1000,1000,1000,1000,1000,1000,1000,1000,1000,1000,1000,1000,1000,1000,1000,1000,1000,1000,1000,1000,1000,1000,1000,1000,1000,1234.003,1235.949,1241.787,1245.679,1000,1000,1000,1000,1104.109,1104.474,1000,1000,1000,1000,1000,1000,1000,1153.686,1153.488,1000,1000,1000,1000,1000,1000,1000,1162.975,1161.029,1158.84,1160.543,1163.705,1165.407,1167.597,1171.489,1172.948,1174.408,1178.543,1183.408,1187.3,1194.597,1205.786,1223.3,1000,1000,1000,1188.759,1190.948,1186.57,1000,1000,1000,1000,1000,1000,1000,1000,1000,1000,1000,1000,1000,1000,1000,1000,1000,1000,1000,1115.542,1111.772,1109.446,1109.02,1000,1000,1000,1000,1000,1000,1000,1000,1000,1000,1000,1000,1000,1000,1000,1195.084,1195.084,1195.57,1197.516,1000,1000,1000,1000,1000,1000,1000,1196.786,1207.976,1215.03,1221.354,1230.111,1234.49,1235.463,1241.787,1244.706,1246.652,1249.571,1253.463,1000,1000,1000,1000,1000,1000,1000,1261.247,1000,1000,1000,1000,1116.796,1117.1,1117.511,1117.967,1000,1000,1000,1000,1000,1000,1000,1000,1000,1000,1000,1000,1000,1000,1000,1000,1000,1000,1000,1000,1000,1000,1234.003,1234.49,1240.814,1244.706,1249.571,1250.544,1251.517,1252.49,1254.436,1252.49,1252.49,1257.355,1258.328,1258.328,1263.193,1268.544,1268.544,1267.571,1268.544,1270.49,1273.409,1274.382,1165.484,1165.407,1274.382,1271.463,1269.517,1265.625,1274.382,1276.328,1276.328,1276.328,1165.484,1276.328,1274.382,1273.409,1269.517,1267.571,1265.625,1265.625,1267.571,1271.463,1274.382,1271.463,1273.409,1270.49,1269.517,1271.463,1165.407,1275.355,1276.328,1165.407,1273.409,1267.571,1267.571,1263.193,1261.247,1259.301,1256.382,1250.544,1248.598,1000,1000,1000,1000,1000,1000,1000,1000,1000,1000,1000,1000,1000,1000,1000,1000,1000,1258.328,1254.436,1254.436,1256.382,1248.598,1251.517,1253.463,1251.517,1247.625,1248.598,1246.652,1243.733,1239.841,1239.841,1243.733,1244.706,1236.435,1238.381,1234.003,1231.084,1222.814,1222.814,1222.814,1221.354,1222.814,1229.625,1234.49,1000,1000,1000,1000,1000,1000,1000,1000,1000,1000,1000,1000,1000,1000,1000,1000,1000,1000,1000,1000,1000,1000,1000,1000,1000,1000,1000,1000,1000,1000,1000,1000,1000,1000,1000,1000,1000,1000,1000,1000,1000,1000,1000,1000,1000,1000,1000,1000,1000,1000,1000,1000,1000,1000,1000,1000,1000,1000,1173.921,1171.245,1169.056,1169.056,1170.516,1171.61,1170.151,1167.962,1166.989,1166.38,1164.495,1164.799,1165.407,1164.495,1000,1000,1000,1000,1000,1000,1000,1000,1000,1000,1000,1000,1000,1000,1000,1000,1000,1000,1000,1000,1000,1000,1000,1000,1000,1000,1000,1000,1000,1000,1000,1000,1000,1264.652,1000,1000,1254.922,1253.949,1246.652,1247.625,1241.787,1240.814,1238.868,1234.003,1221.354,1215.516,1209.678,1205.786,1203.354,1205.786,1205.786,1204.813,1202.867,1203.354,1198.489,1196.3,1193.381,1190.948,1187.543,1000,1000,1000,1000,1000,1000,1000,1000,1000,1000,1000,1000,1000,1000,1000,1000,1000,1000,1000,1000,1000,1000,1000,1000,1000,1000,1000,1000,1000,1000,1000,1000,1000,1000,1000,1000,1000,1000,1000,1000,1000,1000,1000,1000,1000,1000,1000,1000,1000,1000,1000,1000,1000,1000,1000,1000,1000,1000,1000,1000,1000,1000,1000,1000,1000,1000,1000,1000,1000,1000,1000,1000,1000,1000,1000,1000,1000,1000,1000,1000,1000,1000,1000,1000,1000,1000,1000,1000,1000,1000,1000,1000,1000,1000,1000,1000,1000,1000,1000,1000,1000,1000,1000,1000,1000,1000
1000,1000,1000,1000,1000,1000,1000,1000,1000,1000,1000,1000,1000,1000,1000,1000,1000,1000,1000,1000,1000,1000,1000,1000,1000,1000,1000,1000,1000,1000,1000,1000,1000,1000,1000,1000,1000,1000,1000,1000,1000,1000,1000,1000,1000,1000,1000,1000,1000,1000,1000,1000,1000,1000,1000,1000,1000,1000,1000,1000,1000,1000,1000,1000,1000,1000,1000,1000,1000,1000,1000,1000,1000,1000,1000,1000,1000,1000,1000,1000,1000,1000,1000,1000,1000,1000,1000,1000,1000,1000,1000,1000,1000,1000,1000,1000,1000,1000,1000,1000,1000,1000,1000,1000,1000,1000,1000,1000,1000,1000,1000,1000,1000,1000,1000,1000,1000,1000,1000,1000,1000,1000,1000,1000,1000,1000,1000,1000,1000,1000,1000,1000,1000,1000,1000,1000,1000,1000,1000,1000,1000,1000,1000,1000,1000,1000,1000,1000,1000,1000,1224.76,1225.733,1228.165,1232.057,1235.949,1000,1000,1000,1000,1105.143,1000,1000,1000,1000,1000,1000,1000,1152.166,1152.204,1152.333,1152.432,1000,1000,1000,1000,1000,1000,1000,1163.705,1158.84,1160.543,1162.975,1164.191,1165.407,1172.948,1173.678,1175.137,1176.597,1181.462,1179.516,1000,1000,1000,1000,1000,1000,1000,1000,1000,1000,1000,1000,1000,1000,1000,1000,1000,1000,1000,1000,1000,1000,1000,1000,1000,1000,1000,1000,1000,1108.929,1107.447,1000,1000,1000,1000,1000,1000,1000,1000,1000,1000,1000,1000,1000,1189.732,1000,1188.759,1187.056,1185.354,1183.894,1186.083,1188.759,1000,1000,1000,1000,1000,1000,1000,1195.084,1198.003,1203.111,1212.111,1213.57,1218.435,1223.787,1228.652,1228.652,1232.057,1000,1000,1000,1000,1000,1000,1000,1000,1000,1000,1000,1000,1000,1117.138,1117.176,1117.404,1000,1000,1000,1000,1000,1000,1000,1000,1000,1000,1000,1000,1000,1000,1000,1000,1000,1000,1000,1000,1000,1000,1229.625,1224.76,1225.246,1227.679,1230.111,1232.057,1234.49,1234.49,1235.463,1238.868,1237.408,1237.408,1238.381,1238.868,1238.868,1239.841,1243.733,1246.652,1247.625,1247.625,1250.544,1250.544,1251.517,1254.436,1252.49,1251.517,1250.544,1248.598,1245.679,1251.517,1254.436,1253.463,1257.355,1259.301,1256.382,1254.436,1254.436,1250.544,1250.544,1250.544,1249.571,1250.544,1252.49,1253.463,1250.544,1250.544,1250.544,1249.571,1252.49,1256.382,1257.355,1256.382,1256.382,1251.517,1246.652,1245.679,1242.76,1242.76,1241.787,1241.787,1238.381,1238.868,1233.03,1226.219,1221.354,1000,1000,1000,1000,1000,1000,1000,1000,1000,1000,1000,1000,1000,1000,1249.571,1243.733,1240.814,1247.625,1238.868,1240.814,1238.381,1236.435,1230.111,1230.111,1227.192,1226.219,1222.814,1221.354,1221.354,1224.76,1218.922,1222.814,1219.895,1218.435,1211.624,1212.111,1211.624,1210.165,1212.111,1216.003,1218.435,1222.327,1000,1000,1000,1000,1000,1000,1000,1000,1000,1000,1000,1000,1000,1000,1000,1000,1000,1000,1000,1000,1000,1000,1000,1000,1000,1000,1000,1000,1000,1000,1000,1000,1000,1000,1000,1000,1000,1000,1000,1000,1000,1000,1000,1000,1000,1000,1000,1000,1000,1000,1000,1000,1000,1000,1000,1000,1000,1173.921,1168.326,1165.712,1164.252,1164.252,1163.097,1161.516,1160.056,1158.353,1157.411,1157.411,1158.171,1158.353,1158.962,1158.597,1157.228,1000,1000,1000,1000,1000,1000,1000,1152.287,1000,1000,1000,1000,1000,1000,1000,1000,1000,1000,1000,1000,1000,1000,1000,1000,1000,1000,1000,1000,1000,1000,1000,1000,1000,1000,1000,1000,1223.787,1223.787,1222.814,1226.706,1228.165,1225.733,1212.111,1205.786,1200.435,1195.57,1193.381,1195.57,1194.84,1194.84,1190.948,1188.273,1184.381,1182.192,1178.056,1175.867,1000,1000,1000,1000,1000,1000,1000,1000,1000,1000,1000,1000,1000,1000,1000,1000,1000,1000,1000,1000,1000,1000,1000,1000,1000,1000,1000,1000,1000,1000,1000,1000,1000,1000,1000,1000,1000,1000,1000,1000,1000,1000,1000,1000,1000,1000,1000,1000,1000,1000,1000,1000,1000,1000,1000,1000,1000,1000,1000,1000,1000,1000,1000,1000,1000,1000,1000,1000,1000,1000,1000,1000,1000,1000,1000,1000,1000,1000,1000,1000,1000,1000,1000,1000,1000,1000,1000,1000,1000,1000,1000,1000,1000,1000,1000,1000,1000,1000,1000,1000,1000,1000,1000,1000,1000,1000,1000
1000,1000,1000,1000,1000,1000,1000,1000,1000,1000,1000,1000,1000,1000,1000,1000,1000,1000,1000,1000,1000,1000,1000,1000,1000,1000,1000,1000,1000,1000,1000,1000,1000,1000,1000,1000,1000,1000,1000,1000,1000,1000,1000,1000,1000,1000,1000,1000,1000,1000,1000,1000,1000,1000,1000,1000,1000,1000,1000,1000,1000,1000,1000,1000,1000,1000,1000,1000,1000,1000,1000,1000,1000,1000,1000,1000,1000,1000,1000,1000,1000,1000,1000,1000,1000,1000,1000,1000,1000,1000,1000,1000,1000,1000,1000,1000,1000,1000,1000,1000,1000,1000,1000,1000,1000,1000,1000,1000,1000,1000,1000,1000,1000,1000,1000,1000,1000,1000,1000,1000,1000,1000,1000,1000,1000,1000,1000,1000,1000,1000,1000,1000,1000,1000,1000,1000,1000,1000,1170.759,1000,1000,1000,1000,1000,1000,1000,1176.597,1000,1000,1000,1226.706,1222.814,1222.814,1224.76,1230.111,1000,1000,1000,1000,1107.819,1000,1000,1000,1000,1000,1000,1245.679,1243.733,1254.922,1263.679,1151.9,1000,1000,1000,1000,1000,1000,1000,1164.921,1158.84,1162.975,1165.407,1168.813,1169.543,1177.083,1175.624,1172.218,1000,1000,1000,1000,1000,1000,1000,1000,1000,1000,1000,1000,1000,1000,1000,1000,1000,1000,1000,1000,1000,1000,1000,1000,1000,1000,1000,1000,1000,1108.397,1108.929,1108.237,1000,1000,1000,1000,1000,1000,1000,1166.624,1000,1000,1000,1000,1000,1000,1000,1180.489,1000,1179.637,1179.637,1178.664,1177.813,1179.637,1182.435,1000,1000,1000,1000,1000,1000,1183.894,1188.029,1190.219,1193.138,1196.786,1197.516,1202.624,1208.705,1214.543,1217.462,1000,1000,1000,1000,1000,1000,1000,1000,1000,1000,1000,1000,1000,1116.948,1117.138,1117.062,1000,1000,1000,1000,1000,1000,1000,1000,1000,1000,1187.543,1197.516,1000,1000,1000,1203.84,1201.895,1202.624,1206.516,1214.543,1218.922,1218.922,1219.895,1219.895,1215.03,1215.03,1217.462,1218.922,1219.895,1218.922,1218.922,1220.381,1222.327,1220.381,1221.354,1223.787,1223.787,1222.814,1226.219,1229.625,1229.625,1230.111,1230.111,1231.084,1231.084,1233.03,1234.49,1232.057,1231.084,1229.625,1227.679,1226.219,1230.111,1232.057,1231.084,1233.03,1234.003,1233.03,1234.49,1234.003,1233.03,1233.03,1234.003,1230.111,1230.111,1230.111,1231.084,1228.652,1230.111,1232.057,1233.03,1234.49,1237.408,1238.381,1236.435,1235.463,1231.084,1227.679,1227.192,1227.679,1227.192,1227.679,1227.679,1224.76,1225.246,1221.354,1218.922,1218.435,1216.489,1208.705,1000,1000,1000,1000,1000,1000,1000,1000,1000,1000,1000,1000,1000,1000,1000,1000,1234.49,1234.003,1228.652,1221.354,1215.03,1213.57,1210.651,1211.624,1210.165,1210.651,1209.435,1212.111,1205.057,1209.435,1207.976,1207.976,1201.895,1201.895,1200.435,1198.003,1199.948,1204.57,1208.705,1212.111,1000,1000,1000,1000,1000,1000,1000,1000,1000,1000,1000,1000,1000,1000,1000,1000,1000,1000,1000,1000,1000,1000,1000,1000,1000,1000,1000,1000,1000,1000,1000,1000,1000,1000,1000,1000,1000,1000,1000,1000,1000,1000,1000,1000,1000,1000,1000,1000,1000,1000,1000,1000,1000,1000,1000,1000,1000,1000,1164.252,1161.029,1160.299,1159.874,1157.593,1157.411,1156.225,1154.917,1154.309,1154.553,1154.553,1154.674,1154.553,1154.674,1153.884,1152.599,1000,1000,1000,1000,1152.204,1152.204,1152.052,1151.976,1000,1000,1000,1000,1000,1000,1000,1000,1000,1000,1000,1000,1000,1000,1000,1000,1000,1000,1000,1000,1000,1000,1000,1000,1000,1000,1000,1000,1000,1204.813,1206.759,1207.246,1208.705,1197.03,1190.219,1189.489,1187.056,1185.11,1184.381,1181.462,1178.056,1175.381,1171.245,1169.786,1171.245,1169.786,1167.475,1000,1000,1000,1000,1000,1000,1000,1000,1000,1000,1000,1000,1000,1000,1000,1000,1000,1000,1000,1000,1000,1000,1000,1000,1000,1000,1000,1000,1000,1000,1000,1000,1000,1000,1000,1000,1000,1000,1000,1000,1000,1000,1000,1000,1000,1000,1000,1000,1000,1000,1000,1000,1000,1000,1000,1000,1000,1000,1000,1000,1000,1000,1000,1000,1000,1000,1000,1000,1000,1000,1000,1000,1000,1000,1000,1000,1000,1000,1000,1000,1000,1000,1000,1000,1000,1000,1000,1000,1000,1000,1000,1000,1000,1000,1000,1000,1000,1000,1000,1000,1000,1000,1000,1000,1000,1000,1000
1000,1000,1000,1000,1000,1000,1000,1000,1000,1000,1000,1000,1000,1000,1000,1000,1000,1000,1000,1000,1000,1000,1000,1000,1000,1000,1000,1000,1000,1000,1000,1000,1000,1000,1000,1000,1000,1000,1000,1000,1000,1000,1000,1000,1000,1000,1000,1000,1000,1000,1000,1000,1000,1000,1000,1000,1000,1000,1000,1000,1000,1000,1000,1000,1000,1000,1000,1000,1000,1000,1000,1000,1000,1000,1000,1000,1000,1000,1000,1000,1000,1000,1000,1000,1000,1000,1000,1000,1000,1000,1000,1000,1000,1000,1000,1000,1000,1000,1000,1000,1000,1000,1000,1000,1000,1000,1000,1000,1000,1000,1000,1000,1000,1000,1000,1000,1000,1000,1000,1000,1000,1000,1000,1000,1000,1000,1150.083,1150.387,1152.272,1154.948,1154.705,1155.313,1156.286,1156.651,1156.286,1159.57,1000,1166.137,1167.962,1167.962,1167.962,1172.218,1177.083,1000,1000,1000,1177.57,1000,1000,1000,1000,1222.327,1218.435,1221.354,1000,1000,1000,1000,1106.542,1000,1000,1000,1000,1000,1000,1000,1000,1230.111,1240.814,1249.571,1000,1000,1000,1000,1000,1000,1000,1000,1000,1000,1000,1169.543,1172.218,1000,1000,1000,1000,1000,1000,1000,1000,1000,1000,1145.461,1142.786,1146.677,1144.488,1000,1000,1000,1000,1000,1000,1000,1000,1000,1000,1000,1000,1000,1000,1000,1000,1000,1000,1000,1107.621,1000,1000,1000,1000,1000,1000,1000,1000,1161.272,1161.516,1162.853,1165.407,1167.354,1168.691,1000,1171.245,1000,1000,1000,1170.881,1170.881,1000,1000,1000,1000,1000,1000,1000,1000,1000,1000,1000,1000,1182.921,1186.57,1189.732,1189.246,1192.651,1000,1000,1205.786,1000,1000,1000,1000,1000,1000,1000,1000,1000,1000,1000,1000,1000,1000,1000,1000,1000,1000,1000,1000,1000,1000,1000,1000,1181.462,1180.489,1183.408,1191.435,1195.57,1199.948,1199.219,1196.057,1195.084,1193.867,1198.003,1205.057,1207.976,1207.976,1210.165,1207.246,1201.895,1203.111,1203.84,1205.057,1205.057,1205.057,1203.111,1204.57,1205.786,1205.057,1207.246,1209.435,1210.165,1207.976,1209.435,1210.165,1210.651,1211.624,1213.084,1212.111,1212.111,1213.084,1213.57,1213.084,1213.084,1213.57,1211.624,1212.111,1215.03,1215.03,1216.489,1219.895,1216.489,1215.03,1218.435,1216.003,1216.003,1216.489,1219.895,1218.435,1216.489,1215.03,1216.489,1213.084,1213.084,1215.03,1216.003,1216.489,1219.895,1222.327,1220.381,1220.381,1219.895,1216.003,1213.57,1213.084,1212.111,1210.165,1210.165,1208.705,1210.165,1207.246,1207.246,1207.246,1207.246,1201.895,1206.516,1000,1199.219,1000,1200.435,1000,1000,1000,1000,1000,1000,1000,1000,1000,1000,1000,1227.679,1228.652,1222.327,1213.57,1207.246,1205.786,1201.895,1201.895,1199.948,1199.219,1196.786,1198.732,1191.921,1195.084,1195.084,1193.138,1189.246,1190.948,1189.732,1186.57,1189.246,1191.921,1193.867,1195.57,1000,1000,1000,1000,1000,1000,1000,1000,1000,1000,1000,1000,1000,1000,1000,1000,1000,1000,1000,1000,1000,1000,1000,1000,1000,1000,1000,1000,1000,1000,1000,1000,1000,1000,1000,1000,1000,1000,1000,1000,1000,1000,1000,1000,1000,1000,1000,1000,1000,1000,1000,1000,1000,1000,1000,1000,1000,1000,1161.516,1158.597,1158.171,1157.411,1155.769,1155.465,1154.553,1153.405,1152.721,1152.781,1152.432,1152.379,1152.242,1152.333,1151.9,1257.841,1244.706,1000,1000,1243.733,1256.868,1258.814,1257.841,1257.841,1252.976,1245.679,1000,1000,1000,1000,1000,1000,1000,1000,1000,1000,1000,1000,1000,1000,1000,1000,1000,1000,1000,1000,1000,1000,1000,1000,1000,1000,1000,1000,1000,1000,1000,1000,1000,1000,1000,1000,1000,1000,1166.989,1163.948,1161.029,1160.299,1159.934,1160.299,1000,1000,1000,1000,1000,1000,1000,1000,1000,1000,1000,1000,1000,1000,1000,1000,1000,1000,1000,1000,1000,1000,1000,1000,1000,1000,1000,1000,1000,1000,1000,1000,1000,1000,1000,1000,1000,1000,1000,1000,1000,1000,1000,1000,1000,1000,1000,1000,1000,1000,1000,1000,1000,1000,1000,1000,1000,1000,1000,1000,1000,1000,1000,1000,1000,1000,1000,1000,1000,1000,1000,1000,1000,1000,1000,1000,1000,1000,1000,1000,1000,1000,1000,1000,1000,1000,1000,1000,1000,1000,1000,1000,1000,1000,1000,1000,1000,1000,1000,1000,1000,1000,1000,1000,1000,1000,1000,1000
1000,1000,1000,1000,1000,1000,1000,1000,1000,1000,1000,1000,1000,1000,1000,1000,1000,1000,1000,1000,1000,1000,1000,1000,1000,1000,1000,1000,1000,1000,1000,1000,1000,1000,1000,1000,1000,1000,1000,1000,1000,1000,1000,1000,1000,1000,1000,1000,1000,1000,1000,1000,1000,1000,1000,1000,1000,1000,1000,1000,1000,1000,1000,1000,1000,1000,1000,1000,1000,1000,1000,1000,1000,1000,1000,1000,1000,1000,1000,1000,1000,1000,1000,1000,1000,1000,1000,1000,1000,1000,1000,1000,1000,1000,1000,1000,1000,1000,1000,1000,1000,1000,1000,1000,1000,1000,1000,1000,1000,1000,1000,1000,1000,1000,1000,1000,1000,1000,1000,1000,1000,1000,1000,1000,1000,1145.735,1148.198,1148.624,1150.874,1153.124,1153.732,1153.428,1154.705,1154.705,1154.34,1155.921,1157.38,1161.516,1163.462,1163.462,1164.313,1168.326,1170.759,1000,1000,1000,1000,1000,1000,1000,1000,1000,1000,1000,1000,1000,1000,1000,1000,1000,1000,1107.447,1000,1000,1000,1000,1000,1222.814,1236.922,1246.652,1000,1000,1000,1000,1000,1000,1000,1000,1000,1000,1000,1000,1000,1000,1000,1000,1000,1000,1000,1000,1129.65,1132.083,1139.137,1144.002,1142.786,1151.299,1148.38,1000,1000,1000,1000,1000,1000,1000,1000,1000,1000,1000,1000,1000,1000,1000,1000,1000,1000,1000,1107.18,1000,1000,1000,1000,1159.205,1000,1158.353,1000,1159.63,1159.387,1160.056,1162.063,1162.549,1162.549,1164.495,1164.252,1000,1000,1000,1000,1000,1000,1000,1000,1000,1000,1000,1000,1000,1000,1000,1000,1000,1178.178,1182.435,1185.354,1000,1000,1000,1000,1000,1000,1000,1000,1000,1000,1000,1000,1000,1000,1000,1000,1000,1000,1000,1000,1000,1000,1000,1000,1000,1000,1000,1000,1000,1178.664,1179.151,1180.975,1185.354,1185.354,1188.029,1187.543,1185.354,1184.867,1184.867,1188.029,1193.867,1195.084,1195.57,1196.057,1193.867,1189.246,1191.435,1191.921,1193.138,1193.138,1193.138,1191.435,1192.651,1192.651,1192.651,1192.651,1194.354,1194.354,1193.867,1195.57,1197.516,1197.516,1198.732,1198.732,1198.732,1197.516,1198.732,1198.003,1198.732,1198.732,1199.219,1198.003,1198.003,1199.948,1199.948,1201.165,1203.84,1203.111,1201.895,1203.84,1203.84,1203.111,1204.57,1207.246,1205.057,1204.57,1204.57,1204.57,1202.624,1203.111,1204.57,1203.84,1203.84,1204.57,1205.786,1204.57,1204.57,1203.84,1201.165,1197.516,1197.516,1195.084,1193.138,1195.084,1195.084,1195.57,1195.084,1195.57,1195.084,1195.084,1191.435,1193.138,1190.948,1186.083,1181.462,1183.408,1176.475,1177.327,1000,1000,1000,1000,1000,1000,1000,1000,1000,1000,1000,1217.462,1205.057,1199.948,1198.732,1195.57,1195.084,1192.651,1192.651,1190.219,1189.246,1181.462,1184.381,1182.435,1180.489,1179.151,1180.975,1180.002,1179.151,1180.489,1181.462,1182.921,1183.408,1187.543,1000,1000,1000,1000,1000,1000,1000,1176.84,1172.705,1000,1000,1000,1000,1000,1000,1000,1000,1000,1000,1000,1000,1000,1000,1000,1000,1000,1000,1000,1000,1000,1000,1000,1000,1000,1000,1000,1000,1000,1000,1000,1000,1000,1000,1000,1000,1000,1000,1000,1000,1000,1000,1000,1000,1000,1000,1000,1000,1000,1155.921,1155.191,1154.796,1153.488,1153.405,1152.926,1152.379,1152.014,1152.052,1151.824,1264.652,1262.706,1262.706,1251.517,1242.76,1230.111,1000,1000,1000,1233.03,1240.814,1242.76,1242.76,1241.787,1240.814,1233.03,1225.733,1216.976,1213.084,1208.705,1208.219,1000,1000,1000,1000,1000,1000,1000,1000,1000,1168.813,1166.867,1173.191,1165.894,1165.894,1155.678,1000,1000,1000,1000,1000,1000,1000,1000,1000,1000,1000,1000,1000,1000,1000,1000,1000,1000,1000,1155.921,1155.678,1000,1000,1000,1000,1000,1000,1000,1000,1000,1000,1000,1000,1000,1000,1000,1000,1000,1000,1000,1000,1000,1000,1000,1000,1000,1000,1000,1000,1000,1000,1000,1000,1000,1000,1000,1000,1000,1000,1000,1000,1000,1000,1000,1000,1000,1000,1000,1000,1000,1000,1000,1000,1000,1000,1000,1000,1000,1000,1000,1000,1000,1000,1000,1000,1000,1000,1000,1000,1000,1000,1000,1000,1000,1000,1000,1000,1000,1000,1000,1000,1000,1000,1000,1000,1000,1000,1000,1000,1000,1000,1000,1000,1000,1000,1000,1000,1000,1000,1000,1000,1000,1000,1000,1000,1000,1000,1000,1000,1000,1000
1000,1000,1000,1000,1000,1000,1000,1000,1000,1000,1000,1000,1000,1000,1000,1000,1000,1000,1000,1000,1000,1000,1000,1000,1000,1000,1000,1000,1000,1000,1000,1000,1000,1000,1000,1000,1000,1000,1000,1000,1000,1000,1000,1000,1000,1000,1000,1000,1000,1000,1000,1000,1000,1000,1000,1000,1000,1000,1000,1000,1000,1000,1000,1000,1000,1000,1000,1000,1000,1000,1000,1000,1000,1000,1000,1000,1000,1000,1000,1000,1000,1000,1000,1000,1000,1000,1000,1000,1000,1000,1000,1000,1000,1000,1000,1000,1000,1000,1000,1000,1000,1000,1000,1000,1000,1000,1000,1000,1000,1000,1000,1000,1000,1000,1000,1000,1000,1000,1000,1000,1142.314,1142.634,1142.634,1142.998,1144.245,1144.397,1146.1,1146.313,1148.38,1150.083,1150.874,1150.083,1151.725,1151.421,1151.178,1152.576,1154.34,1156.651,1157.745,1157.745,1158.11,1159.934,1160.664,1000,1000,1000,1000,1185.354,1182.921,1177.57,1000,1000,1000,1000,1000,1000,1000,1000,1000,1213.084,1107.256,1107.256,1107.53,1000,1000,1000,1000,1000,1000,1000,1000,1000,1000,1000,1000,1000,1000,1000,1000,1000,1000,1000,1000,1000,1000,1000,1000,1000,1000,1000,1000,1000,1000,1000,1000,1000,1000,1000,1000,1000,1000,1000,1000,1000,1000,1000,1000,1000,1000,1000,1000,1000,1000,1000,1000,1000,1000,1000,1000,1000,1000,1155.191,1000,1155.191,1156.711,1156.529,1156.377,1157.593,1158.171,1158.353,1158.779,1159.874,1158.962,1158.597,1000,1000,1158.171,1000,1000,1000,1000,1000,1000,1000,1000,1000,1000,1000,1000,1000,1000,1000,1000,1000,1000,1000,1000,1000,1000,1000,1000,1000,1000,1000,1000,1000,1000,1000,1000,1000,1000,1000,1000,1000,1000,1000,1000,1000,1000,1000,1000,1173.191,1172.34,1172.705,1173.556,1175.624,1174.772,1177.327,1176.84,1176.84,1177.327,1177.327,1179.151,1182.921,1183.894,1182.921,1183.894,1182.435,1179.637,1181.462,1181.462,1181.948,1181.462,1183.408,1181.462,1183.894,1184.381,1184.381,1182.921,1185.354,1183.408,1183.894,1184.867,1187.543,1187.056,1188.029,1187.543,1188.759,1187.056,1188.029,1187.543,1188.759,1187.056,1189.246,1187.543,1188.029,1188.029,1188.029,1189.246,1190.219,1188.759,1188.759,1190.219,1190.219,1189.732,1192.651,1195.084,1193.138,1191.921,1193.138,1191.921,1190.219,1191.435,1194.354,1192.651,1193.867,1193.867,1193.138,1190.948,1191.435,1189.732,1189.246,1187.056,1187.543,1185.354,1183.408,1184.381,1185.354,1185.354,1186.083,1187.543,1186.57,1184.867,1182.435,1181.948,1179.637,1175.989,1173.921,1173.921,1171.975,1171.975,1000,1000,1000,1000,1000,1000,1000,1000,1000,1000,1000,1000,1198.003,1193.138,1191.435,1187.543,1187.543,1186.083,1186.083,1183.408,1182.435,1175.137,1175.624,1173.921,1173.556,1172.34,1174.408,1173.921,1173.921,1174.772,1176.475,1176.475,1176.475,1176.475,1000,1000,1000,1000,1000,1000,1183.408,1171.61,1167.354,1164.495,1000,1000,1000,1000,1000,1000,1000,1000,1000,1000,1000,1000,1000,1000,1000,1000,1000,1000,1000,1000,1000,1000,1000,1000,1000,1000,1000,1000,1000,1000,1000,1000,1000,1000,1000,1000,1000,1000,1000,1000,1000,1000,1000,1000,1000,1000,1000,1000,1154.431,1154.431,1153.777,1152.85,1152.599,1152.333,1151.786,1255.895,1254.922,1247.625,1242.76,1243.733,1240.814,1234.003,1228.165,1222.327,1000,1000,1000,1223.787,1225.733,1228.165,1228.165,1225.733,1223.787,1219.408,1215.516,1210.651,1208.219,1204.327,1202.867,1198.489,1192.894,1000,1000,1000,1000,1000,1000,1170.272,1165.894,1162.975,1000,1160.543,1160.543,1150.326,1149.353,1145.948,1140.353,1000,1000,1000,1000,1000,1000,1000,1000,1000,1000,1000,1000,1000,1000,1000,1000,1000,1000,1000,1000,1000,1000,1000,1000,1000,1000,1000,1000,1000,1000,1000,1000,1000,1000,1000,1000,1000,1000,1000,1000,1000,1000,1000,1000,1000,1000,1000,1000,1000,1000,1000,1000,1000,1000,1000,1000,1000,1000,1000,1000,1000,1000,1000,1000,1000,1000,1000,1000,1000,1000,1000,1000,1000,1000,1000,1000,1000,1000,1000,1000,1000,1000,1000,1000,1000,1000,1000,1000,1000,1000,1000,1000,1000,1000,1000,1000,1000,1000,1000,1000,1000,1000,1000,1000,1000,1000,1000,1000,1000,1000,1000,1000,1000,1000,1000,1000,1000,1000,1000,1000,1000,1000,1000,1000,1000,1000,1000,1000
1000,1000,1000,1000,1000,1000,1000,1000,1000,1000,1000,1000,1000,1000,1000,1000,1000,1000,1000,1000,1000,1000,1000,1000,1000,1000,1000,1000,1000,1000,1000,1000,1000,1000,1000,1000,1000,1000,1000,1000,1000,1000,1000,1000,1000,1000,1000,1000,1000,1000,1000,1000,1000,1000,1000,1000,1000,1000,1000,1000,1000,1000,1000,1000,1000,1000,1000,1000,1000,1000,1000,1000,1000,1000,1000,1000,1000,1000,1000,1000,1000,1000,1000,1000,1000,1000,1000,1000,1000,1000,1000,1000,1000,1000,1000,1000,1000,1000,1000,1000,1000,1000,1000,1000,1000,1000,1000,1000,1000,1000,1000,1000,1000,1000,1000,1000,1000,1140.756,1141.25,1140.862,1141.25,1141.174,1141.174,1141.478,1142.208,1142.101,1143.379,1143.652,1144.549,1145.735,1146.677,1146.313,1147.711,1148.867,1148.198,1149.11,1151.421,1152.576,1152.576,1153.428,1154.036,1155.921,1156.651,1000,1000,1000,1000,1192.165,1190.219,1189.246,1173.191,1000,1000,1000,1000,1000,1000,1000,1000,1107.104,1107.37,1107.332,1107.842,1000,1000,1000,1000,1000,1000,1000,1000,1000,1000,1000,1000,1000,1000,1000,1000,1000,1000,1000,1000,1000,1000,1000,1000,1000,1000,1000,1000,1000,1000,1000,1000,1000,1000,1000,1000,1000,1000,1000,1000,1000,1000,1000,1000,1000,1000,1000,1000,1000,1000,1000,1000,1000,1000,1000,1000,1000,1000,1000,1000,1000,1000,1000,1000,1154.796,1155.328,1155.328,1155.328,1156.225,1155.769,1155.465,1155.328,1156.225,1155.921,1000,1000,1000,1000,1000,1000,1000,1000,1000,1000,1000,1000,1000,1000,1000,1000,1000,1000,1000,1000,1000,1000,1000,1000,1000,1000,1000,1000,1000,1000,1000,1000,1000,1000,1000,1000,1000,1000,1000,1000,1000,1000,1166.016,1166.989,1167.962,1167.962,1168.326,1168.691,1169.786,1169.056,1170.151,1170.151,1170.151,1169.786,1169.786,1171.61,1173.191,1173.921,1172.705,1173.556,1172.34,1170.516,1171.245,1171.245,1171.61,1172.34,1173.921,1174.408,1176.475,1177.327,1177.327,1175.624,1176.84,1175.989,1175.137,1175.989,1177.327,1177.327,1176.84,1177.327,1179.151,1178.178,1178.178,1178.664,1179.637,1176.84,1177.327,1176.475,1176.84,1175.989,1176.475,1178.178,1178.664,1177.327,1177.813,1178.664,1178.178,1178.664,1180.975,1181.948,1181.948,1181.462,1181.462,1181.462,1180.975,1181.948,1182.921,1182.921,1182.921,1181.462,1180.489,1179.637,1178.664,1177.327,1177.327,1175.989,1176.84,1175.624,1175.137,1175.989,1176.475,1175.624,1176.475,1176.84,1176.475,1175.624,1174.408,1173.191,1171.61,1169.056,1168.326,1167.962,1166.624,1166.38,1165.712,1165.104,1162.549,1160.543,1000,1000,1000,1000,1000,1000,1000,1000,1000,1000,1190.219,1187.056,1185.354,1182.435,1000,1000,1000,1171.61,1169.056,1166.38,1166.38,1166.016,1167.597,1167.597,1169.056,1168.691,1169.421,1168.691,1168.326,1166.989,1000,1000,1000,1000,1000,1000,1000,1169.421,1163.948,1160.543,1158.962,1157.776,1000,1000,1000,1000,1000,1000,1000,1000,1000,1000,1000,1000,1000,1000,1000,1000,1000,1000,1000,1000,1000,1000,1000,1000,1000,1000,1000,1000,1000,1000,1000,1000,1000,1000,1000,1000,1000,1000,1000,1000,1000,1000,1000,1000,1000,1000,1153.154,1153.405,1152.926,1152.333,1152.166,1151.938,1255.895,1249.571,1244.706,1236.922,1229.138,1226.706,1221.354,1216.976,1212.111,1210.651,1205.786,1000,1000,1000,1208.219,1205.786,1205.786,1203.354,1203.354,1204.327,1204.327,1200.435,1200.435,1196.3,1195.57,1192.165,1188.759,1185.11,1000,1000,1000,1000,1000,1000,1000,1000,1000,1000,1000,1000,1144.488,1143.759,1138.894,1129.65,1000,1000,1000,1000,1000,1000,1000,1000,1000,1000,1000,1000,1000,1000,1000,1000,1000,1000,1000,1000,1000,1000,1000,1000,1000,1000,1000,1000,1000,1000,1000,1000,1000,1000,1000,1000,1000,1000,1000,1000,1000,1000,1000,1000,1000,1000,1000,1000,1000,1000,1000,1000,1000,1000,1000,1000,1000,1000,1000,1000,1000,1000,1000,1000,1000,1000,1000,1000,1000,1000,1000,1000,1000,1000,1000,1000,1000,1000,1000,1000,1000,1000,1000,1000,1000,1000,1000,1000,1000,1000,1000,1000,1000,1000,1000,1000,1000,1000,1000,1000,1000,1000,1000,1000,1000,1000,1000,1000,1000,1000,1000,1000,1000,1000,1000,1000,1000,1000,1000,1000,1000,1000,1000,1000,1000,1000,1000
1000,1000,1000,1000,1000,1000,1000,1000,1000,1000,1000,1000,1000,1000,1000,1000,1000,1000,1000,1000,1000,1000,1000,1000,1000,1000,1000,1000,1000,1000,1000,1000,1000,1000,1000,1000,1000,1000,1000,1000,1000,1000,1000,1000,1000,1000,1000,1000,1000,1000,1000,1000,1000,1000,1000,1000,1000,1000,1000,1000,1000,1000,1000,1000,1000,1000,1000,1000,1000,1000,1000,1000,1000,1000,1000,1000,1000,1000,1000,1000,1000,1000,1000,1000,1000,1000,1000,1000,1000,1000,1000,1000,1000,1000,1000,1000,1000,1000,1000,1000,1000,1000,1000,1000,1000,1000,1000,1000,1000,1000,1000,1000,1000,1000,1000,1000,1000,1247.138,1140.262,1140.11,1140.528,1140.49,1140.756,1140.756,1141.106,1140.703,1141.554,1141.638,1142.527,1143.515,1144.549,1143.941,1145.036,1145.37,1145.37,1146.1,1149.597,1151.178,1152.82,1151.968,1152.82,1153.428,1000,1000,1000,1000,1186.327,1189.246,1186.327,1182.921,1162.975,1134.272,1108.914,1100.978,1000,1000,1000,1000,1000,1220.868,1107.256,1107.37,1107.842,1000,1000,1000,1000,1000,1000,1000,1000,1000,1000,1000,1000,1000,1000,1000,1000,1000,1000,1000,1000,1000,1000,1000,1000,1000,1000,1000,1000,1000,1000,1000,1000,1000,1000,1197.03,1000,1000,1000,1000,1000,1000,1000,1000,1000,1000,1000,1000,1000,1000,1000,1000,1000,1000,1000,1000,1000,1000,1000,1000,1000,1000,1000,1000,1000,1153.154,1153.686,1153.405,1153.23,1153.58,1153.488,1153.314,1153.58,1000,1000,1000,1000,1000,1000,1000,1000,1000,1000,1000,1000,1000,1000,1000,1000,1000,1000,1000,1000,1000,1000,1000,1000,1000,1000,1000,1000,1000,1000,1000,1000,1000,1000,1000,1000,1000,1000,1000,1000,1157.228,1158.353,1158.779,1160.299,1161.272,1161.759,1162.306,1162.549,1162.853,1163.401,1163.948,1163.401,1163.097,1163.097,1162.853,1162.853,1163.644,1165.712,1166.38,1166.016,1166.016,1166.38,1165.104,1164.252,1164.495,1164.799,1164.252,1164.799,1166.38,1166.989,1167.597,1169.056,1169.421,1168.326,1168.691,1167.962,1166.624,1166.624,1166.989,1166.624,1166.989,1167.597,1169.786,1170.151,1169.056,1169.056,1170.151,1167.597,1167.354,1167.962,1169.056,1168.691,1169.421,1170.881,1171.245,1170.151,1170.151,1170.151,1169.786,1169.421,1171.245,1172.34,1173.556,1173.556,1173.556,1173.556,1173.556,1173.556,1174.408,1173.556,1173.191,1172.34,1171.975,1171.245,1170.881,1171.245,1169.421,1167.597,1167.354,1166.989,1167.354,1167.597,1168.691,1168.326,1167.597,1167.597,1166.624,1165.712,1164.495,1164.799,1163.948,1163.401,1163.644,1163.644,1163.097,1162.853,1162.063,1161.516,1160.299,1158.597,1156.377,1155.465,1153.884,1000,1000,1000,1000,1000,1000,1000,1000,1000,1000,1000,1000,1000,1000,1163.097,1163.097,1160.299,1160.786,1161.029,1162.306,1162.063,1163.644,1162.853,1162.853,1161.272,1161.029,1000,1000,1000,1000,1000,1000,1000,1000,1169.786,1161.029,1157.989,1156.529,1155.921,1155.769,1154.917,1000,1000,1000,1000,1000,1000,1000,1000,1000,1000,1000,1000,1000,1000,1000,1000,1000,1000,1000,1000,1000,1000,1000,1000,1000,1000,1000,1000,1000,1000,1000,1000,1000,1000,1000,1000,1000,1000,1000,1000,1000,1000,1000,1000,1000,1000,1152.287,1152.09,1152.014,1263.679,1249.571,1239.841,1233.03,1223.787,1216.003,1214.543,1207.246,1201.408,1198.489,1194.84,1190.948,1000,1000,1000,1195.57,1190.219,1188.273,1184.381,1183.894,1185.11,1187.056,1185.11,1188.759,1185.84,1187.056,1185.84,1185.11,1181.462,1180.246,1000,1000,1000,1000,1000,1000,1000,1000,1000,1000,1000,1000,1000,1137.677,1000,1131.353,1126.731,1000,1000,1000,1000,1000,1000,1000,1000,1000,1000,1000,1000,1000,1000,1000,1000,1000,1000,1000,1000,1000,1000,1000,1000,1000,1000,1000,1000,1000,1000,1000,1000,1000,1000,1000,1000,1000,1000,1000,1000,1000,1000,1000,1000,1000,1000,1000,1000,1000,1000,1000,1000,1000,1000,1000,1000,1000,1000,1000,1000,1000,1000,1000,1000,1000,1000,1000,1000,1000,1000,1000,1000,1000,1000,1000,1000,1000,1000,1000,1000,1000,1000,1000,1000,1000,1000,1000,1000,1000,1000,1000,1000,1000,1000,1000,1000,1000,1000,1000,1000,1000,1000,1000,1000,1000,1000,1000,1000,1000,1000,1000,1000,1000,1000,1000,1000,1000,1000,1000,1000,1000,1000,1000,1000,1000
1000,1000,1000,1000,1000,1000,1000,1000,1000,1000,1000,1000,1000,1000,1000,1000,1000,1000,1000,1000,1000,1000,1000,1000,1000,1000,1000,1000,1000,1000,1000,1000,1000,1000,1000,1000,1000,1000,1000,1000,1000,1000,1000,1000,1000,1000,1000,1000,1000,1000,1000,1000,1000,1000,1000,1000,1000,1000,1000,1000,1000,1000,1000,1000,1000,1000,1000,1000,1000,1000,1000,1000,1000,1000,1000,1000,1000,1000,1000,1000,1000,1000,1000,1000,1000,1000,1000,1000,1000,1000,1000,1000,1000,1000,1000,1000,1000,1000,1000,1000,1000,1000,1000,1000,1000,1000,1000,1000,1000,1000,1000,1000,1000,1000,1000,1000,1000,1000,1244.219,1243.246,1140.148,1140.186,1140.414,1140.703,1140.657,1140.49,1140.923,1140.862,1141.174,1142.101,1142.634,1142.421,1143.242,1144.093,1144.245,1144.701,1147.955,1149.353,1149.84,1000,1000,1000,1000,1000,1000,1000,1185.354,1188.273,1181.948,1170.272,1000,1000,1000,1000,1000,1000,1000,1000,1210.165,1107.066,1107.256,1107.781,1000,1000,1000,1000,1000,1000,1000,1000,1000,1000,1000,1000,1000,1000,1000,1000,1000,1000,1000,1000,1000,1000,1000,1000,1000,1000,1000,1000,1000,1000,1000,1182.678,1187.543,1188.273,1195.57,1198.489,1201.895,1206.759,1215.516,1000,1000,1000,1000,1000,1000,1000,1000,1000,1000,1000,1000,1000,1000,1000,1000,1000,1000,1000,1000,1000,1000,1000,1000,1000,1000,1000,1152.994,1152.926,1152.85,1153.23,1152.66,1152.85,1152.721,1000,1000,1000,1000,1000,1000,1000,1000,1000,1000,1000,1000,1000,1000,1000,1000,1000,1000,1000,1000,1000,1000,1000,1000,1000,1000,1000,1000,1000,1000,1000,1000,1000,1000,1000,1000,1000,1000,1155.191,1154.917,1155.328,1155.769,1155.921,1156.711,1156.894,1157.046,1157.776,1158.597,1158.779,1158.597,1158.962,1157.776,1157.776,1157.776,1158.597,1158.597,1160.299,1160.786,1161.029,1160.543,1160.543,1160.056,1160.056,1159.63,1160.056,1160.299,1160.299,1160.543,1161.272,1162.063,1162.306,1162.306,1162.549,1161.516,1161.516,1161.272,1161.516,1161.516,1162.063,1162.306,1161.759,1161.759,1162.853,1163.401,1162.549,1163.401,1163.948,1162.549,1162.306,1163.097,1163.644,1163.401,1164.252,1165.104,1164.252,1163.401,1163.948,1163.401,1163.097,1163.401,1164.252,1163.644,1164.495,1165.104,1165.407,1165.104,1165.407,1165.407,1166.016,1165.712,1165.104,1165.712,1165.407,1164.495,1163.948,1163.401,1162.306,1161.272,1162.063,1161.759,1162.306,1162.063,1162.306,1161.272,1160.786,1160.543,1160.299,1160.056,1159.387,1159.874,1159.387,1158.779,1158.962,1158.597,1158.779,1158.171,1157.989,1157.776,1157.593,1156.894,1156.529,1155.921,1154.674,1154.097,1000,1000,1000,1000,1000,1000,1000,1000,1000,1000,1000,1000,1000,1000,1000,1156.711,1157.776,1157.989,1158.597,1158.353,1159.387,1158.171,1157.776,1000,1000,1000,1000,1000,1000,1000,1000,1000,1000,1000,1161.516,1156.529,1154.796,1155.328,1154.796,1155.054,1153.99,1000,1000,1000,1000,1000,1000,1000,1000,1000,1000,1000,1000,1000,1000,1000,1000,1000,1000,1000,1000,1000,1000,1000,1000,1000,1000,1000,1000,1000,1000,1000,1000,1000,1000,1000,1000,1000,1000,1000,1000,1000,1000,1000,1000,1000,1000,1000,1000,1242.76,1234.003,1224.76,1220.381,1213.57,1204.813,1203.354,1197.03,1192.165,1189.489,1188.759,1183.894,1000,1000,1000,1190.948,1184.381,1180.246,1177.57,1174.408,1173.191,1174.408,1172.705,1172.705,1170.272,1172.218,1172.705,1173.191,1173.191,1174.894,1000,1000,1000,1000,1000,1000,1000,1000,1000,1000,1000,1000,1000,1000,1000,1129.65,1126.731,1122.353,1000,1000,1000,1000,1000,1000,1000,1000,1000,1000,1000,1000,1000,1000,1000,1000,1000,1000,1000,1000,1000,1000,1000,1000,1000,1000,1000,1000,1000,1000,1000,1000,1000,1000,1000,1000,1000,1000,1000,1000,1000,1000,1000,1000,1000,1000,1000,1000,1000,1000,1000,1000,1000,1000,1000,1000,1000,1000,1000,1000,1000,1000,1000,1000,1000,1000,1000,1000,1000,1000,1000,1000,1000,1000,1000,1000,1000,1000,1000,1000,1000,1000,1000,1000,1000,1000,1000,1000,1000,1000,1000,1000,1000,1000,1000,1000,1000,1000,1000,1000,1000,1000,1000,1000,1000,1000,1000,1000,1000,1000,1000,1000,1000,1000,1000,1000,1000,1000,1000,1000,1000,1000,1000,1000
1000,1000,1000,1000,1000,1000,1000,1000,1000,1000,1000,1000,1000,1000,1000,1000,1000,1000,1000,1000,1000,1000,1000,1000,1000,1000,1000,1000,1000,1000,1000,1000,1000,1000,1000,1000,1000,1000,1000,1000,1000,1000,1000,1000,1000,1000,1000,1000,1000,1000,1000,1000,1000,1000,1000,1000,1000,1000,1000,1000,1000,1000,1000,1000,1000,1000,1000,1000,1000,1000,1000,1000,1000,1000,1000,1000,1000,1000,1000,1000,1000,1000,1000,1000,1000,1000,1000,1000,1000,1000,1000,1000,1000,1000,1000,1000,1000,1000,1000,1000,1000,1000,1000,1000,1000,1000,1000,1000,1000,1000,1000,1000,1000,1000,1000,1000,1000,1000,1230.111,1230.111,1243.246,1242.273,1000,1000,1000,1248.111,1140.148,1140.262,1140.414,1140.923,1140.984,1141.174,1141.478,1000,1142.755,1144.549,1147.529,1000,1000,1000,1000,1000,1000,1000,1176.597,1180.975,1178.543,1179.516,1173.191,1161.516,1000,1000,1000,1000,1000,1000,1000,1000,1000,1000,1000,1000,1000,1000,1000,1000,1000,1000,1000,1000,1000,1000,1000,1000,1000,1000,1000,1000,1000,1000,1000,1000,1000,1000,1000,1000,1000,1000,1000,1000,1000,1000,1000,1188.273,1188.759,1190.948,1192.894,1196.3,1198.975,1204.327,1205.786,1206.759,1204.327,1206.759,1201.895,1000,1000,1000,1000,1000,1000,1206.759,1205.786,1000,1000,1000,1000,1000,1000,1000,1000,1000,1000,1000,1000,1000,1000,1000,1000,1152.379,1000,1153.23,1152.485,1153.314,1000,1000,1000,1000,1000,1000,1000,1000,1000,1000,1000,1000,1000,1000,1000,1000,1000,1000,1000,1000,1000,1000,1000,1000,1000,1000,1000,1000,1000,1000,1000,1000,1000,1000,1154.674,1155.328,1155.191,1154.917,1154.309,1153.99,1153.58,1153.777,1154.203,1154.553,1154.917,1154.917,1154.917,1155.191,1155.328,1155.769,1155.465,1155.328,1154.553,1154.674,1154.309,1154.674,1154.917,1156.073,1156.529,1157.046,1157.046,1157.046,1156.711,1156.529,1155.921,1156.377,1156.377,1156.225,1156.711,1157.046,1157.046,1157.411,1157.776,1158.171,1157.776,1157.228,1157.046,1157.228,1157.228,1157.411,1157.776,1157.989,1157.776,1158.779,1158.779,1158.171,1157.989,1158.171,1157.776,1157.776,1158.171,1159.205,1159.205,1158.779,1159.63,1159.205,1158.171,1158.962,1158.779,1157.989,1158.597,1159.205,1158.597,1158.962,1159.63,1159.205,1158.779,1158.962,1158.779,1158.779,1158.962,1158.779,1159.205,1159.874,1159.387,1159.205,1158.779,1158.597,1157.593,1157.989,1157.776,1158.597,1158.353,1158.171,1157.411,1157.046,1156.529,1156.377,1156.225,1155.921,1156.377,1155.921,1155.617,1155.617,1155.769,1155.617,1155.328,1155.191,1155.328,1155.191,1154.674,1154.309,1153.777,1152.926,1152.432,1152.204,1152.09,1000,1000,1000,1000,1000,1000,1000,1000,1000,1000,1000,1000,1000,1000,1000,1156.225,1156.073,1156.529,1156.711,1000,1000,1043.511,1041.23,1000,1000,1000,1000,1000,1000,1000,1203.84,1000,1000,1000,1000,1000,1000,1000,1000,1000,1000,1000,1000,1000,1000,1000,1000,1000,1000,1000,1000,1000,1000,1000,1000,1000,1000,1000,1000,1000,1000,1000,1000,1000,1000,1000,1000,1000,1000,1000,1000,1000,1000,1000,1000,1000,1000,1000,1000,1000,1000,1000,1000,1000,1000,1000,1000,1000,1000,1216.976,1210.651,1203.354,1193.381,1192.894,1183.894,1179.759,1178.056,1178.543,1172.705,1000,1000,1000,1181.462,1176.354,1173.678,1171.245,1166.989,1166.989,1166.137,1165.164,1165.164,1164.313,1164.799,1168.813,1168.813,1168.326,1000,1000,1000,1000,1000,1000,1151.178,1149.84,1147.711,1147.103,1146.313,1000,1000,1000,1000,1130.137,1128.921,1126.002,1121.866,1000,1000,1000,1000,1000,1000,1000,1000,1000,1000,1000,1000,1000,1000,1000,1000,1000,1000,1000,1000,1000,1000,1000,1000,1000,1000,1000,1000,1000,1000,1000,1000,1000,1000,1000,1000,1000,1000,1000,1000,1000,1000,1000,1000,1000,1000,1000,1000,1000,1000,1000,1000,1000,1000,1000,1000,1000,1000,1000,1000,1000,1000,1000,1000,1000,1000,1000,1000,1000,1000,1000,1000,1000,1000,1000,1000,1000,1000,1000,1000,1000,1000,1000,1000,1000,1000,1000,1000,1000,1000,1000,1000,1000,1000,1000,1000,1000,1000,1000,1000,1000,1000,1000,1000,1000,1000,1000,1000,1000,1000,1000,1000,1000,1000,1000,1000,1000,1000,1000,1000,1000,1000,1000,1000
1000,1000,1000,1000,1000,1000,1000,1000,1000,1000,1000,1000,1000,1000,1000,1000,1000,1000,1000,1000,1000,1000,1000,1000,1000,1000,1000,1000,1000,1000,1000,1000,1000,1000,1000,1000,1000,1000,1000,1000,1000,1000,1000,1000,1000,1000,1000,1000,1000,1000,1000,1000,1000,1000,1000,1000,1000,1000,1000,1000,1000,1000,1000,1000,1000,1000,1000,1000,1000,1000,1000,1000,1000,1000,1000,1000,1000,1000,1000,1000,1000,1000,1000,1000,1000,1000,1000,1000,1000,1000,1000,1000,1000,1000,1000,1000,1000,1000,1000,1000,1000,1000,1000,1000,1000,1000,1000,1000,1000,1000,1000,1000,1000,1000,1000,1000,1000,1000,1000,1000,1000,1000,1000,1000,1000,1000,1000,1000,1000,1000,1000,1000,1000,1000,1000,1000,1000,1000,1000,1000,1000,1000,1000,1000,1167.84,1170.759,1171.732,1172.705,1167.84,1000,1000,1000,1000,1000,1000,1000,1000,1000,1000,1000,1000,1000,1000,1000,1000,1000,1000,1000,1000,1000,1000,1144.245,1145.917,1000,1000,1000,1000,1000,1000,1000,1000,1000,1000,1000,1000,1000,1000,1000,1164.799,1000,1168.326,1000,1000,1185.11,1182.678,1184.381,1183.894,1185.11,1186.327,1191.435,1191.435,1192.165,1194.111,1197.759,1195.57,1000,1000,1000,1000,1000,1193.138,1187.3,1000,1000,1000,1000,1000,1000,1000,1000,1000,1000,1000,1000,1000,1000,1000,1000,1000,1000,1000,1000,1000,1000,1000,1000,1000,1000,1000,1000,1000,1000,1000,1000,1000,1000,1000,1000,1000,1000,1000,1000,1000,1000,1000,1000,1000,1000,1000,1000,1000,1240.814,1243.733,1253.949,1259.787,1152.014,1152.538,1152.926,1152.781,1153.154,1153.777,1153.58,1153.23,1153.154,1152.721,1152.721,1152.781,1152.926,1153.154,1153.154,1152.994,1153.154,1152.994,1153.405,1153.23,1153.23,1152.994,1152.994,1152.781,1152.994,1153.07,1153.58,1153.99,1154.203,1154.097,1154.203,1153.884,1153.777,1153.488,1153.884,1153.884,1153.884,1153.777,1154.097,1154.203,1154.203,1154.309,1154.553,1154.431,1154.203,1154.309,1154.431,1154.431,1154.674,1155.191,1154.917,1154.674,1155.328,1155.328,1154.917,1154.796,1155.054,1155.054,1154.917,1155.465,1155.769,1155.769,1155.191,1155.328,1155.191,1154.674,1155.054,1155.054,1154.674,1154.917,1155.054,1154.917,1155.328,1155.921,1155.465,1155.465,1155.617,1155.191,1154.917,1155.054,1155.054,1155.054,1155.465,1155.191,1155.328,1155.191,1154.917,1154.796,1155.054,1155.191,1155.328,1155.465,1154.917,1154.553,1154.097,1153.777,1153.488,1153.686,1153.488,1153.884,1153.884,1153.884,1153.686,1153.777,1153.405,1153.154,1153.154,1153.405,1153.314,1153.154,1152.85,1152.66,1152.204,1152.014,1264.652,1262.706,1250.544,1249.571,1000,1000,1000,1000,1000,1000,1000,1000,1000,1000,1000,1000,1000,1000,1154.309,1000,1000,1000,1131.718,1130.867,1129.65,1129.164,1129.164,1128.434,1125.758,1122.231,1116.758,1111.62,1108.929,1107.218,1000,1000,1000,1000,1000,1000,1000,1000,1000,1000,1000,1000,1000,1000,1000,1000,1000,1000,1000,1000,1000,1000,1116.029,1117.306,1000,1000,1000,1000,1000,1000,1000,1000,1000,1000,1000,1000,1000,1000,1000,1000,1000,1000,1000,1000,1000,1000,1000,1000,1000,1000,1000,1000,1000,1000,1000,1000,1000,1000,1000,1000,1178.543,1179.273,1172.705,1171.245,1170.272,1173.191,1000,1000,1000,1000,1000,1167.962,1165.651,1163.462,1161.029,1160.664,1161.029,1159.205,1158.475,1158.11,1158.84,1160.664,1000,1161.516,1000,1155.921,1153.732,1000,1150.083,1150.387,1148.38,1146.677,1145.37,1145.036,1144.397,1143.789,1000,1000,1000,1128.434,1128.434,1124.542,1120.65,1000,1000,1000,1000,1000,1000,1000,1000,1000,1000,1000,1000,1000,1000,1000,1000,1000,1000,1000,1000,1000,1000,1000,1000,1000,1000,1000,1000,1000,1000,1000,1000,1000,1000,1000,1000,1000,1000,1000,1000,1000,1000,1000,1000,1000,1000,1000,1000,1000,1000,1000,1000,1000,1000,1000,1000,1000,1000,1000,1000,1000,1000,1000,1000,1000,1000,1000,1000,1000,1000,1000,1000,1000,1000,1000,1000,1000,1000,1000,1000,1000,1000,1000,1000,1000,1000,1000,1000,1000,1000,1000,1000,1000,1000,1000,1000,1000,1000,1000,1000,1000,1000,1000,1000,1000,1000,1000,1000,1000,1000,1000,1000,1000,1000,1000,1000,1000,1000,1000,1000,1000,1000,1000,1000
1000,1000,1000,1000,1000,1000,1000,1000,1000,1000,1000,1000,1000,1000,1000,1000,1000,1000,1000,1000,1000,1000,1000,1000,1000,1000,1000,1000,1000,1000,1000,1000,1000,1000,1000,1000,1000,1000,1000,1000,1000,1000,1000,1000,1000,1000,1000,1000,1000,1000,1000,1000,1000,1000,1000,1000,1000,1000,1000,1000,1000,1000,1000,1000,1000,1000,1000,1000,1000,1000,1000,1000,1000,1000,1000,1000,1000,1000,1000,1000,1000,1000,1000,1000,1000,1000,1000,1000,1000,1000,1000,1000,1000,1000,1000,1000,1000,1000,1000,1000,1000,1000,1000,1000,1000,1000,1000,1000,1000,1000,1000,1000,1000,1000,1000,1000,1000,1000,1000,1000,1000,1000,1000,1000,1000,1000,1000,1000,1000,1000,1000,1000,1000,1000,1000,1000,1000,1000,1000,1000,1000,1000,1000,1000,1159.083,1160.543,1160.056,1154.948,1000,1000,1000,1000,1000,1000,1000,1000,1000,1000,1000,1000,1000,1000,1000,1000,1000,1000,1000,1142.101,1142.998,1144.245,1144.245,1144.397,1146.1,1145.735,1145.37,1146.495,1149.84,1000,1000,1000,1000,1000,1000,1000,1153.428,1157.38,1157.745,1158.11,1158.84,1161.516,1159.205,1164.313,1000,1179.273,1176.354,1180.246,1178.056,1178.056,1178.056,1180.246,1179.759,1180.246,1182.192,1182.678,1181.462,1000,1000,1000,1000,1168.326,1178.543,1175.137,1000,1000,1000,1000,1000,1000,1000,1000,1000,1000,1000,1000,1000,1000,1000,1000,1000,1000,1000,1000,1000,1000,1000,1000,1000,1000,1000,1000,1000,1000,1000,1000,1000,1000,1000,1000,1000,1000,1000,1000,1000,1000,1000,1000,1000,1000,1000,1000,1000,1235.949,1234.976,1238.868,1239.841,1246.652,1253.949,1261.733,1151.786,1152.09,1152.485,1152.66,1152.485,1152.432,1152.204,1152.166,1152.128,1152.242,1152.333,1152.242,1152.128,1152.204,1151.976,1152.014,1151.976,1151.976,1151.786,1151.938,1151.862,1151.976,1152.014,1152.242,1152.287,1152.538,1152.485,1152.721,1152.538,1152.538,1152.287,1152.538,1152.379,1152.485,1152.432,1152.485,1152.379,1152.379,1152.485,1152.66,1152.599,1152.538,1152.538,1152.66,1152.721,1152.926,1153.23,1153.23,1153.07,1153.314,1153.23,1153.154,1153.07,1153.154,1153.23,1153.314,1153.314,1153.777,1153.58,1153.405,1153.488,1153.405,1153.07,1153.23,1153.07,1152.926,1152.926,1153.154,1152.85,1152.994,1153.07,1153.154,1153.154,1153.23,1153.07,1153.154,1153.07,1152.994,1152.994,1153.154,1152.994,1153.07,1153.154,1153.07,1153.07,1153.154,1153.314,1153.405,1153.488,1153.154,1152.85,1152.599,1152.485,1152.379,1152.432,1152.432,1152.432,1152.432,1152.432,1152.333,1152.333,1152.166,1152.052,1152.052,1152.166,1152.166,1152.09,1152.09,1151.976,1151.786,1262.706,1259.787,1253.949,1246.652,1245.679,1233.03,1240.814,1000,1000,1000,1000,1000,1000,1000,1000,1000,1000,1000,1000,1000,1000,1000,1130.38,1129.65,1128.434,1127.218,1126.853,1126.488,1125.394,1124.299,1122.839,1119.191,1115.299,1112.137,1109.339,1108.929,1000,1000,1117.549,1119.191,1119.495,1118.887,1119.191,1121.623,1121.623,1122.839,1122.839,1125.758,1122.839,1000,1000,1000,1000,1000,1000,1000,1116.515,1116.029,1116.272,1116.758,1000,1000,1000,1000,1000,1000,1000,1000,1000,1000,1000,1000,1000,1000,1000,1000,1000,1185.354,1191.192,1181.462,1174.651,1000,1000,1000,1000,1000,1000,1000,1000,1000,1000,1000,1000,1000,1000,1000,1000,1000,1000,1000,1000,1000,1000,1000,1000,1000,1165.164,1161.516,1159.205,1157.745,1157.016,1157.745,1157.016,1156.286,1154.948,1000,1150.874,1000,1150.083,1000,1146.921,1145.735,1145.218,1143.379,1143.941,1143.515,1143.242,1143.12,1143.515,1142.998,1142.634,1000,1000,1000,1125.029,1125.029,1121.866,1118.218,1000,1000,1000,1000,1000,1000,1000,1000,1000,1000,1000,1000,1000,1000,1000,1000,1000,1000,1000,1000,1000,1000,1000,1000,1000,1000,1000,1000,1000,1000,1000,1000,1000,1000,1000,1000,1000,1000,1000,1000,1000,1000,1000,1000,1000,1000,1000,1000,1000,1000,1000,1000,1000,1000,1000,1000,1000,1000,1000,1000,1000,1000,1000,1000,1000,1000,1000,1000,1000,1000,1000,1000,1000,1000,1000,1000,1000,1000,1000,1000,1000,1000,1000,1000,1000,1000,1000,1000,1000,1000,1000,1000,1000,1000,1000,1000,1000,1000,1000,1000,1000,1000,1000,1000,1000,1000,1000,1000,1000,1000,1000,1000,1000,1000,1000,1000,1000,1000,1000,1000,1000,1000,1000,1000
1000,1000,1000,1000,1000,1000,1000,1000,1000,1000,1000,1000,1000,1000,1000,1000,1000,1000,1000,1000,1000,1000,1000,1000,1000,1000,1000,1000,1000,1000,1000,1000,1000,1000,1000,1000,1000,1000,1000,1000,1000,1000,1000,1000,1000,1000,1000,1000,1000,1000,1000,1000,1000,1000,1000,1000,1000,1000,1000,1000,1000,1000,1000,1000,1000,1000,1000,1000,1000,1000,1000,1000,1000,1000,1000,1000,1000,1000,1000,1000,1000,1000,1000,1000,1000,1000,1000,1000,1000,1000,1000,1000,1000,1000,1000,1000,1000,1000,1000,1000,1000,1000,1000,1000,1000,1000,1000,1000,1000,1000,1000,1000,1000,1000,1000,1000,1000,1000,1000,1000,1000,1000,1000,1000,1000,1000,1000,1000,1000,1000,1000,1000,1000,1000,1000,1000,1000,1000,1000,1000,1000,1000,1000,1000,1000,1000,1000,1000,1000,1000,1000,1000,1000,1000,1000,1000,1000,1000,1000,1140.224,1000,1140.49,1140.186,1140.414,1140.703,1140.984,1141.318,1141.638,1142.314,1143.242,1143.379,1143.242,1144.397,1144.245,1144.245,1144.549,1146.677,1000,1000,1000,1000,1000,1000,1146.677,1148.867,1151.725,1153.124,1151.968,1152.272,1153.428,1152.82,1154.036,1000,1165.651,1169.786,1174.894,1171.732,1172.218,1170.272,1171.245,1168.326,1170.759,1171.732,1172.218,1170.272,1000,1000,1000,1177.57,1172.705,1174.164,1000,1000,1000,1000,1000,1000,1000,1000,1000,1000,1000,1000,1000,1000,1000,1000,1000,1000,1000,1000,1000,1000,1000,1000,1000,1000,1000,1000,1000,1000,1000,1000,1000,1000,1000,1000,1000,1180.975,1000,1197.03,1204.813,1206.759,1212.111,1213.57,1000,1000,1000,1000,1000,1213.57,1216.976,1216.003,1222.327,1220.381,1229.138,1235.949,1242.76,1250.544,1261.733,1151.938,1152.014,1151.938,1151.938,1151.786,1261.733,1257.841,1259.787,1257.841,1254.922,1252.976,1255.895,1250.544,1251.517,1250.544,1249.571,1247.625,1252.976,1250.544,1254.922,1253.949,1254.922,1254.922,1259.787,1256.868,1263.679,1262.706,1261.733,1255.895,1259.787,1258.814,1257.841,1258.814,1261.733,1258.814,1264.652,1151.824,1151.862,1151.862,1264.652,1263.679,1264.652,1151.824,1151.938,1152.128,1152.09,1152.052,1152.09,1152.014,1152.014,1152.09,1152.09,1152.014,1152.333,1152.204,1152.379,1152.242,1152.287,1152.166,1152.166,1151.976,1151.976,1151.938,1151.976,1151.976,1152.014,1152.014,1152.09,1152.09,1152.128,1152.09,1152.166,1152.052,1152.052,1152.014,1152.014,1152.014,1152.09,1152.052,1152.09,1152.014,1152.128,1152.128,1152.166,1152.166,1152.287,1152.287,1152.052,1151.786,1151.786,1262.706,1262.706,1264.652,1151.824,1151.786,1151.786,1264.652,1261.733,1258.814,1254.922,1253.949,1252.976,1254.922,1255.895,1254.922,1252.976,1252.976,1248.598,1247.625,1246.652,1244.706,1236.922,1235.949,1228.165,1231.084,1000,1000,1000,1000,1000,1000,1000,1000,1000,1000,1000,1000,1000,1000,1000,1127.948,1127.583,1126.488,1125.758,1125.029,1124.664,1123.569,1122.839,1121.866,1119.738,1117.001,1114.022,1110.708,1109.917,1112.836,1115.299,1117.549,1119.191,1120.346,1120.042,1121.623,1124.299,1123.934,1125.394,1125.029,1128.434,1124.664,1126.853,1123.569,1000,1000,1000,1000,1000,1000,1000,1113.839,1114.204,1000,1000,1000,1000,1000,1000,1000,1000,1000,1000,1000,1000,1000,1000,1000,1000,1000,1180.489,1186.327,1178.543,1176.597,1168.813,1000,1000,1000,1000,1000,1000,1000,1000,1000,1000,1000,1000,1000,1000,1000,1000,1000,1000,1000,1000,1000,1000,1000,1000,1000,1159.205,1157.38,1155.313,1155.313,1155.921,1154.705,1152.576,1000,1000,1000,1143.789,1144.701,1143.515,1142.998,1142.314,1141.904,1141.045,1141.395,1141.174,1141.106,1141.106,1141.554,1141.106,1141.174,1000,1000,1000,1122.353,1121.866,1119.191,1115.785,1000,1000,1000,1000,1000,1000,1000,1000,1000,1000,1000,1000,1000,1000,1000,1000,1000,1000,1000,1000,1000,1000,1000,1000,1000,1000,1000,1000,1000,1000,1000,1000,1000,1000,1000,1000,1000,1000,1000,1000,1000,1000,1000,1000,1000,1000,1000,1000,1000,1000,1000,1000,1000,1000,1000,1000,1000,1000,1000,1000,1000,1000,1000,1000,1000,1000,1000,1000,1000,1000,1000,1000,1000,1000,1000,1000,1000,1000,1000,1000,1000,1000,1000,1000,1000,1000,1000,1000,1000,1000,1000,1000,1000,1000,1000,1000,1000,1000,1000,1000,1000,1000,1000,1000,1000,1000,1000,1000,1000,1000,1000,1000,1000,1000,1000,1000,1000,1000,1000,1000,1000,1000,1000,1000
1000,1000,1000,1000,1000,1000,1000,1000,1000,1000,1000,1000,1000,1000,1000,1000,1000,1000,1000,1000,1000,1000,1000,1000,1000,1000,1000,1000,1000,1000,1000,1000,1000,1000,1000,1000,1000,1000,1000,1000,1000,1000,1000,1000,1000,1000,1000,1000,1000,1000,1000,1000,1000,1000,1000,1000,1000,1000,1000,1000,1000,1000,1000,1000,1000,1000,1000,1000,1000,1000,1000,1000,1000,1000,1000,1000,1000,1000,1000,1000,1000,1000,1000,1000,1000,1000,1000,1000,1000,1000,1000,1000,1000,1000,1000,1000,1000,1000,1000,1000,1000,1000,1000,1000,1000,1000,1000,1000,1000,1000,1000,1000,1000,1000,1000,1000,1000,1000,1000,1000,1000,1000,1000,1000,1127.461,1130.867,1000,1000,1000,1000,1000,1000,1000,1000,1000,1000,1000,1000,1000,1000,1000,1000,1000,1000,1000,1000,1000,1000,1000,1000,1000,1000,1234.003,1219.408,1000,1230.111,1234.003,1238.868,1250.057,1252.003,1251.03,1140.3,1140.11,1140.224,1140.414,1140.612,1140.657,1140.756,1141.174,1141.729,1142.01,1142.208,1143.12,1142.877,1142.877,1142.877,1143.941,1000,1000,1000,1000,1000,1143.242,1145.735,1146.921,1148.198,1148.198,1147.955,1148.624,1149.11,1149.11,1149.597,1150.874,1152.82,1000,1167.475,1168.813,1169.299,1166.502,1165.164,1162.245,1165.164,1166.502,1167.475,1000,1000,1000,1000,1180.975,1174.164,1170.272,1000,1000,1000,1000,1000,1000,1000,1000,1000,1000,1000,1000,1000,1000,1000,1000,1000,1000,1000,1000,1000,1000,1000,1000,1000,1000,1000,1000,1000,1000,1000,1000,1000,1000,1000,1000,1000,1186.327,1191.435,1195.57,1198.489,1204.327,1206.759,1210.651,1210.651,1207.246,1208.705,1206.759,1206.759,1207.246,1209.678,1208.219,1213.57,1216.003,1222.814,1230.111,1235.949,1241.787,1248.598,1254.922,1256.868,1254.922,1253.949,1250.544,1246.652,1243.733,1244.706,1241.787,1239.841,1237.895,1238.868,1234.003,1234.976,1232.057,1228.165,1230.111,1232.057,1230.111,1234.976,1234.003,1232.057,1234.003,1238.868,1236.922,1244.706,1244.706,1242.76,1239.841,1241.787,1239.841,1240.814,1239.841,1239.841,1238.868,1242.76,1247.625,1248.598,1252.976,1249.571,1248.598,1246.652,1247.625,1246.652,1252.976,1251.517,1251.517,1254.922,1253.949,1252.976,1254.922,1254.922,1250.544,1255.895,1254.922,1258.814,1258.814,1259.787,1256.868,1255.895,1250.544,1247.625,1248.598,1249.571,1249.571,1249.571,1249.571,1249.571,1249.571,1250.544,1251.517,1253.949,1251.517,1252.976,1251.517,1251.517,1249.571,1250.544,1251.517,1253.949,1251.517,1253.949,1257.841,1257.841,1258.814,1262.706,1261.733,1256.868,1250.544,1249.571,1247.625,1245.679,1245.679,1246.652,1243.733,1242.76,1242.76,1242.76,1241.787,1237.895,1237.895,1234.976,1236.922,1235.949,1235.949,1234.003,1235.949,1232.057,1234.003,1233.03,1232.057,1228.165,1228.165,1220.381,1222.327,1221.354,1218.435,1208.705,1000,1000,1000,1000,1000,1000,1000,1000,1000,1000,1000,1124.299,1124.664,1125.029,1124.299,1123.569,1123.204,1122.839,1121.866,1121.258,1120.65,1119.191,1116.758,1113.839,1110.571,1109.674,1111.954,1113.839,1117.549,1119.191,1120.954,1121.866,1125.029,1127.948,1000,1131.231,1131.231,1133.421,1130.015,1000,1000,1000,1000,1000,1000,1000,1000,1000,1000,1000,1000,1000,1000,1000,1000,1000,1000,1000,1000,1000,1000,1000,1000,1000,1000,1000,1000,1176.597,1178.543,1176.597,1174.651,1170.272,1000,1000,1000,1000,1000,1000,1000,1000,1000,1000,1000,1000,1000,1000,1000,1000,1000,1000,1000,1000,1000,1000,1000,1000,1000,1000,1154.948,1154.036,1153.428,1154.705,1152.576,1000,1000,1000,1141.813,1141.318,1141.638,1141.045,1140.984,1140.756,1140.566,1140.186,1140.262,1140.224,1140.186,1140.186,1140.566,1140.414,1140.414,1000,1000,1000,1119.677,1119.677,1116.272,1114.934,1000,1000,1000,1000,1000,1000,1000,1000,1000,1000,1000,1000,1000,1000,1000,1000,1000,1000,1000,1000,1000,1000,1000,1000,1000,1000,1000,1000,1000,1000,1000,1000,1000,1000,1000,1000,1000,1000,1000,1000,1000,1000,1000,1000,1000,1000,1000,1000,1000,1000,1000,1000,1000,1000,1000,1000,1000,1000,1000,1000,1000,1000,1000,1000,1000,1000,1000,1000,1000,1000,1000,1000,1000,1000,1000,1000,1000,1000,1000,1000,1000,1000,1000,1000,1000,1000,1000,1000,1000,1000,1000,1000,1000,1000,1000,1000,1000,1000,1000,1000,1000,1000,1000,1000,1000,1000,1000,1000,1000,1000,1000,1000,1000,1000,1000,1000,1000,1000,1000,1000,1000,1000,1000,1000
1000,1000,1000,1000,1000,1000,1000,1000,1000,1000,1000,1000,1000,1000,1000,1000,1000,1000,1000,1000,1000,1000,1000,1000,1000,1000,1000,1000,1000,1000,1000,1000,1000,1000,1000,1000,1000,1000,1000,1000,1000,1000,1000,1000,1000,1000,1000,1000,1000,1000,1000,1000,1000,1000,1000,1000,1000,1000,1000,1000,1000,1000,1000,1000,1000,1000,1000,1000,1000,1000,1000,1000,1000,1000,1000,1000,1000,1000,1000,1000,1000,1000,1000,1000,1000,1000,1000,1000,1000,1000,1000,1000,1000,1000,1000,1000,1000,1000,1000,1000,1000,1000,1000,1000,1000,1000,1000,1000,1000,1000,1000,1000,1000,1000,1000,1000,1000,1000,1000,1000,1000,1000,1000,1120.65,1124.177,1126.488,1000,1000,1000,1000,1000,1000,1000,1000,1000,1000,1000,1000,1000,1000,1000,1000,1000,1000,1000,1000,1000,1000,1000,1000,1000,1210.651,1213.084,1206.273,1212.111,1217.462,1222.327,1227.192,1237.895,1238.868,1241.3,1246.165,1246.165,1247.138,1252.976,1140.3,1140.414,1140.338,1140.657,1140.862,1140.862,1140.923,1141.554,1141.395,1141.638,1141.813,1000,1000,1000,1000,1000,1000,1142.527,1143.941,1144.549,1145.036,1144.853,1144.853,1145.735,1146.1,1146.495,1147.103,1147.529,1148.198,1000,1000,1000,1000,1000,1000,1157.016,1159.934,1158.84,1000,1000,1000,1190.219,1186.327,1182.921,1178.543,1174.164,1000,1000,1000,1000,1000,1000,1000,1000,1000,1000,1000,1000,1000,1000,1000,1000,1000,1000,1000,1000,1000,1000,1000,1000,1000,1000,1000,1000,1000,1000,1000,1174.408,1169.299,1169.299,1171.732,1174.408,1177.57,1185.11,1189.489,1197.03,1198.975,1199.948,1198.489,1201.408,1197.03,1197.759,1197.03,1198.489,1200.435,1203.354,1207.246,1211.138,1214.543,1215.516,1220.381,1225.733,1229.138,1232.057,1236.922,1242.76,1244.706,1241.787,1240.814,1238.868,1233.03,1227.192,1227.192,1223.787,1222.327,1220.381,1222.327,1218.435,1216.976,1214.543,1212.111,1213.57,1214.543,1216.003,1220.381,1219.408,1216.003,1216.976,1219.408,1216.003,1221.354,1222.814,1222.327,1220.381,1223.787,1224.76,1224.76,1225.733,1222.814,1221.354,1222.814,1225.733,1225.733,1228.165,1225.733,1224.76,1224.76,1226.706,1224.76,1230.111,1230.111,1231.084,1232.057,1233.03,1232.057,1234.003,1232.057,1232.057,1235.949,1236.922,1238.868,1240.814,1240.814,1237.895,1235.949,1233.03,1230.111,1230.111,1231.084,1232.057,1230.111,1231.084,1230.111,1230.111,1232.057,1234.003,1234.976,1234.976,1235.949,1234.976,1234.003,1233.03,1233.03,1233.03,1234.003,1233.03,1235.949,1238.868,1239.841,1239.841,1243.733,1241.787,1237.895,1234.003,1234.003,1232.057,1231.084,1230.111,1232.057,1228.165,1229.138,1228.165,1229.138,1227.192,1222.814,1222.327,1220.381,1220.381,1217.949,1221.354,1217.949,1217.949,1216.003,1220.381,1216.003,1215.516,1214.543,1214.543,1208.705,1209.678,1209.678,1205.786,1198.489,1202.867,1194.84,1000,1000,1000,1000,1000,1000,1000,1000,1000,1120.346,1122.231,1122.839,1122.596,1121.866,1121.866,1121.258,1120.65,1120.042,1119.738,1118.339,1116.758,1113.414,1110.297,1109.233,1110.297,1112.289,1116.758,1119.738,1124.664,1000,1000,1000,1000,1000,1000,1000,1000,1000,1000,1000,1000,1000,1000,1000,1000,1000,1000,1000,1000,1000,1000,1000,1000,1000,1000,1000,1000,1000,1000,1000,1000,1000,1000,1000,1184.381,1174.164,1173.191,1174.164,1170.272,1170.272,1000,1000,1000,1000,1000,1000,1000,1000,1000,1000,1000,1000,1000,1000,1000,1000,1000,1000,1000,1000,1000,1000,1000,1000,1000,1000,1000,1000,1000,1000,1000,1000,1000,1000,1140.809,1140.528,1140.528,1140.338,1140.11,1252.003,1246.165,1237.895,1238.868,1238.868,1000,1000,1000,1000,1000,1000,1000,1000,1000,1114.934,1111.772,1110.92,1000,1000,1000,1000,1000,1000,1000,1000,1000,1000,1000,1000,1000,1000,1000,1000,1000,1000,1000,1000,1000,1000,1000,1000,1000,1000,1000,1000,1000,1000,1000,1000,1000,1000,1000,1000,1000,1000,1000,1000,1000,1000,1000,1000,1000,1000,1000,1000,1000,1000,1000,1000,1000,1000,1000,1000,1000,1000,1000,1000,1000,1000,1000,1000,1000,1000,1000,1000,1000,1000,1000,1000,1000,1000,1000,1000,1000,1000,1000,1000,1000,1000,1000,1000,1000,1000,1000,1000,1000,1000,1000,1000,1000,1000,1000,1000,1000,1000,1000,1000,1000,1000,1000,1000,1000,1000,1000,1000,1000,1000,1000,1000,1000,1000,1000,1000,1000,1000,1000,1000,1000,1000,1000,1000
1000,1000,1000,1000,1000,1000,1000,1000,1000,1000,1000,1000,1000,1000,1000,1000,1000,1000,1000,1000,1000,1000,1000,1000,1000,1000,1000,1000,1000,1000,1000,1000,1000,1000,1000,1000,1000,1000,1000,1000,1000,1000,1000,1000,1000,1000,1000,1000,1000,1000,1000,1000,1000,1000,1000,1000,1000,1000,1000,1000,1000,1000,1000,1000,1000,1000,1000,1000,1000,1000,1000,1000,1000,1000,1000,1000,1000,1000,1000,1000,1000,1000,1000,1000,1000,1000,1000,1000,1000,1000,1000,1000,1000,1000,1000,1000,1000,1000,1000,1000,1000,1000,1000,1000,1000,1000,1000,1000,1000,1000,1000,1000,1000,1000,1000,1000,1000,1000,1000,1000,1000,1000,1000,1121.502,1000,1133.056,1000,1000,1000,1000,1000,1000,1000,1000,1000,1000,1000,1000,1000,1000,1000,1000,1000,1000,1000,1000,1000,1000,1000,1201.895,1198.003,1196.543,1201.408,1200.435,1207.732,1212.111,1216.489,1220.381,1226.219,1226.219,1230.111,1234.003,1234.003,1234.976,1237.895,1242.273,1246.165,1245.192,1140.11,1140.3,1140.262,1140.262,1140.528,1140.528,1140.657,1140.809,1000,1000,1000,1000,1000,1000,1141.554,1142.755,1142.877,1143.12,1142.998,1142.877,1143.515,1143.941,1144.397,1145.37,1145.37,1145.37,1000,1000,1000,1000,1000,1000,1000,1000,1000,1000,1000,1189.246,1188.273,1188.273,1187.3,1182.921,1179.516,1000,1000,1000,1000,1000,1000,1000,1000,1000,1000,1000,1000,1000,1000,1000,1000,1000,1000,1000,1000,1000,1000,1000,1000,1000,1000,1000,1154.705,1155.921,1000,1159.934,1163.462,1161.88,1164.313,1165.164,1169.299,1172.218,1179.273,1182.192,1188.759,1188.273,1187.543,1185.11,1187.056,1187.056,1189.489,1192.894,1197.03,1199.948,1201.895,1205.786,1210.651,1213.57,1213.084,1217.949,1219.408,1221.354,1222.327,1223.787,1225.733,1227.192,1223.787,1223.787,1222.327,1216.976,1210.651,1209.678,1206.759,1206.759,1206.759,1208.705,1207.246,1204.813,1201.408,1198.975,1199.948,1200.435,1201.895,1204.813,1203.354,1200.435,1201.408,1203.354,1201.408,1206.759,1208.705,1208.705,1205.786,1208.705,1206.759,1205.786,1205.786,1204.813,1202.867,1204.813,1206.759,1207.246,1210.651,1210.651,1208.219,1209.678,1211.138,1210.651,1212.111,1213.084,1214.543,1214.543,1213.57,1216.976,1219.408,1216.976,1216.976,1220.381,1219.408,1220.381,1222.327,1221.354,1220.381,1216.976,1214.543,1214.543,1214.543,1213.57,1216.003,1213.57,1213.57,1213.084,1213.084,1213.084,1216.976,1217.949,1218.435,1217.949,1216.003,1214.543,1214.543,1214.543,1216.003,1216.976,1217.949,1219.408,1222.327,1223.787,1223.787,1225.733,1222.327,1220.381,1214.543,1214.543,1212.111,1213.57,1211.138,1215.516,1211.138,1212.111,1209.678,1211.138,1209.678,1207.246,1208.219,1208.219,1206.759,1204.327,1208.219,1205.786,1204.813,1205.786,1207.246,1204.813,1203.354,1203.354,1203.354,1200.435,1200.435,1199.948,1197.759,1191.435,1191.435,1187.056,1186.327,1184.381,1000,1000,1000,1000,1000,1000,1000,1000,1120.954,1122.231,1121.623,1120.954,1121.258,1120.65,1119.495,1119.191,1119.191,1118.096,1116.515,1112.836,1109.339,1107.842,1108.237,1109.552,1114.204,1000,1000,1000,1000,1000,1000,1000,1000,1000,1000,1000,1000,1000,1000,1000,1000,1000,1000,1000,1000,1000,1000,1000,1000,1000,1000,1000,1000,1000,1000,1000,1000,1000,1000,1000,1000,1000,1000,1164.435,1165.894,1166.867,1165.894,1165.407,1000,1000,1000,1000,1000,1000,1000,1141.569,1139.38,1136.948,1000,1000,1000,1000,1000,1000,1000,1000,1000,1000,1000,1000,1000,1000,1000,1000,1000,1000,1000,1000,1000,1000,1000,1140.49,1250.057,1245.192,1239.841,1236.922,1000,1000,1000,1000,1000,1000,1000,1000,1000,1000,1000,1000,1000,1000,1000,1106.664,1105.569,1105.569,1000,1000,1000,1000,1000,1000,1000,1000,1000,1000,1000,1000,1000,1000,1000,1000,1000,1000,1000,1000,1000,1000,1000,1000,1000,1000,1000,1000,1000,1000,1000,1000,1000,1000,1000,1000,1000,1000,1000,1000,1000,1000,1000,1000,1000,1000,1000,1000,1000,1000,1000,1000,1000,1000,1000,1000,1000,1000,1000,1000,1000,1000,1000,1000,1000,1000,1000,1000,1000,1000,1000,1000,1000,1000,1000,1000,1000,1000,1000,1000,1000,1000,1000,1000,1000,1000,1000,1000,1000,1000,1000,1000,1000,1000,1000,1000,1000,1000,1000,1000,1000,1000,1000,1000,1000,1000,1000,1000,1000,1000,1000,1000,1000,1000,1000,1000,1000,1000,1000,1000,1000,1000,1000,1000
1000,1000,1000,1000,1000,1000,1000,1000,1000,1000,1000,1000,1000,1000,1000,1000,1000,1000,1000,1000,1000,1000,1000,1000,1000,1000,1000,1000,1000,1000,1000,1000,1000,1000,1000,1000,1000,1000,1000,1000,1000,1000,1000,1000,1000,1000,1000,1000,1000,1000,1000,1000,1000,1000,1000,1000,1000,1000,1000,1000,1000,1000,1000,1000,1000,1000,1000,1000,1000,1000,1000,1000,1000,1000,1000,1000,1000,1000,1000,1000,1000,1000,1000,1000,1000,1000,1000,1000,1000,1000,1000,1000,1000,1000,1000,1000,1000,1000,1000,1000,1000,1000,1000,1000,1000,1000,1000,1000,1000,1000,1000,1000,1000,1000,1000,1000,1000,1000,1000,1000,1000,1000,1000,1000,1000,1000,1000,1000,1000,1000,1000,1000,1000,1000,1000,1000,1000,1000,1000,1000,1000,1000,1000,1000,1000,1000,1000,1000,1000,1184.624,1185.354,1186.083,1191.192,1191.192,1197.03,1201.408,1205.3,1207.732,1215.03,1215.03,1218.435,1222.327,1223.3,1222.327,1228.165,1229.138,1232.057,1230.111,1236.922,1238.868,1238.868,1241.3,1247.138,1246.165,1248.111,1252.003,1000,1000,1000,1000,1000,1000,1000,1140.923,1140.809,1141.045,1141.395,1141.478,1141.813,1142.527,1143.379,1143.515,1143.789,1000,1000,1000,1000,1000,1000,1000,1000,1000,1000,1000,1000,1183.894,1185.354,1184.381,1183.894,1184.381,1189.246,1000,1000,1000,1000,1000,1000,1000,1000,1000,1000,1000,1000,1000,1000,1000,1000,1000,1000,1142.208,1142.755,1143.789,1145.552,1147.103,1150.083,1151.178,1152.272,1154.036,1153.124,1153.428,1152.82,1153.732,1154.705,1157.016,1159.934,1161.88,1164.313,1166.502,1171.245,1171.245,1177.57,1180.246,1182.192,1183.408,1188.273,1188.759,1192.894,1194.111,1196.3,1198.489,1201.895,1206.759,1213.084,1217.949,1216.003,1219.408,1220.381,1219.408,1219.408,1218.435,1217.949,1216.003,1211.138,1208.219,1207.246,1202.867,1197.03,1194.111,1191.435,1191.435,1190.948,1192.165,1192.894,1190.948,1188.759,1187.543,1188.273,1187.543,1190.948,1192.894,1192.165,1190.219,1190.219,1190.219,1188.759,1190.948,1192.165,1191.435,1191.435,1193.381,1193.381,1194.111,1192.894,1192.165,1190.219,1193.381,1195.57,1195.57,1197.03,1195.57,1194.111,1197.03,1198.489,1197.03,1199.948,1199.948,1200.435,1199.948,1200.435,1199.948,1202.867,1198.975,1201.895,1204.327,1205.786,1206.759,1207.246,1205.786,1204.327,1201.408,1201.895,1201.895,1201.408,1201.895,1204.327,1200.435,1200.435,1200.435,1200.435,1198.489,1201.895,1202.867,1203.354,1202.867,1202.867,1201.408,1201.895,1201.408,1199.948,1199.948,1199.948,1200.435,1203.354,1206.759,1206.759,1208.219,1206.759,1204.327,1200.435,1199.948,1198.975,1198.489,1195.57,1196.3,1195.57,1194.84,1194.84,1197.03,1197.03,1193.381,1196.3,1195.57,1194.111,1192.165,1197.759,1193.381,1193.381,1193.381,1194.111,1190.219,1190.219,1189.489,1190.948,1189.489,1190.948,1190.948,1189.489,1183.894,1183.408,1180.246,1177.57,1173.191,1175.381,1168.326,1165.164,1000,1000,1000,1000,1000,1000,1120.65,1119.738,1120.042,1120.346,1120.346,1118.887,1119.191,1120.042,1120.042,1117.001,1111.164,1107.332,1212.111,1204.813,1000,1000,1000,1000,1000,1152.576,1152.576,1152.576,1150.874,1151.421,1152.272,1154.948,1000,1154.948,1000,1000,1277.787,1000,1000,1000,1000,1000,1000,1000,1000,1148.38,1145.218,1143.941,1000,1000,1000,1000,1000,1000,1000,1000,1000,1000,1000,1000,1000,1160.543,1165.894,1162.975,1162.975,1160.543,1158.11,1000,1000,1000,1000,1136.948,1139.38,1138.164,1136.461,1133.056,1000,1000,1000,1000,1000,1000,1000,1000,1000,1000,1000,1000,1000,1000,1000,1000,1000,1000,1000,1000,1000,1000,1000,1238.868,1235.949,1227.192,1000,1000,1000,1000,1000,1000,1000,1000,1000,1000,1000,1000,1000,1000,1000,1000,1000,1000,1098.88,1000,1000,1000,1000,1000,1000,1000,1000,1000,1000,1000,1000,1000,1000,1000,1000,1000,1000,1000,1000,1000,1000,1000,1000,1000,1000,1000,1000,1000,1000,1000,1000,1000,1000,1000,1000,1000,1000,1000,1000,1000,1000,1000,1000,1000,1000,1000,1000,1000,1000,1000,1000,1000,1000,1000,1000,1000,1000,1000,1000,1000,1000,1000,1000,1000,1000,1000,1000,1000,1000,1000,1000,1000,1000,1000,1000,1000,1000,1000,1000,1000,1000,1000,1000,1000,1000,1000,1000,1000,1000,1000,1000,1000,1000,1000,1000,1000,1000,1000,1000,1000,1000,1000,1000,1000,1000,1000,1000,1000,1000,1000,1000,1000,1000,1000,1000,1000,1000,1000,1000,1000,1000,1000,1000
1000,1000,1000,1000,1000,1000,1000,1000,1000,1000,1000,1000,1000,1000,1000,1000,1000,1000,1000,1000,1000,1000,1000,1000,1000,1000,1000,1000,1000,1000,1000,1000,1000,1000,1000,1000,1000,1000,1000,1000,1000,1000,1000,1000,1000,1000,1000,1000,1000,1000,1000,1000,1000,1000,1000,1000,1000,1000,1000,1000,1000,1000,1000,1000,1000,1000,1000,1000,1000,1000,1000,1000,1000,1000,1000,1000,1000,1000,1000,1000,1000,1000,1000,1000,1000,1000,1000,1000,1000,1000,1000,1000,1000,1000,1000,1000,1000,1000,1000,1000,1000,1000,1000,1000,1000,1000,1000,1000,1000,1000,1000,1000,1000,1000,1000,1000,1000,1000,1000,1000,1000,1000,1000,1000,1000,1000,1000,1000,1000,1000,1136.036,1000,1000,1000,1000,1000,1000,1000,1000,1000,1000,1000,1000,1000,1000,1000,1000,1000,1000,1177.813,1178.543,1178.543,1181.219,1180.489,1186.813,1191.192,1193.138,1195.57,1201.895,1201.895,1203.84,1208.705,1212.111,1210.651,1215.516,1216.489,1215.516,1215.03,1220.381,1222.327,1222.327,1228.165,1233.03,1233.03,1234.976,1238.868,1000,1000,1000,1000,1000,1000,1000,1140.528,1140.49,1140.528,1140.923,1141.174,1141.478,1141.904,1142.314,1142.101,1000,1000,1000,1000,1000,1000,1163.948,1168.326,1170.759,1000,1000,1000,1000,1176.597,1181.948,1178.543,1182.921,1192.165,1000,1000,1000,1000,1000,1000,1000,1000,1000,1000,1000,1000,1000,1000,1000,1000,1141.813,1141.904,1141.904,1142.877,1143.12,1143.941,1145.218,1146.495,1148.624,1149.353,1149.353,1151.421,1150.63,1150.387,1149.84,1151.421,1150.63,1153.124,1155.921,1157.745,1159.934,1163.462,1169.786,1171.245,1175.381,1179.759,1181.462,1180.246,1187.543,1192.894,1197.759,1199.948,1202.867,1202.867,1205.786,1208.705,1213.084,1216.976,1216.003,1213.084,1210.651,1210.651,1207.246,1202.867,1199.948,1198.975,1191.435,1187.543,1184.381,1182.192,1178.543,1178.056,1175.867,1178.056,1179.273,1180.246,1180.975,1179.273,1178.056,1177.57,1175.867,1176.354,1178.543,1179.273,1178.543,1179.273,1178.543,1179.273,1178.543,1180.246,1180.246,1180.246,1179.273,1181.462,1182.678,1182.192,1182.678,1182.192,1180.975,1181.462,1183.408,1182.192,1183.408,1183.408,1182.192,1185.11,1184.381,1183.894,1187.056,1187.056,1187.056,1186.327,1188.273,1187.056,1188.273,1188.273,1190.948,1190.948,1191.435,1192.894,1193.381,1190.219,1189.489,1188.759,1190.219,1191.435,1190.948,1189.489,1190.219,1188.759,1187.543,1187.056,1188.273,1186.327,1188.273,1188.273,1189.489,1188.759,1189.489,1188.273,1188.759,1188.759,1187.543,1188.273,1188.273,1187.543,1189.489,1193.381,1192.894,1195.57,1194.84,1192.894,1190.219,1190.948,1188.273,1186.327,1184.381,1183.894,1182.192,1182.678,1182.678,1185.11,1185.84,1183.408,1183.894,1184.381,1182.678,1182.192,1185.84,1183.408,1181.462,1181.462,1182.192,1178.056,1177.083,1178.056,1178.543,1178.056,1179.759,1180.975,1180.975,1177.57,1177.083,1175.867,1173.678,1169.786,1171.245,1166.502,1163.097,1160.299,1000,1000,1000,1000,1000,1000,1000,1000,1118.096,1118.643,1116.272,1117.792,1120.346,1000,1000,1000,1000,1193.138,1182.921,1000,1000,1000,1000,1155.313,1153.732,1154.036,1153.428,1151.725,1151.968,1152.82,1155.313,1156.286,1157.745,1000,1000,1000,1000,1000,1000,1000,1000,1000,1148.38,1147.711,1146.495,1145.036,1144.093,1142.755,1000,1000,1000,1000,1000,1000,1000,1000,1000,1000,1000,1000,1154.705,1162.002,1160.543,1160.543,1159.57,1159.57,1000,1000,1000,1000,1136.948,1137.434,1136.461,1134.758,1133.056,1133.542,1000,1000,1000,1000,1000,1000,1000,1000,1000,1000,1000,1000,1000,1000,1000,1000,1000,1000,1000,1000,1000,1000,1000,1000,1000,1000,1000,1000,1000,1000,1000,1000,1000,1000,1000,1000,1000,1000,1000,1000,1000,1000,1000,1000,1000,1000,1000,1000,1000,1000,1000,1000,1000,1000,1000,1000,1000,1000,1000,1000,1000,1000,1000,1000,1000,1000,1000,1000,1000,1000,1000,1000,1000,1000,1000,1000,1000,1000,1000,1000,1000,1000,1000,1000,1000,1000,1000,1000,1000,1000,1000,1000,1000,1000,1000,1000,1000,1000,1000,1000,1000,1000,1000,1000,1000,1000,1000,1000,1000,1000,1000,1000,1000,1000,1000,1000,1000,1000,1000,1000,1000,1000,1000,1000,1000,1000,1000,1000,1000,1000,1000,1000,1000,1000,1000,1000,1000,1000,1000,1000,1000,1000,1000,1000,1000,1000,1000,1000,1000,1000,1000,1000,1000,1000,1000,1000,1000,1000,1000,1000,1000,1000,1000,1000,1000,1000,1000,1000
1000,1000,1000,1000,1000,1000,1000,1000,1000,1000,1000,1000,1000,1000,1000,1000,1000,1000,1000,1000,1000,1000,1000,1000,1000,1000,1000,1000,1000,1000,1000,1000,1000,1000,1000,1000,1000,1000,1000,1000,1000,1000,1000,1000,1000,1000,1000,1000,1000,1000,1000,1000,1000,1000,1000,1000,1000,1000,1000,1000,1000,1000,1000,1000,1000,1000,1000,1000,1000,1000,1000,1000,1000,1000,1000,1000,1000,1000,1000,1000,1000,1000,1000,1000,1000,1000,1000,1000,1000,1000,1000,1000,1000,1000,1000,1000,1000,1000,1000,1000,1000,1000,1000,1000,1000,1000,1000,1000,1000,1000,1000,1000,1000,1000,1000,1000,1000,1000,1000,1000,1000,1000,1000,1000,1000,1000,1000,1132.569,1134.424,1134.424,1135.002,1133.694,1000,1000,1000,1000,1000,1000,1000,1000,1000,1000,1000,1000,1000,1000,1000,1000,1000,1168.083,1168.57,1168.083,1171.002,1171.002,1176.597,1181.219,1183.894,1185.354,1191.678,1190.219,1191.678,1192.651,1195.57,1193.138,1197.03,1198.003,1200.435,1202.867,1208.705,1210.651,1211.138,1214.057,1218.435,1218.435,1223.3,1000,1000,1000,1000,1000,1000,1000,1000,1000,1247.138,1246.165,1140.414,1140.657,1140.703,1140.984,1000,1000,1000,1000,1000,1000,1000,1000,1158.597,1160.056,1160.543,1000,1000,1000,1000,1000,1000,1182.921,1191.192,1000,1000,1000,1000,1000,1000,1000,1000,1000,1000,1000,1000,1000,1143.789,1142.101,1141.395,1142.101,1142.314,1142.527,1142.634,1143.379,1143.242,1143.789,1144.093,1144.245,1145.218,1145.552,1145.552,1147.286,1147.286,1147.103,1147.286,1148.38,1147.711,1151.178,1154.705,1156.651,1159.205,1163.462,1168.813,1170.759,1174.408,1177.083,1176.354,1175.381,1179.273,1185.11,1191.435,1194.111,1197.03,1198.489,1201.895,1204.813,1208.219,1209.678,1205.786,1196.3,1190.948,1187.543,1186.327,1181.462,1179.273,1177.083,1173.678,1171.245,1168.326,1167.962,1166.502,1165.164,1164.313,1166.989,1167.962,1168.326,1169.299,1167.475,1168.326,1168.813,1167.962,1167.475,1170.272,1169.299,1167.475,1168.326,1167.475,1167.962,1167.962,1169.299,1169.786,1169.786,1169.299,1170.759,1170.272,1170.272,1171.732,1172.218,1170.272,1172.218,1173.678,1172.705,1173.191,1174.408,1171.732,1172.218,1172.705,1171.732,1173.678,1174.894,1175.867,1175.381,1176.354,1175.867,1176.354,1175.867,1179.759,1178.543,1179.273,1180.975,1181.462,1179.759,1180.975,1180.246,1180.975,1182.192,1180.975,1179.759,1180.975,1179.273,1178.543,1178.056,1178.543,1176.354,1175.867,1177.083,1176.354,1177.083,1178.056,1178.543,1178.543,1179.273,1178.056,1178.543,1177.57,1176.354,1177.57,1179.273,1179.273,1181.462,1180.975,1178.056,1177.083,1175.867,1175.381,1175.381,1175.381,1175.381,1173.678,1174.408,1174.408,1175.381,1176.354,1175.381,1174.408,1175.867,1173.191,1171.732,1173.678,1171.732,1171.732,1172.705,1172.218,1169.786,1169.299,1167.962,1168.813,1167.962,1168.813,1169.299,1170.759,1168.326,1169.299,1168.813,1167.475,1164.313,1165.651,1162.732,1159.57,1157.38,1000,1000,1000,1000,1000,1000,1000,1000,1000,1000,1000,1000,1000,1000,1000,1000,1000,1179.516,1171.732,1000,1000,1000,1000,1000,1150.63,1151.421,1150.874,1149.597,1150.083,1150.874,1151.178,1151.178,1151.178,1152.576,1000,1000,1000,1000,1000,1000,1146.677,1146.495,1146.1,1146.1,1145.552,1144.549,1143.789,1143.379,1000,1000,1000,1000,1000,1000,1000,1000,1000,1000,1000,1000,1000,1156.164,1157.137,1158.11,1158.11,1159.57,1154.705,1159.57,1000,1000,1137.434,1136.461,1134.758,1132.569,1130.38,1129.894,1000,1000,1000,1000,1000,1000,1000,1000,1000,1000,1000,1000,1000,1000,1000,1000,1000,1000,1000,1000,1000,1000,1000,1000,1000,1000,1000,1000,1000,1000,1000,1000,1000,1000,1000,1000,1000,1000,1000,1000,1000,1000,1000,1000,1000,1000,1099.184,1096.569,1000,1000,1000,1000,1000,1000,1000,1000,1000,1000,1000,1000,1000,1000,1000,1000,1000,1000,1000,1000,1000,1000,1000,1000,1000,1000,1000,1000,1000,1000,1000,1000,1000,1000,1000,1000,1000,1000,1000,1000,1000,1000,1000,1000,1000,1000,1000,1000,1000,1000,1000,1000,1000,1000,1000,1000,1000,1000,1000,1000,1000,1000,1000,1000,1000,1000,1000,1000,1000,1000,1000,1000,1000,1000,1000,1000,1000,1000,1000,1000,1000,1000,1000,1000,1000,1000,1000,1000,1000,1000,1000,1000,1000,1000,1000,1000,1000,1000,1000,1000,1000,1000,1000,1000,1000,1000,1000,1000,1000,1000,1000,1000,1000,1000,1000,1000,1000,1000,1000,1000
1000,1000,1000,1000,1000,1000,1000,1000,1000,1000,1000,1000,1000,1000,1000,1000,1000,1000,1000,1000,1000,1000,1000,1000,1000,1000,1000,1000,1000,1000,1000,1000,1000,1000,1000,1000,1000,1000,1000,1000,1000,1000,1000,1000,1000,1000,1000,1000,1000,1000,1000,1000,1000,1000,1000,1000,1000,1000,1000,1000,1000,1000,1000,1000,1000,1000,1000,1000,1000,1000,1000,1000,1000,1000,1000,1000,1000,1000,1000,1000,1000,1000,1000,1000,1000,1000,1000,1000,1000,1000,1000,1000,1000,1000,1000,1000,1000,1000,1000,1000,1000,1000,1000,1000,1000,1000,1000,1000,1000,1000,1000,1000,1000,1000,1000,1000,1000,1000,1000,1000,1000,1000,1000,1000,1130.745,1131.079,1131.839,1132.113,1133.177,1133.36,1133.877,1133.694,1134.059,1000,1000,1000,1000,1000,1000,1000,1000,1000,1000,1000,1000,1000,1000,1000,1000,1000,1153.975,1156.286,1159.57,1162.732,1168.57,1173.435,1175.381,1178.543,1183.165,1181.219,1181.219,1183.165,1183.165,1182.435,1185.354,1186.083,1188.273,1192.651,1197.03,1201.895,1204.327,1207.732,1210.651,1000,1000,1000,1000,1000,1000,1000,1000,1000,1000,1000,1000,1000,1000,1000,1000,1000,1000,1000,1000,1000,1000,1000,1000,1000,1000,1000,1000,1000,1000,1000,1000,1000,1000,1000,1000,1000,1000,1000,1000,1000,1000,1000,1000,1000,1000,1000,1000,1147.711,1144.549,1142.634,1141.554,1141.729,1141.638,1141.729,1142.101,1142.101,1142.01,1142.208,1142.527,1142.421,1143.12,1143.941,1143.941,1145.37,1145.37,1145.036,1144.853,1145.917,1146.495,1151.725,1157.38,1160.299,1164.313,1166.502,1169.299,1170.759,1173.678,1173.678,1174.408,1174.408,1177.083,1182.678,1187.543,1189.489,1190.219,1188.759,1189.489,1188.759,1187.056,1185.84,1179.273,1169.299,1165.651,1163.948,1163.948,1162.732,1161.516,1159.934,1159.934,1158.11,1156.651,1156.651,1157.38,1156.651,1156.651,1158.11,1159.205,1159.934,1159.934,1159.57,1160.664,1161.029,1160.299,1159.934,1161.516,1160.299,1159.934,1159.934,1159.934,1160.664,1161.029,1161.88,1162.732,1162.732,1161.88,1161.88,1162.245,1161.029,1162.245,1163.948,1162.732,1163.948,1166.137,1166.137,1166.502,1167.962,1166.502,1166.502,1164.799,1164.313,1166.137,1165.164,1166.137,1166.137,1166.989,1166.137,1167.475,1167.475,1169.299,1169.299,1169.786,1170.759,1172.218,1171.245,1171.245,1171.245,1171.245,1171.732,1171.245,1170.759,1170.759,1170.272,1169.786,1169.299,1169.786,1168.326,1167.962,1168.326,1167.475,1166.502,1167.962,1167.962,1168.813,1169.299,1169.299,1169.299,1169.786,1167.962,1170.272,1170.272,1169.299,1169.786,1170.759,1166.989,1166.502,1166.137,1165.164,1164.799,1165.651,1166.502,1165.651,1164.799,1165.164,1165.651,1164.799,1164.313,1164.313,1164.799,1163.462,1162.732,1163.948,1163.462,1163.948,1163.948,1164.313,1162.245,1161.88,1160.299,1161.88,1160.299,1161.516,1161.88,1163.462,1160.664,1162.245,1162.245,1161.029,1158.84,1161.516,1159.57,1157.745,1157.016,1156.651,1000,1000,1000,1000,1000,1000,1000,1000,1000,1000,1000,1000,1000,1000,1000,1000,1000,1164.435,1169.299,1000,1000,1000,1000,1146.921,1148.198,1147.955,1146.495,1147.529,1147.286,1147.955,1147.529,1147.955,1147.711,1148.624,1147.103,1146.921,1145.218,1144.397,1143.515,1143.941,1143.789,1143.652,1143.515,1142.998,1142.314,1141.729,1141.174,1000,1000,1000,1000,1140.186,1140.224,1140.338,1000,1000,1000,1000,1000,1000,1000,1152.272,1153.245,1155.678,1155.678,1153.245,1159.57,1000,1000,1136.461,1133.056,1132.083,1130.38,1127.948,1125.515,1000,1000,1000,1000,1000,1000,1000,1000,1000,1000,1000,1000,1000,1000,1000,1000,1000,1000,1000,1000,1000,1000,1000,1000,1000,1000,1000,1000,1000,1000,1000,1000,1000,1000,1000,1000,1000,1000,1000,1157.624,1157.137,1156.286,1000,1000,1000,1000,1099.427,1098.332,1095.17,1000,1000,1000,1000,1000,1000,1000,1000,1000,1000,1000,1000,1000,1000,1000,1000,1000,1000,1000,1000,1000,1000,1000,1000,1000,1000,1000,1000,1000,1000,1000,1000,1000,1000,1000,1000,1000,1000,1000,1000,1000,1000,1000,1000,1000,1000,1000,1000,1000,1000,1000,1000,1000,1000,1000,1000,1000,1000,1000,1000,1000,1000,1000,1000,1000,1000,1000,1000,1000,1000,1000,1000,1000,1000,1000,1000,1000,1000,1000,1000,1000,1000,1000,1000,1000,1000,1000,1000,1000,1000,1000,1000,1000,1000,1000,1000,1000,1000,1000,1000,1000,1000,1000,1000,1000,1000,1000,1000,1000,1000,1000,1000,1000,1000,1000,1000,1000,1000,1000
1000,1000,1000,1000,1000,1000,1000,1000,1000,1000,1000,1000,1000,1000,1000,1000,1000,1000,1000,1000,1000,1000,1000,1000,1000,1000,1000,1000,1000,1000,1000,1000,1000,1000,1000,1000,1000,1000,1000,1000,1000,1000,1000,1000,1000,1000,1000,1000,1000,1000,1000,1000,1000,1000,1000,1000,1000,1000,1000,1000,1000,1000,1000,1000,1000,1000,1000,1000,1000,1000,1000,1000,1000,1000,1000,1000,1000,1000,1000,1000,1000,1000,1000,1000,1000,1000,1000,1000,1000,1000,1000,1000,1000,1000,1000,1000,1000,1000,1000,1000,1000,1000,1000,1000,1000,1000,1000,1000,1000,1000,1000,1000,1000,1000,1000,1000,1000,1000,1000,1000,1000,1000,1000,1000,1000,1130.334,1131.079,1131.079,1131.444,1131.839,1131.839,1132.113,1133.025,1133.694,1135.245,1136.279,1136.279,1000,1000,1000,1000,1000,1000,1000,1000,1000,1000,1000,1000,1000,1146.434,1148.259,1151.056,1152.637,1157.624,1163.218,1164.678,1166.38,1172.705,1171.732,1172.705,1174.164,1176.597,1175.867,1178.543,1177.813,1179.273,1181.219,1184.624,1188.759,1191.678,1196.543,1000,1000,1000,1000,1000,1000,1000,1000,1000,1000,1000,1000,1000,1000,1000,1000,1000,1000,1000,1000,1000,1000,1000,1000,1000,1000,1000,1000,1000,1000,1000,1000,1000,1000,1000,1000,1000,1000,1199.462,1192.651,1189.732,1000,1000,1000,1000,1000,1145.37,1150.083,1150.083,1148.624,1145.552,1142.998,1141.478,1141.106,1140.862,1140.862,1141.106,1141.318,1141.174,1141.318,1141.638,1141.554,1141.813,1142.634,1143.12,1144.245,1144.853,1144.853,1145.036,1145.917,1147.711,1152.82,1160.664,1163.097,1166.502,1167.962,1168.326,1168.813,1171.245,1173.191,1173.191,1173.678,1175.381,1177.57,1177.57,1179.273,1177.083,1172.705,1170.272,1166.989,1162.732,1158.475,1153.428,1151.178,1150.387,1150.63,1152.272,1153.124,1151.968,1151.178,1151.725,1150.874,1150.387,1150.874,1151.421,1150.63,1150.63,1151.178,1151.968,1152.272,1152.82,1152.576,1153.124,1153.428,1152.82,1153.428,1154.34,1153.428,1153.428,1154.34,1153.732,1154.036,1154.34,1154.34,1154.705,1154.948,1154.948,1155.921,1157.016,1155.313,1156.286,1157.745,1156.651,1157.016,1158.84,1159.205,1158.475,1159.205,1158.475,1158.84,1157.745,1158.11,1159.934,1159.205,1159.205,1159.205,1159.934,1158.475,1158.84,1158.84,1160.664,1160.664,1161.88,1162.732,1164.313,1163.948,1163.097,1162.732,1163.462,1161.88,1163.462,1163.948,1163.462,1162.732,1162.732,1161.88,1161.516,1160.299,1159.205,1159.57,1158.11,1158.84,1159.57,1161.029,1160.299,1160.664,1159.57,1159.205,1158.84,1158.475,1159.57,1160.299,1160.299,1161.029,1162.245,1159.934,1159.934,1159.57,1159.205,1158.84,1160.299,1160.664,1159.934,1158.475,1158.475,1158.475,1158.11,1157.745,1157.745,1158.11,1157.745,1156.651,1157.745,1158.11,1157.745,1156.286,1156.286,1154.34,1154.036,1153.428,1154.705,1154.036,1155.313,1155.313,1155.921,1155.313,1156.651,1157.016,1155.921,1153.732,1155.921,1154.34,1153.732,1154.036,1154.948,1000,1000,1000,1000,1000,1000,1000,1000,1000,1000,1000,1000,1000,1000,1000,1000,1000,1000,1172.705,1180.975,1000,1000,1000,1143.652,1146.313,1146.313,1144.853,1145.37,1145.036,1144.245,1000,1000,1000,1143.12,1143.12,1142.877,1142.314,1142.101,1141.904,1141.813,1142.01,1141.813,1141.729,1141.395,1141.174,1140.756,1140.566,1000,1000,1245.192,1251.03,1140.11,1140.148,1251.03,1243.246,1242.273,1000,1000,1000,1000,1000,1140.84,1145.948,1149.353,1150.813,1148.867,1153.245,1162.002,1000,1000,1127.461,1127.461,1127.948,1126.002,1124.177,1000,1000,1000,1000,1000,1000,1000,1000,1000,1000,1000,1000,1000,1000,1000,1000,1000,1000,1000,1000,1000,1000,1000,1000,1000,1000,1000,1000,1000,1000,1000,1000,1000,1000,1000,1000,1000,1152.272,1151.786,1151.786,1151.056,1149.353,1152.272,1000,1000,1000,1097.846,1097.846,1096.326,1000,1000,1000,1000,1000,1000,1000,1000,1000,1000,1000,1000,1000,1000,1000,1000,1000,1000,1000,1000,1000,1000,1000,1000,1000,1000,1000,1000,1000,1000,1000,1000,1000,1000,1000,1000,1000,1000,1000,1000,1000,1000,1000,1000,1000,1000,1000,1000,1000,1000,1000,1000,1000,1000,1000,1000,1000,1000,1000,1000,1000,1000,1000,1000,1000,1000,1000,1000,1000,1000,1000,1000,1000,1000,1000,1000,1000,1000,1000,1000,1000,1000,1000,1000,1000,1000,1000,1000,1000,1000,1000,1000,1000,1000,1000,1000,1000,1000,1000,1000,1000,1000,1000,1000,1000,1000,1000,1000,1000,1000,1000,1000,1000,1000,1000,1000,1000,1000,1000
1000,1000,1000,1000,1000,1000,1000,1000,1000,1000,1000,1000,1000,1000,1000,1000,1000,1000,1000,1000,1000,1000,1000,1000,1000,1000,1000,1000,1000,1000,1000,1000,1000,1000,1000,1000,1000,1000,1000,1000,1000,1000,1000,1000,1000,1000,1000,1000,1000,1000,1000,1000,1000,1000,1000,1000,1000,1000,1000,1000,1000,1000,1000,1000,1000,1000,1000,1000,1000,1000,1000,1000,1000,1000,1000,1000,1000,1000,1000,1000,1000,1000,1000,1000,1000,1000,1000,1000,1000,1000,1000,1000,1000,1000,1000,1000,1000,1000,1000,1000,1000,1000,1000,1000,1000,1000,1000,1000,1000,1000,1000,1000,1000,1000,1000,1000,1000,1000,1000,1000,1000,1000,1000,1000,1000,1129.643,1129.962,1130.137,1130.334,1130.334,1130.639,1131.201,1131.976,1132.873,1134.637,1135.245,1136.036,1000,1000,1000,1000,1000,1000,1000,1000,1000,1000,1000,1000,1000,1141.752,1142.056,1000,1148.259,1000,1000,1000,1000,1165.407,1162.732,1165.894,1000,1171.002,1171.732,1173.435,1172.705,1172.705,1000,1178.543,1181.705,1000,1000,1000,1000,1000,1000,1000,1000,1000,1000,1000,1000,1000,1000,1000,1000,1000,1000,1000,1000,1000,1000,1000,1000,1000,1000,1000,1000,1000,1000,1000,1000,1000,1000,1170.516,1176.597,1000,1189.732,1198.003,1201.408,1205.3,1206.273,1202.867,1204.327,1222.327,1230.111,1140.148,1141.25,1144.397,1148.867,1148.38,1148.198,1146.1,1143.242,1141.729,1140.862,1140.528,1140.376,1140.528,1140.528,1140.657,1140.862,1141.174,1141.25,1141.813,1142.314,1142.877,1143.941,1144.245,1144.549,1145.552,1146.313,1148.867,1153.428,1159.934,1161.029,1164.799,1166.137,1167.962,1167.962,1170.272,1168.813,1165.164,1162.732,1159.57,1159.205,1000,1160.299,1157.745,1154.705,1152.272,1150.083,1147.711,1145.552,1144.093,1143.941,1144.093,1144.549,1146.1,1146.921,1145.917,1145.735,1146.1,1145.917,1145.917,1146.677,1147.103,1146.921,1147.286,1147.711,1147.711,1148.38,1148.38,1148.38,1148.624,1148.867,1148.38,1148.624,1148.867,1148.198,1148.38,1148.38,1148.38,1148.867,1148.867,1149.597,1150.63,1150.63,1149.84,1150.63,1150.874,1149.11,1149.597,1150.387,1150.083,1150.083,1151.725,1152.272,1151.968,1153.428,1152.272,1152.272,1151.725,1152.272,1152.82,1153.428,1153.428,1153.732,1154.34,1153.732,1153.732,1153.428,1154.705,1154.34,1154.705,1156.286,1157.38,1157.016,1156.286,1155.921,1155.313,1154.705,1155.313,1155.678,1155.313,1154.948,1155.313,1154.34,1154.036,1154.705,1153.732,1153.428,1152.82,1152.82,1152.576,1153.428,1152.82,1152.82,1152.82,1153.428,1153.732,1153.124,1154.036,1154.036,1154.036,1154.948,1154.948,1154.036,1153.428,1153.124,1152.576,1153.124,1153.732,1154.705,1153.732,1153.124,1152.82,1152.576,1152.576,1152.576,1151.968,1151.968,1151.725,1150.63,1150.63,1151.178,1150.63,1149.84,1150.387,1149.353,1149.11,1149.11,1150.083,1149.597,1150.63,1150.874,1151.968,1152.272,1153.428,1154.036,1153.732,1151.178,1151.968,1150.387,1149.84,1148.38,1148.867,1145.37,1143.515,1000,1000,1140.809,1000,1140.809,1000,1000,1000,1000,1000,1000,1000,1000,1000,1000,1169.299,1169.299,1173.191,1175.137,1000,1000,1000,1000,1145.036,1144.549,1000,1000,1000,1000,1140.528,1140.657,1141.106,1141.25,1141.318,1140.984,1140.862,1140.703,1140.566,1140.612,1140.566,1140.452,1140.262,1140.186,1246.165,1245.192,1237.895,1234.976,1234.976,1235.949,1234.976,1234.976,1229.138,1225.246,1225.246,1223.3,1219.408,1216.489,1000,1000,1000,1000,1139.623,1142.299,1143.759,1145.948,1148.867,1000,1000,1121.988,1123.326,1123.691,1122.839,1121.502,1000,1000,1000,1000,1000,1000,1000,1000,1000,1000,1000,1000,1000,1000,1000,1000,1000,1000,1000,1000,1000,1000,1000,1000,1000,1000,1000,1000,1000,1000,1000,1000,1000,1000,1000,1000,1000,1149.353,1149.84,1148.988,1148.624,1146.434,1147.894,1000,1000,1000,1000,1097.542,1097.055,1000,1000,1000,1000,1000,1000,1000,1000,1000,1000,1000,1000,1000,1000,1000,1000,1000,1000,1000,1000,1000,1000,1000,1000,1000,1000,1000,1000,1000,1000,1000,1000,1000,1000,1000,1000,1000,1000,1000,1000,1000,1000,1000,1000,1000,1000,1000,1000,1000,1000,1000,1000,1000,1000,1000,1000,1000,1000,1000,1000,1000,1000,1000,1000,1000,1000,1000,1000,1000,1000,1000,1000,1000,1000,1000,1000,1000,1000,1000,1000,1000,1000,1000,1000,1000,1000,1000,1000,1000,1000,1000,1000,1000,1000,1000,1000,1000,1000,1000,1000,1000,1000,1000,1000,1000,1000,1000,1000,1000,1000,1000,1000,1000,1000,1000,1000,1000,1000,1000
1000,1000,1000,1000,1000,1000,1000,1000,1000,1000,1000,1000,1000,1000,1000,1000,1000,1000,1000,1000,1000,1000,1000,1000,1000,1000,1000,1000,1000,1000,1000,1000,1000,1000,1000,1000,1000,1000,1000,1000,1000,1000,1000,1000,1000,1000,1000,1000,1000,1000,1000,1000,1000,1000,1000,1000,1000,1000,1000,1000,1000,1000,1000,1000,1000,1000,1000,1000,1000,1000,1000,1000,1000,1000,1000,1000,1000,1000,1000,1000,1000,1000,1000,1000,1000,1000,1000,1000,1000,1000,1000,1000,1000,1000,1000,1000,1000,1000,1000,1000,1000,1000,1000,1000,1000,1000,1000,1000,1000,1000,1000,1000,1000,1000,1000,1000,1000,1000,1000,1000,1000,1000,1000,1000,1000,1000,1128.852,1128.936,1128.936,1129.08,1129.369,1129.962,1130.532,1131.323,1132.873,1133.542,1133.877,1000,1000,1000,1000,1000,1000,1131.323,1132.721,1133.542,1000,1135.853,1000,1000,1000,1000,1000,1000,1000,1000,1000,1000,1000,1000,1000,1000,1000,1000,1000,1000,1163.218,1000,1000,1000,1000,1000,1000,1000,1000,1000,1000,1000,1000,1000,1000,1000,1000,1000,1000,1000,1000,1000,1000,1000,1000,1000,1000,1000,1000,1000,1000,1000,1000,1000,1000,1000,1169.299,1171.732,1176.597,1181.705,1185.354,1190.219,1194.111,1195.57,1196.543,1200.435,1200.435,1202.867,1215.03,1226.219,1238.868,1140.11,1140.984,1144.549,1145.036,1145.552,1144.853,1142.998,1141.478,1140.862,1140.528,1140.338,1140.528,1140.528,1140.49,1140.657,1140.923,1141.045,1141.729,1142.527,1142.998,1143.789,1144.397,1144.093,1145.37,1146.1,1149.11,1151.725,1157.016,1158.11,1160.299,1160.664,1160.664,1158.11,1157.016,1000,1000,1000,1000,1000,1000,1000,1145.036,1144.701,1143.515,1142.755,1142.421,1142.01,1141.554,1141.904,1142.208,1142.527,1143.12,1143.652,1142.877,1142.527,1142.877,1142.998,1142.998,1143.515,1143.941,1143.379,1143.652,1143.789,1144.245,1144.397,1144.549,1144.701,1144.701,1144.853,1144.853,1145.37,1145.552,1145.735,1145.552,1145.036,1144.701,1145.036,1144.701,1145.218,1146.1,1145.917,1145.37,1145.917,1145.917,1145.218,1145.218,1146.1,1145.735,1145.735,1146.921,1147.711,1146.921,1147.955,1147.955,1147.711,1148.198,1148.198,1148.624,1149.11,1149.11,1149.11,1149.597,1148.624,1148.867,1148.38,1148.867,1148.867,1149.597,1150.083,1151.725,1151.725,1150.387,1150.083,1149.353,1148.624,1149.353,1149.84,1149.353,1149.84,1150.387,1149.11,1149.11,1149.597,1149.11,1148.38,1148.198,1147.955,1147.711,1148.198,1147.955,1147.955,1148.198,1148.38,1148.38,1148.867,1149.353,1148.867,1149.11,1149.353,1148.38,1147.711,1147.955,1147.286,1147.103,1148.198,1149.11,1149.597,1149.597,1148.867,1148.38,1147.711,1147.711,1147.103,1147.103,1147.103,1147.529,1147.103,1147.103,1147.286,1147.286,1146.495,1146.495,1145.917,1145.735,1145.735,1146.677,1146.495,1147.286,1147.711,1147.711,1147.286,1148.198,1148.867,1149.11,1147.711,1147.711,1145.917,1145.37,1143.515,1000,1000,1142.208,1141.395,1141.395,1141.106,1141.395,1140.984,1140.657,1140.338,1000,1000,1000,1000,1000,1000,1000,1000,1000,1000,1170.272,1172.705,1000,1000,1000,1000,1000,1000,1000,1000,1000,1000,1252.976,1140.262,1140.566,1140.566,1140.612,1140.3,1140.186,1252.003,1250.057,1246.165,1245.192,1241.3,1239.841,1236.922,1232.057,1233.03,1231.084,1229.138,1229.138,1223.3,1222.327,1219.408,1215.516,1212.111,1213.084,1211.138,1208.705,1206.273,1000,1000,1000,1000,1000,1134.515,1136.218,1138.894,1140.353,1144.488,1000,1000,1116.029,1121.502,1121.988,1119.069,1118.704,1116.393,1111.893,1000,1109.157,1000,1000,1000,1000,1000,1166.867,1000,1000,1000,1000,1000,1000,1000,1000,1000,1000,1000,1000,1000,1000,1000,1000,1000,1000,1000,1000,1000,1000,1000,1000,1000,1000,1000,1000,1000,1000,1000,1000,1000,1000,1000,1000,1096.812,1095.839,1000,1000,1000,1000,1000,1000,1000,1000,1000,1000,1000,1000,1000,1000,1000,1000,1000,1000,1000,1000,1000,1000,1000,1000,1000,1000,1000,1000,1000,1000,1000,1000,1000,1000,1000,1000,1000,1000,1000,1000,1000,1000,1000,1000,1000,1000,1000,1000,1000,1000,1000,1000,1000,1000,1000,1000,1000,1000,1000,1000,1000,1000,1000,1000,1000,1000,1000,1000,1000,1000,1000,1000,1000,1000,1000,1000,1000,1000,1000,1000,1000,1000,1000,1000,1000,1000,1000,1000,1000,1000,1000,1000,1000,1000,1000,1000,1000,1000,1000,1000,1000,1000,1000,1000,1000,1000,1000,1000,1000,1000,1000,1000,1000,1000,1000,1000,1000,1000,1000
1000,1000,1000,1000,1000,1000,1000,1000,1000,1000,1000,1000,1000,1000,1000,1000,1000,1000,1000,1000,1000,1000,1000,1000,1000,1000,1000,1000,1000,1000,1000,1000,1000,1000,1000,1000,1000,1000,1000,1000,1000,1000,1000,1000,1000,1000,1000,1000,1000,1000,1000,1000,1000,1000,1000,1000,1000,1000,1000,1000,1000,1000,1000,1000,1000,1000,1000,1000,1000,1000,1000,1000,1000,1000,1000,1000,1000,1000,1000,1000,1000,1000,1000,1000,1000,1000,1000,1000,1000,1000,1000,1000,1000,1000,1000,1000,1000,1000,1000,1000,1000,1000,1000,1000,1000,1000,1000,1000,1000,1000,1000,1000,1000,1000,1000,1000,1000,1000,1000,1000,1000,1000,1000,1000,1000,1000,1128.434,1128.586,1128.624,1128.7,1128.814,1129.027,1129.247,1129.719,1130.745,1131.444,1000,1000,1000,1000,1000,1000,1000,1000,1000,1000,1000,1000,1000,1138.407,1000,1000,1000,1000,1000,1000,1000,1000,1000,1000,1000,1000,1000,1000,1000,1000,1000,1000,1000,1000,1000,1000,1000,1000,1000,1000,1000,1000,1000,1000,1000,1000,1000,1000,1000,1000,1000,1000,1000,1000,1000,1000,1000,1000,1000,1000,1000,1000,1000,1000,1168.083,1168.57,1172.218,1172.705,1176.597,1181.219,1183.894,1185.354,1188.273,1188.759,1188.759,1190.219,1192.651,1195.57,1201.895,1209.678,1217.462,1223.3,1234.976,1140.414,1141.318,1143.242,1143.789,1143.12,1141.318,1140.809,1140.338,1140.148,1140.376,1140.49,1140.528,1140.923,1141.318,1141.813,1142.755,1144.093,1144.549,1145.218,1144.853,1144.701,1145.37,1145.218,1147.286,1148.867,1150.874,1150.387,1150.63,1149.11,1000,1000,1000,1000,1000,1000,1140.923,1140.862,1140.809,1140.984,1140.984,1140.809,1140.756,1140.703,1140.703,1140.657,1140.566,1140.756,1140.809,1140.923,1141.25,1141.638,1141.318,1141.174,1141.478,1141.478,1141.318,1141.395,1141.638,1141.395,1141.395,1141.813,1142.314,1142.314,1142.421,1142.634,1142.421,1142.421,1142.527,1142.877,1142.755,1142.877,1142.877,1142.755,1142.527,1142.634,1142.634,1142.755,1142.998,1142.877,1142.634,1143.242,1143.379,1142.755,1142.755,1143.242,1143.242,1143.242,1144.093,1144.397,1143.941,1144.245,1143.941,1144.549,1144.853,1145.37,1145.37,1145.735,1145.218,1145.036,1145.036,1144.549,1145.036,1144.853,1145.036,1145.218,1145.917,1145.735,1146.677,1146.921,1145.917,1145.735,1144.853,1144.245,1144.549,1145.218,1145.036,1145.218,1145.917,1145.37,1144.853,1145.552,1145.552,1144.853,1144.853,1144.701,1144.245,1144.245,1144.245,1144.245,1144.701,1145.036,1145.218,1145.552,1145.735,1145.37,1145.735,1145.917,1145.036,1144.853,1145.036,1144.397,1144.245,1145.036,1145.37,1145.218,1145.552,1145.37,1145.036,1144.701,1144.701,1143.789,1144.093,1143.941,1144.245,1144.245,1144.397,1144.397,1144.245,1143.789,1143.515,1143.379,1143.12,1143.652,1143.789,1144.093,1145.036,1145.735,1145.552,1145.218,1145.552,1144.701,1143.941,1142.527,1142.314,1142.208,1142.208,1141.174,1141.638,1141.318,1141.045,1140.809,1140.809,1140.612,1140.862,1140.612,1140.376,1140.376,1140.376,1246.165,1000,1000,1000,1000,1000,1000,1000,1000,1000,1000,1000,1000,1000,1000,1000,1000,1000,1000,1000,1000,1241.3,1246.165,1250.057,1243.246,1246.165,1236.922,1234.976,1231.084,1229.138,1223.3,1223.3,1220.381,1219.408,1216.489,1214.057,1213.084,1211.138,1211.138,1212.111,1202.867,1207.732,1204.327,1201.408,1199.462,1201.408,1198.003,1198.975,1196.543,1198.975,1200.435,1207.732,1000,1000,1125.515,1129.65,1133.786,1136.218,1139.623,1141.569,1000,1000,1000,1000,1000,1116.029,1114.204,1110.92,1000,1109.461,1108.609,1000,1000,1000,1000,1000,1000,1165.894,1000,1000,1000,1000,1000,1000,1000,1000,1000,1000,1000,1000,1000,1000,1000,1000,1000,1000,1000,1000,1000,1000,1000,1000,1000,1000,1000,1000,1000,1000,1000,1000,1000,1000,1000,1093.559,1000,1000,1000,1000,1000,1000,1000,1000,1000,1000,1000,1000,1000,1000,1000,1000,1000,1000,1000,1000,1000,1000,1000,1000,1000,1000,1000,1000,1000,1000,1000,1000,1000,1000,1000,1000,1000,1000,1000,1000,1000,1000,1000,1000,1000,1000,1000,1000,1000,1000,1000,1000,1000,1000,1000,1000,1000,1000,1000,1000,1000,1000,1000,1000,1000,1000,1000,1000,1000,1000,1000,1000,1000,1000,1000,1000,1000,1000,1000,1000,1000,1000,1000,1000,1000,1000,1000,1000,1000,1000,1000,1000,1000,1000,1000,1000,1000,1000,1000,1000,1000,1000,1000,1000,1000,1000,1000,1000,1000,1000,1000,1000,1000,1000,1000,1000,1000,1000,1000
1000,1000,1000,1000,1000,1000,1000,1000,1000,1000,1000,1000,1000,1000,1000,1000,1000,1000,1000,1000,1000,1000,1000,1000,1000,1000,1000,1000,1000,1000,1000,1000,1000,1000,1000,1000,1000,1000,1000,1000,1000,1000,1000,1000,1000,1000,1000,1000,1000,1000,1000,1000,1000,1000,1000,1000,1000,1000,1000,1000,1000,1000,1000,1000,1000,1000,1000,1000,1000,1000,1000,1000,1000,1000,1000,1000,1000,1000,1000,1000,1000,1000,1000,1000,1000,1000,1000,1000,1000,1000,1000,1000,1000,1000,1000,1000,1000,1000,1000,1000,1000,1000,1000,1000,1000,1000,1000,1000,1000,1000,1000,1000,1000,1000,1000,1000,1000,1000,1000,1000,1000,1000,1000,1000,1000,1000,1000,1228.165,1228.165,1230.598,1233.516,1240.327,1128.662,1128.814,1000,1000,1000,1000,1000,1000,1000,1000,1000,1000,1000,1000,1000,1000,1000,1000,1000,1000,1000,1000,1000,1000,1000,1000,1000,1000,1000,1000,1000,1000,1000,1000,1000,1000,1000,1000,1000,1000,1000,1000,1000,1000,1000,1000,1000,1000,1000,1000,1000,1000,1000,1000,1000,1000,1000,1000,1000,1141.752,1000,1000,1000,1151.786,1154.461,1157.137,1162.732,1164.191,1165.894,1168.083,1170.516,1171.002,1175.381,1177.083,1178.543,1179.759,1180.489,1179.273,1180.489,1181.705,1182.435,1184.624,1188.273,1192.651,1197.03,1202.867,1213.084,1233.03,1251.03,1141.25,1141.904,1142.208,1140.984,1140.756,1140.262,1140.3,1140.376,1140.612,1140.612,1141.106,1141.554,1142.101,1142.755,1143.379,1143.652,1143.652,1142.755,1142.101,1142.527,1141.554,1141.638,1141.813,1000,1000,1000,1141.554,1000,1140.612,1140.452,1140.262,1239.841,1239.841,1241.3,1241.3,1243.246,1247.138,1248.111,1245.192,1247.138,1248.111,1248.111,1252.003,1252.003,1252.003,1252.976,1140.262,1140.3,1140.452,1140.338,1140.338,1140.376,1140.528,1140.528,1140.566,1140.612,1140.566,1140.566,1140.703,1140.984,1140.984,1141.045,1140.923,1140.756,1140.657,1140.809,1140.984,1140.984,1141.106,1141.25,1141.174,1141.045,1141.106,1140.984,1141.106,1141.25,1141.106,1141.106,1141.478,1141.395,1141.106,1141.174,1141.395,1141.395,1141.395,1141.729,1141.813,1141.638,1141.813,1141.904,1142.101,1142.314,1142.998,1142.998,1142.998,1142.755,1142.634,1142.634,1142.101,1142.314,1142.421,1142.314,1142.208,1142.755,1142.877,1143.12,1143.515,1143.379,1142.998,1142.527,1142.101,1142.101,1142.421,1142.101,1142.421,1142.998,1142.527,1142.101,1142.527,1142.421,1142.208,1142.527,1142.634,1142.208,1142.314,1142.314,1142.208,1142.421,1142.755,1142.634,1142.998,1142.998,1142.877,1142.877,1143.12,1142.527,1142.527,1142.755,1142.314,1142.314,1142.877,1143.242,1143.242,1143.242,1143.242,1142.877,1142.421,1142.527,1142.208,1142.101,1141.904,1142.101,1141.813,1142.101,1142.01,1142.101,1141.729,1141.554,1141.478,1141.478,1141.638,1141.813,1142.634,1143.242,1143.515,1143.789,1143.789,1142.755,1142.101,1141.478,1140.612,1140.376,1140.414,1140.414,1140.148,1140.262,1140.186,1140.186,1140.148,1140.186,1140.148,1140.376,1140.186,1252.003,1250.057,1250.057,1237.895,1233.03,1231.084,1225.246,1207.732,1191.192,1000,1000,1000,1000,1000,1000,1000,1000,1000,1000,1000,1000,1000,1000,1000,1000,1232.057,1235.949,1231.084,1234.003,1223.3,1220.381,1216.489,1212.111,1206.759,1207.732,1204.327,1205.3,1204.327,1201.895,1201.408,1201.895,1198.003,1197.03,1195.57,1199.462,1195.57,1193.138,1191.678,1190.219,1186.813,1187.3,1186.813,1187.3,1187.3,1188.759,1198.975,1000,1000,1121.866,1128.921,1131.353,1133.786,1135.731,1142.299,1000,1000,1000,1000,1000,1000,1110.008,1108.609,1108.366,1108.062,1000,1000,1000,1000,1000,1000,1000,1000,1000,1000,1000,1000,1143.029,1140.292,1000,1000,1000,1000,1000,1000,1000,1000,1000,1000,1000,1000,1000,1000,1000,1000,1000,1000,1000,1000,1000,1000,1000,1000,1000,1000,1000,1000,1000,1000,1000,1000,1000,1000,1000,1000,1000,1000,1000,1000,1000,1000,1000,1000,1000,1000,1000,1000,1000,1000,1000,1000,1000,1000,1000,1000,1000,1000,1000,1000,1000,1000,1000,1000,1000,1000,1000,1000,1000,1000,1000,1000,1000,1000,1000,1000,1000,1000,1000,1000,1000,1000,1000,1000,1000,1000,1000,1000,1000,1000,1000,1000,1000,1000,1000,1000,1000,1000,1000,1000,1000,1000,1000,1000,1000,1000,1000,1000,1000,1000,1000,1000,1000,1000,1000,1000,1000,1000,1000,1000,1000,1000,1000,1000,1000,1000,1000,1000,1000,1000,1000,1000,1000,1000,1000,1000,1000,1000,1000,1000,1000,1000,1000,1000,1000,1000,1000,1000
1000,1000,1000,1000,1000,1000,1000,1000,1000,1000,1000,1000,1000,1000,1000,1000,1000,1000,1000,1000,1000,1000,1000,1000,1000,1000,1000,1000,1000,1000,1000,1000,1000,1000,1000,1000,1000,1000,1000,1000,1000,1000,1000,1000,1000,1000,1000,1000,1000,1000,1000,1000,1000,1000,1000,1000,1000,1000,1000,1000,1000,1000,1000,1000,1000,1000,1000,1000,1000,1000,1000,1000,1000,1000,1000,1000,1000,1000,1000,1000,1000,1000,1000,1000,1000,1000,1000,1000,1000,1000,1000,1000,1000,1000,1000,1000,1000,1000,1000,1000,1000,1000,1000,1000,1000,1000,1000,1000,1000,1000,1000,1000,1000,1000,1000,1000,1000,1000,1000,1000,1000,1000,1000,1000,1000,1000,1000,1213.57,1214.543,1212.597,1215.516,1220.381,1000,1000,1000,1000,1165.894,1172.218,1000,1000,1000,1000,1000,1000,1000,1000,1000,1000,1000,1000,1000,1000,1000,1000,1000,1000,1000,1000,1000,1000,1000,1000,1000,1000,1000,1000,1000,1000,1000,1000,1000,1000,1000,1000,1000,1000,1000,1000,1000,1000,1000,1000,1000,1000,1000,1000,1000,1000,1134.637,1139.502,1141.752,1144.002,1146.069,1148.259,1147.529,1149.353,1151.056,1153.975,1157.624,1159.083,1161.516,1162.732,1163.705,1164.678,1168.57,1169.299,1170.516,1171.002,1171.002,1169.786,1169.786,1172.218,1172.705,1174.651,1177.083,1180.489,1180.489,1184.624,1187.3,1191.192,1203.84,1227.192,1239.841,1140.262,1140.148,1140.3,1252.976,1140.376,1140.414,1140.657,1140.756,1141.318,1141.478,1142.101,1142.527,1142.755,1142.314,1141.554,1140.49,1248.111,1243.246,1239.841,1241.3,1238.868,1000,1000,1236.922,1238.868,1236.922,1234.003,1229.138,1224.273,1213.084,1212.111,1215.03,1217.462,1220.381,1224.273,1227.192,1229.138,1233.03,1234.003,1234.003,1234.976,1233.03,1233.03,1233.03,1236.922,1237.895,1239.841,1237.895,1239.841,1241.3,1245.192,1247.138,1250.057,1248.111,1246.165,1246.165,1251.03,1140.148,1140.224,1140.262,1140.262,1140.11,1252.976,1140.148,1140.224,1140.262,1140.376,1140.3,1140.262,1140.262,1140.186,1140.186,1140.3,1140.262,1140.262,1140.224,1140.262,1140.3,1140.414,1140.528,1140.566,1140.528,1140.528,1140.612,1140.612,1140.657,1140.703,1140.809,1140.703,1140.862,1140.923,1140.923,1141.045,1141.045,1140.923,1140.862,1140.657,1140.756,1140.809,1140.809,1140.756,1140.923,1140.923,1141.106,1141.395,1141.395,1141.318,1140.984,1140.703,1140.657,1140.756,1140.703,1140.862,1141.045,1140.756,1140.703,1140.862,1140.923,1140.756,1141.106,1141.174,1141.045,1140.984,1141.045,1140.923,1141.045,1141.318,1141.478,1141.638,1141.729,1141.638,1141.478,1141.554,1141.174,1141.045,1141.106,1140.862,1140.756,1140.984,1141.045,1140.984,1140.984,1141.174,1141.045,1140.984,1140.923,1140.984,1140.809,1140.756,1140.862,1140.657,1140.703,1140.703,1140.703,1140.657,1140.612,1140.756,1140.703,1140.809,1140.984,1141.478,1141.813,1142.101,1142.314,1141.318,1140.703,1140.3,1252.003,1243.246,1244.219,1248.111,1246.165,1241.3,1242.273,1238.868,1236.922,1237.895,1238.868,1239.841,1245.192,1238.868,1236.922,1236.922,1235.949,1226.219,1224.273,1223.3,1218.435,1206.759,1201.408,1198.003,1000,1000,1000,1000,1000,1000,1000,1000,1000,1000,1000,1000,1000,1000,1000,1217.462,1226.219,1219.408,1223.3,1208.705,1203.84,1198.975,1197.03,1192.651,1194.111,1192.651,1195.084,1191.678,1191.678,1190.219,1190.219,1183.894,1181.705,1181.219,1186.813,1184.624,1182.435,1182.435,1180.489,1179.273,1177.813,1177.813,1177.083,1175.867,1174.651,1177.083,1191.678,1000,1113.596,1123.326,1126.731,1130.137,1130.867,1129.65,1000,1000,1000,1000,1000,1000,1000,1000,1000,1000,1000,1000,1000,1000,1000,1000,1000,1000,1000,1000,1000,1000,1000,1137.921,1136.279,1135.002,1000,1133.177,1000,1000,1000,1000,1000,1000,1000,1000,1000,1000,1000,1000,1000,1000,1000,1000,1000,1000,1000,1000,1000,1000,1000,1000,1000,1000,1000,1000,1000,1000,1000,1000,1000,1000,1000,1000,1000,1000,1000,1000,1000,1000,1000,1000,1000,1000,1000,1000,1000,1000,1000,1000,1000,1000,1000,1000,1000,1000,1000,1000,1000,1000,1000,1000,1000,1000,1000,1000,1000,1000,1000,1000,1000,1000,1000,1000,1000,1000,1000,1000,1000,1000,1000,1000,1000,1000,1000,1000,1000,1000,1000,1000,1000,1000,1000,1000,1000,1000,1000,1000,1000,1000,1000,1000,1000,1000,1000,1000,1000,1000,1000,1000,1000,1000,1000,1000,1000,1000,1000,1000,1000,1000,1000,1000,1000,1000,1000,1000,1000,1000,1000,1000,1000,1000,1000,1000,1000,1000,1000,1000,1000,1000,1000,1000
1000,1000,1000,1000,1000,1000,1000,1000,1000,1000,1000,1000,1000,1000,1000,1000,1000,1000,1000,1000,1000,1000,1000,1000,1000,1000,1000,1000,1000,1000,1000,1000,1000,1000,1000,1000,1000,1000,1000,1000,1000,1000,1000,1000,1000,1000,1000,1000,1000,1000,1000,1000,1000,1000,1000,1000,1000,1000,1000,1000,1000,1000,1000,1000,1000,1000,1000,1000,1000,1000,1000,1000,1000,1000,1000,1000,1000,1000,1000,1000,1000,1000,1000,1000,1000,1000,1000,1000,1000,1000,1000,1000,1000,1000,1000,1000,1000,1000,1000,1000,1000,1000,1000,1000,1000,1000,1000,1000,1000,1000,1000,1000,1000,1000,1000,1000,1000,1000,1000,1000,1000,1000,1000,1000,1000,1000,1000,1000,1000,1000,1000,1000,1000,1000,1168.813,1159.57,1162.002,1166.867,1174.164,1000,1000,1000,1000,1000,1000,1000,1000,1000,1000,1000,1000,1000,1000,1000,1000,1000,1000,1000,1000,1000,1000,1000,1000,1000,1000,1000,1000,1000,1000,1000,1000,1000,1000,1000,1000,1000,1000,1129.369,1000,1131.079,1000,1133.36,1133.694,1135.002,1135.427,1133.542,1134.819,1135.002,1136.036,1139.198,1141.752,1142.664,1144.61,1146.069,1144.61,1146.069,1147.164,1149.84,1152.637,1154.826,1155.313,1156.651,1157.137,1157.137,1159.083,1159.57,1161.516,1161.029,1160.543,1160.543,1160.543,1161.516,1162.002,1163.705,1164.191,1166.867,1164.191,1166.38,1166.38,1168.083,1000,1000,1000,1000,1000,1217.462,1219.408,1243.246,1252.003,1140.452,1140.528,1140.984,1140.923,1141.106,1140.984,1140.756,1252.003,1232.057,1220.381,1210.651,1205.3,1207.732,1210.651,1206.273,1205.3,1206.759,1206.759,1208.705,1210.651,1209.678,1208.705,1208.705,1202.867,1203.84,1203.84,1206.273,1207.732,1210.651,1211.138,1213.084,1215.03,1215.516,1215.03,1217.462,1215.03,1215.516,1217.462,1221.354,1221.354,1224.273,1221.354,1222.327,1222.327,1227.192,1227.192,1228.165,1228.165,1227.192,1225.246,1228.165,1233.03,1234.976,1237.895,1236.922,1233.03,1233.03,1234.976,1237.895,1238.868,1243.246,1239.841,1239.841,1237.895,1235.949,1235.949,1236.922,1236.922,1234.003,1235.949,1237.895,1241.3,1250.057,1252.976,1252.003,1250.057,1248.111,1247.138,1247.138,1250.057,1252.976,1140.11,1140.11,1140.148,1140.148,1140.186,1140.186,1140.148,1252.976,1252.003,1247.138,1251.03,1252.976,1252.003,1251.03,1140.11,1251.03,1252.003,1140.262,1140.224,1140.262,1140.224,1252.976,1251.03,1140.11,1251.03,1252.003,1140.186,1140.186,1140.148,1140.224,1140.186,1252.976,1140.186,1140.186,1140.186,1140.414,1140.376,1140.376,1140.376,1140.49,1140.49,1140.566,1140.612,1140.657,1140.612,1140.566,1140.414,1140.262,1140.224,1252.976,1252.976,1140.148,1140.224,1140.186,1140.224,1140.262,1140.224,1252.976,1140.186,1140.11,1252.976,1251.03,1252.976,1252.003,1140.148,1140.186,1140.224,1140.3,1140.186,1140.3,1140.224,1140.262,1140.224,1140.452,1140.262,1140.262,1140.148,1238.868,1229.138,1229.138,1225.246,1223.3,1226.219,1232.057,1228.165,1226.219,1224.273,1223.3,1222.327,1221.354,1221.354,1223.3,1226.219,1220.381,1222.327,1223.3,1224.273,1216.489,1214.057,1212.111,1207.732,1201.895,1197.03,1198.003,1186.813,1000,1000,1000,1000,1000,1000,1000,1000,1000,1000,1000,1000,1000,1000,1000,1000,1197.03,1205.3,1192.651,1190.219,1186.813,1187.3,1183.894,1186.083,1186.813,1189.732,1186.083,1186.813,1182.435,1179.759,1000,1172.705,1175.381,1181.219,1177.813,1174.651,1171.732,1169.299,1168.083,1168.57,1169.299,1169.299,1165.894,1165.407,1164.678,1169.299,1000,1000,1117.731,1123.326,1126.002,1126.731,1125.515,1119.191,1000,1000,1000,1000,1000,1000,1000,1000,1000,1000,1000,1000,1000,1000,1000,1000,1000,1000,1000,1000,1000,1000,1000,1134.424,1132.569,1132.417,1130.958,1131.323,1000,1000,1000,1000,1000,1000,1000,1000,1000,1000,1000,1000,1000,1000,1000,1000,1000,1000,1000,1000,1000,1000,1000,1000,1000,1000,1000,1000,1000,1000,1000,1000,1000,1000,1000,1000,1000,1000,1000,1000,1000,1000,1000,1000,1000,1000,1000,1000,1000,1000,1000,1000,1000,1000,1000,1000,1000,1000,1000,1000,1000,1000,1000,1000,1000,1000,1000,1000,1000,1000,1000,1000,1000,1000,1000,1000,1000,1000,1000,1000,1000,1000,1000,1000,1000,1000,1000,1000,1000,1000,1000,1000,1000,1000,1000,1000,1000,1000,1000,1000,1000,1000,1000,1000,1000,1000,1000,1000,1000,1000,1000,1000,1000,1000,1000,1000,1000,1000,1000,1000,1000,1000,1000,1000,1000,1000,1000,1000,1000,1000,1000,1000,1000,1000,1000,1000,1000,1000,1000,1000,1000,1000,1000
1000,1000,1000,1000,1000,1000,1000,1000,1000,1000,1000,1000,1000,1000,1000,1000,1000,1000,1000,1000,1000,1000,1000,1000,1000,1000,1000,1000,1000,1000,1000,1000,1000,1000,1000,1000,1000,1000,1000,1000,1000,1000,1000,1000,1000,1000,1000,1000,1000,1000,1000,1000,1000,1000,1000,1000,1000,1000,1000,1000,1000,1000,1000,1000,1000,1000,1000,1000,1000,1000,1000,1000,1000,1000,1000,1000,1000,1000,1000,1000,1000,1000,1000,1000,1000,1000,1000,1000,1000,1000,1000,1000,1000,1000,1000,1000,1000,1000,1000,1000,1000,1000,1000,1000,1000,1000,1000,1000,1000,1000,1000,1000,1000,1000,1000,1000,1000,1000,1000,1000,1000,1000,1000,1000,1000,1000,1000,1000,1000,1000,1000,1000,1000,1176.597,1156.164,1154.218,1157.137,1164.435,1169.786,1000,1000,1000,1000,1000,1000,1000,1000,1000,1000,1000,1000,1000,1000,1000,1000,1000,1000,1000,1000,1000,1000,1000,1000,1000,1000,1000,1000,1000,1000,1000,1217.462,1234.49,1128.738,1128.89,1129.247,1130.053,1130.137,1130.228,1130.532,1131.323,1131.444,1131.839,1132.417,1133.025,1133.542,1133.877,1135.002,1134.637,1135.61,1137.677,1139.745,1140.596,1142.056,1143.272,1142.36,1141.752,1141.752,1144.002,1144.975,1146.434,1147.894,1149.84,1150.205,1150.569,1152.272,1151.786,1153.124,1151.786,1151.786,1151.421,1153.124,1153.124,1154.461,1154.826,1000,1000,1000,1000,1000,1000,1000,1000,1000,1000,1000,1000,1000,1192.651,1206.273,1223.3,1231.084,1242.273,1245.192,1247.138,1238.868,1226.219,1206.273,1193.138,1188.759,1184.624,1181.705,1183.165,1183.894,1182.435,1183.165,1186.813,1188.273,1190.219,1192.651,1194.111,1194.111,1194.111,1190.219,1191.678,1191.192,1190.219,1189.732,1193.138,1194.111,1195.57,1198.975,1200.435,1201.408,1200.435,1200.435,1199.462,1201.408,1203.84,1204.327,1207.732,1205.3,1206.759,1206.759,1211.138,1209.678,1213.084,1212.111,1210.651,1209.678,1214.057,1217.462,1219.408,1220.381,1219.408,1217.462,1217.462,1218.435,1221.354,1222.327,1226.219,1223.3,1221.354,1218.435,1218.435,1218.435,1218.435,1219.408,1218.435,1219.408,1223.3,1227.192,1233.03,1236.922,1235.949,1234.003,1232.057,1230.111,1229.138,1232.057,1233.03,1234.003,1233.03,1234.976,1232.057,1235.949,1233.03,1234.976,1234.976,1233.03,1232.057,1233.03,1234.003,1231.084,1231.084,1234.003,1232.057,1233.03,1237.895,1238.868,1237.895,1237.895,1235.949,1235.949,1236.922,1235.949,1235.949,1236.922,1235.949,1235.949,1237.895,1235.949,1234.976,1235.949,1237.895,1236.922,1239.841,1244.219,1242.273,1241.3,1242.273,1239.841,1243.246,1244.219,1245.192,1244.219,1242.273,1238.868,1238.868,1236.922,1235.949,1237.895,1235.949,1236.922,1236.922,1236.922,1235.949,1237.895,1234.976,1238.868,1238.868,1237.895,1234.976,1236.922,1234.976,1235.949,1237.895,1241.3,1244.219,1242.273,1248.111,1243.246,1244.219,1239.841,1239.841,1228.165,1226.219,1220.381,1214.057,1210.651,1213.084,1211.138,1211.138,1213.084,1215.516,1214.057,1214.057,1212.111,1211.138,1210.651,1207.732,1206.759,1206.759,1206.759,1203.84,1207.732,1207.732,1206.273,1203.84,1200.435,1198.975,1195.57,1193.138,1191.678,1192.651,1185.354,1179.759,1000,1000,1000,1000,1000,1000,1000,1000,1000,1000,1000,1000,1000,1000,1000,1000,1000,1177.813,1178.543,1175.867,1177.083,1175.867,1178.543,1178.543,1179.273,1175.381,1175.381,1170.516,1166.867,1161.516,1161.516,1160.056,1165.407,1165.407,1161.516,1160.056,1158.597,1159.083,1159.57,1161.029,1160.056,1157.137,1155.799,1154.826,1154.826,1160.543,1000,1000,1000,1122.353,1122.839,1121.137,1116.758,1000,1000,1000,1000,1000,1000,1000,1000,1000,1000,1000,1000,1000,1000,1000,1000,1000,1000,1000,1000,1000,1000,1000,1000,1132.265,1131.323,1130.532,1130.137,1000,1000,1000,1000,1000,1000,1000,1000,1000,1000,1000,1000,1000,1000,1000,1000,1000,1000,1000,1000,1000,1000,1000,1000,1000,1000,1000,1000,1000,1000,1000,1000,1000,1000,1000,1000,1000,1000,1000,1000,1000,1000,1000,1000,1000,1000,1000,1000,1000,1000,1000,1000,1000,1000,1000,1000,1000,1000,1000,1000,1000,1000,1000,1000,1000,1000,1000,1000,1000,1000,1000,1000,1000,1000,1000,1000,1000,1000,1000,1000,1000,1000,1000,1000,1000,1000,1000,1000,1000,1000,1000,1000,1000,1000,1000,1000,1000,1000,1000,1000,1000,1000,1000,1000,1000,1000,1000,1000,1000,1000,1000,1000,1000,1000,1000,1000,1000,1000,1000,1000,1000,1000,1000,1000,1000,1000,1000,1000,1000,1000,1000,1000,1000,1000,1000,1000,1000,1000,1000,1000,1000,1000,1000
1000,1000,1000,1000,1000,1000,1000,1000,1000,1000,1000,1000,1000,1000,1000,1000,1000,1000,1000,1000,1000,1000,1000,1000,1000,1000,1000,1000,1000,1000,1000,1000,1000,1000,1000,1000,1000,1000,1000,1000,1000,1000,1000,1000,1000,1000,1000,1000,1000,1000,1000,1000,1000,1000,1000,1000,1000,1000,1000,1000,1000,1000,1000,1000,1000,1000,1000,1000,1000,1000,1000,1000,1000,1000,1000,1000,1000,1000,1000,1000,1000,1000,1000,1000,1000,1000,1000,1000,1000,1000,1000,1000,1000,1000,1000,1000,1000,1000,1000,1000,1000,1000,1000,1000,1000,1000,1000,1000,1000,1000,1000,1000,1000,1000,1000,1000,1000,1000,1000,1000,1000,1000,1000,1000,1000,1000,1000,1000,1000,1000,1000,1000,1155.678,1154.705,1145.218,1148.867,1153.245,1161.029,1163.462,1180.489,1000,1000,1000,1000,1000,1000,1000,1000,1000,1000,1000,1000,1000,1000,1000,1000,1000,1000,1000,1000,1000,1000,1000,1000,1000,1000,1211.624,1220.381,1226.219,1238.381,1128.472,1128.548,1128.936,1129.08,1129.43,1129.719,1129.962,1129.962,1130.228,1130.228,1130.532,1130.532,1131.201,1131.323,1132.113,1132.265,1133.542,1132.873,1133.36,1134.819,1136.522,1136.948,1138.164,1138.711,1137.677,1136.704,1136.036,1136.704,1000,1000,1000,1000,1140.596,1141.448,1142.664,1142.664,1143.637,1143.637,1143.272,1143.637,1145.34,1144.61,1000,1000,1000,1000,1000,1000,1000,1000,1000,1107.18,1107.294,1000,1107.621,1000,1000,1000,1000,1000,1000,1188.759,1195.084,1198.975,1191.192,1179.759,1171.002,1167.597,1166.867,1166.38,1166.867,1168.57,1169.299,1170.516,1172.218,1174.164,1175.867,1178.543,1180.489,1181.219,1180.489,1180.489,1179.273,1179.273,1179.273,1179.273,1179.273,1180.489,1181.705,1182.435,1185.354,1185.354,1188.273,1186.813,1187.3,1187.3,1188.759,1190.219,1189.732,1189.732,1188.273,1191.192,1189.732,1194.111,1195.084,1197.03,1195.084,1197.03,1197.03,1199.462,1201.408,1203.84,1203.84,1206.273,1207.732,1205.3,1206.273,1208.705,1207.732,1208.705,1206.273,1203.84,1201.408,1201.408,1200.435,1201.895,1204.327,1206.273,1206.759,1209.678,1215.03,1219.408,1221.354,1219.408,1216.489,1212.111,1211.138,1210.651,1213.084,1214.057,1216.489,1217.462,1215.03,1217.462,1218.435,1220.381,1220.381,1221.354,1220.381,1219.408,1220.381,1219.408,1216.489,1215.516,1216.489,1216.489,1216.489,1217.462,1220.381,1220.381,1217.462,1218.435,1221.354,1219.408,1217.462,1218.435,1218.435,1215.516,1216.489,1219.408,1217.462,1216.489,1217.462,1221.354,1220.381,1223.3,1226.219,1225.246,1221.354,1220.381,1218.435,1219.408,1222.327,1226.219,1223.3,1223.3,1221.354,1221.354,1220.381,1220.381,1221.354,1221.354,1223.3,1222.327,1219.408,1217.462,1219.408,1215.516,1217.462,1221.354,1222.327,1218.435,1222.327,1221.354,1221.354,1225.246,1225.246,1226.219,1224.273,1226.219,1216.489,1218.435,1209.678,1208.705,1201.408,1200.435,1200.435,1200.435,1198.975,1200.435,1200.435,1201.408,1201.895,1202.867,1201.408,1201.895,1199.462,1199.462,1197.03,1196.543,1195.57,1196.543,1196.543,1192.651,1195.084,1192.651,1189.732,1186.813,1186.083,1184.624,1183.165,1182.435,1181.705,1181.705,1175.381,1173.435,1169.786,1165.894,1000,1000,1000,1000,1000,1000,1000,1000,1000,1000,1000,1000,1000,1000,1000,1000,1000,1169.299,1171.002,1170.516,1172.705,1171.732,1171.002,1167.597,1165.894,1162.002,1159.57,1153.975,1154.461,1151.421,1153.124,1152.637,1150.569,1149.84,1149.84,1149.84,1149.84,1152.272,1150.569,1149.84,1148.988,1148.259,1147.164,1147.529,1000,1000,1112.258,1116.758,1119.191,1118.218,1115.42,1110.555,1000,1000,1000,1000,1133.694,1000,1000,1000,1000,1000,1000,1000,1000,1000,1000,1000,1000,1000,1000,1000,1000,1000,1000,1000,1000,1129.498,1000,1000,1000,1000,1000,1218.435,1212.597,1205.786,1000,1000,1000,1000,1000,1000,1000,1000,1000,1000,1000,1000,1000,1000,1000,1000,1000,1000,1000,1000,1000,1000,1000,1000,1000,1000,1000,1000,1000,1000,1000,1000,1000,1000,1000,1000,1000,1000,1000,1000,1000,1000,1000,1000,1000,1000,1000,1000,1000,1000,1000,1000,1000,1000,1000,1000,1000,1000,1000,1000,1000,1000,1000,1000,1000,1000,1000,1000,1000,1000,1000,1000,1000,1000,1000,1000,1000,1000,1000,1000,1000,1000,1000,1000,1000,1000,1000,1000,1000,1000,1000,1000,1000,1000,1000,1000,1000,1000,1000,1000,1000,1000,1000,1000,1000,1000,1000,1000,1000,1000,1000,1000,1000,1000,1000,1000,1000,1000,1000,1000,1000,1000,1000,1000,1000,1000,1000,1000,1000,1000,1000,1000,1000,1000,1000,1000
1000,1000,1000,1000,1000,1000,1000,1000,1000,1000,1000,1000,1000,1000,1000,1000,1000,1000,1000,1000,1000,1000,1000,1000,1000,1000,1000,1000,1000,1000,1000,1000,1000,1000,1000,1000,1000,1000,1000,1000,1000,1000,1000,1000,1000,1000,1000,1000,1000,1000,1000,1000,1000,1000,1000,1000,1000,1000,1000,1000,1000,1000,1000,1000,1000,1000,1000,1000,1000,1000,1000,1000,1000,1000,1000,1000,1000,1000,1000,1000,1000,1000,1000,1000,1000,1000,1000,1000,1000,1000,1000,1000,1000,1000,1000,1000,1000,1000,1000,1000,1000,1000,1000,1000,1000,1000,1000,1000,1000,1000,1000,1000,1000,1000,1000,1000,1000,1000,1000,1000,1000,1000,1000,1000,1000,1000,1000,1000,1000,1000,1000,1000,1142.299,1145.218,1141.569,1146.434,1150.813,1156.164,1159.57,1169.786,1000,1000,1000,1000,1000,1000,1000,1000,1000,1000,1000,1000,1000,1000,1000,1000,1000,1000,1000,1000,1183.408,1188.759,1193.624,1205.786,1209.678,1213.57,1219.408,1224.273,1230.598,1235.463,1238.381,1241.3,1128.7,1128.776,1129.133,1129.308,1129.369,1129.369,1129.498,1129.498,1129.574,1129.643,1129.962,1130.137,1130.137,1130.532,1130.958,1130.334,1130.532,1131.566,1132.721,1133.025,1133.694,1133.877,1132.721,1131.976,1000,1000,1000,1000,1000,1000,1000,1000,1000,1000,1000,1000,1000,1000,1000,1000,1000,1000,1000,1000,1202.867,1197.03,1196.057,1196.057,1198.003,1203.84,1207.732,1211.138,1213.084,1218.922,1107.066,1107.294,1000,1000,1000,1000,1000,1162.732,1161.029,1158.11,1156.651,1156.651,1157.624,1158.597,1159.57,1161.029,1160.543,1161.516,1163.218,1165.407,1166.38,1168.083,1168.57,1168.083,1168.083,1169.299,1169.299,1169.299,1169.299,1169.786,1168.57,1168.083,1170.516,1172.218,1172.705,1173.435,1174.651,1174.651,1175.381,1175.867,1177.813,1178.543,1179.273,1179.759,1177.083,1178.543,1178.543,1179.273,1179.759,1182.435,1180.489,1183.165,1182.435,1184.624,1186.083,1189.732,1188.759,1189.732,1191.678,1191.678,1191.678,1194.111,1195.57,1193.138,1191.678,1190.219,1188.273,1188.273,1186.813,1189.732,1189.732,1191.678,1191.678,1195.084,1198.975,1202.867,1204.327,1201.895,1200.435,1198.003,1196.543,1195.084,1197.03,1198.975,1200.435,1201.895,1200.435,1201.895,1202.867,1203.84,1205.3,1206.273,1205.3,1204.327,1205.3,1202.867,1202.867,1202.867,1203.84,1202.867,1203.84,1204.327,1204.327,1201.895,1201.408,1203.84,1204.327,1204.327,1203.84,1201.895,1200.435,1198.975,1201.408,1202.867,1203.84,1202.867,1202.867,1205.3,1206.273,1207.732,1209.678,1207.732,1203.84,1203.84,1202.867,1201.895,1202.867,1206.273,1204.327,1206.273,1206.273,1206.759,1206.759,1206.273,1205.3,1206.759,1205.3,1205.3,1204.327,1203.84,1204.327,1203.84,1203.84,1206.273,1207.732,1206.273,1210.651,1211.138,1208.705,1210.651,1206.273,1206.759,1205.3,1207.732,1198.975,1200.435,1193.138,1192.651,1187.3,1187.3,1187.3,1186.813,1186.083,1187.3,1189.732,1188.759,1190.219,1191.192,1189.732,1188.273,1186.813,1186.813,1184.624,1183.894,1183.165,1183.894,1183.165,1181.705,1183.165,1181.705,1179.273,1175.867,1174.651,1175.381,1172.705,1173.435,1173.435,1174.164,1168.57,1168.57,1165.407,1162.002,1156.651,1154.826,1151.421,1149.84,1148.624,1144.61,1140.292,1000,1000,1000,1000,1000,1000,1000,1000,1000,1000,1000,1000,1163.705,1164.678,1000,1163.218,1158.597,1157.624,1154.461,1152.272,1148.624,1148.624,1144.61,1142.36,1142.664,1142.664,1142.36,1143.272,1144.002,1143.272,1144.002,1143.029,1142.056,1141.752,1140.9,1141.144,1140.292,1141.752,1000,1000,1113.109,1114.934,1114.934,1113.109,1110.191,1000,1000,1000,1135.853,1133.36,1130.745,1129.878,1129.308,1128.51,1000,1000,1000,1000,1000,1000,1000,1000,1000,1000,1000,1000,1000,1000,1000,1000,1000,1000,1000,1000,1000,1208.705,1197.03,1196.057,1191.192,1183.408,1185.354,1000,1000,1000,1000,1000,1000,1000,1000,1000,1000,1000,1000,1000,1000,1000,1000,1000,1000,1000,1000,1000,1000,1000,1000,1000,1000,1000,1000,1000,1000,1000,1000,1000,1000,1000,1000,1000,1000,1000,1000,1000,1000,1000,1000,1000,1000,1000,1000,1000,1000,1000,1000,1000,1000,1000,1000,1000,1000,1000,1000,1000,1000,1000,1000,1000,1000,1000,1000,1000,1000,1000,1000,1000,1000,1000,1000,1000,1000,1000,1000,1000,1000,1000,1000,1000,1000,1000,1000,1000,1000,1000,1000,1000,1000,1000,1000,1000,1000,1000,1000,1000,1000,1000,1000,1000,1000,1000,1000,1000,1000,1000,1000,1000,1000,1000,1000,1000,1000,1000,1000,1000,1000,1000,1000,1000,1000,1000,1000,1000,1000,1000,1000,1000,1000
1000,1000,1000,1000,1000,1000,1000,1000,1000,1000,1000,1000,1000,1000,1000,1000,1000,1000,1000,1000,1000,1000,1000,1000,1000,1000,1000,1000,1000,1000,1000,1000,1000,1000,1000,1000,1000,1000,1000,1000,1000,1000,1000,1000,1000,1000,1000,1000,1000,1000,1000,1000,1000,1000,1000,1000,1000,1000,1000,1000,1000,1000,1000,1000,1000,1000,1000,1000,1000,1000,1000,1000,1000,1000,1000,1000,1000,1000,1000,1000,1000,1000,1000,1000,1000,1000,1000,1000,1000,1000,1000,1000,1000,1000,1000,1000,1000,1000,1000,1000,1000,1000,1000,1000,1000,1000,1000,1000,1000,1000,1000,1000,1000,1000,1000,1000,1000,1000,1000,1000,1000,1000,1000,1000,1000,1000,1000,1000,1000,1000,1000,1133.786,1135.731,1135.731,1135.731,1139.623,1147.407,1151.786,1158.11,1000,1000,1000,1000,1000,1000,1000,1000,1000,1000,1000,1000,1000,1164.921,1000,1000,1000,1000,1174.408,1000,1182.435,1188.759,1195.084,1198.003,1207.732,1209.678,1213.57,1217.462,1223.3,1224.273,1229.625,1232.543,1234.49,1241.3,1128.586,1128.738,1128.814,1128.776,1128.814,1128.814,1128.852,1128.738,1128.814,1128.89,1129.027,1129.08,1129.498,1130.053,1129.962,1129.719,1130.334,1130.958,1130.639,1130.334,1000,1000,1000,1000,1000,1000,1000,1000,1000,1000,1000,1000,1000,1000,1000,1000,1000,1000,1000,1000,1196.057,1192.165,1190.219,1186.327,1183.894,1184.381,1185.354,1185.354,1194.111,1196.057,1198.975,1199.948,1205.786,1205.786,1212.111,1219.895,1107.218,1000,1000,1000,1000,1000,1148.988,1150.569,1151.056,1151.056,1151.421,1152.637,1152.637,1153.124,1154.826,1156.286,1157.624,1157.624,1159.57,1157.137,1157.137,1157.137,1158.11,1159.57,1161.029,1162.732,1162.002,1161.516,1161.029,1162.002,1162.732,1164.191,1163.218,1164.678,1165.407,1166.867,1167.597,1169.786,1169.786,1169.786,1169.786,1167.597,1169.299,1170.516,1170.516,1169.786,1172.218,1171.002,1172.705,1172.705,1175.381,1174.651,1177.813,1176.597,1179.759,1181.705,1179.759,1177.813,1179.273,1181.219,1180.489,1181.219,1181.219,1179.273,1179.273,1178.543,1177.083,1177.083,1180.489,1180.489,1183.894,1187.3,1188.759,1188.759,1186.083,1183.165,1181.219,1180.489,1179.759,1181.219,1181.705,1184.624,1187.3,1187.3,1189.732,1190.219,1191.192,1190.219,1191.192,1189.732,1189.732,1191.678,1191.192,1191.192,1191.192,1190.219,1189.732,1189.732,1188.759,1187.3,1186.813,1188.273,1190.219,1191.192,1191.192,1191.192,1189.732,1188.273,1186.813,1188.759,1189.732,1189.732,1190.219,1190.219,1191.678,1191.678,1192.651,1195.084,1192.651,1191.192,1187.3,1188.759,1187.3,1188.273,1191.192,1192.651,1191.192,1191.678,1191.678,1192.651,1190.219,1191.192,1190.219,1191.192,1190.219,1193.138,1190.219,1192.651,1193.138,1193.138,1192.651,1198.003,1195.084,1199.462,1197.03,1194.111,1191.192,1188.759,1184.624,1185.354,1185.354,1182.435,1183.165,1179.759,1176.597,1175.381,1174.164,1176.597,1175.381,1177.083,1178.543,1180.489,1177.083,1179.759,1177.083,1175.867,1174.651,1174.651,1175.381,1175.867,1174.651,1174.651,1174.164,1172.705,1172.705,1174.164,1171.732,1169.786,1166.38,1165.894,1164.678,1164.191,1165.407,1165.894,1165.407,1162.732,1161.516,1159.57,1155.799,1153.488,1151.786,1149.84,1147.894,1148.988,1145.705,1142.664,1139.502,1000,1000,1000,1000,1000,1000,1000,1000,1000,1000,1000,1000,1000,1000,1151.056,1147.894,1148.624,1145.34,1144.975,1141.144,1000,1137.921,1136.279,1136.279,1137.677,1136.948,1137.921,1138.407,1138.164,1137.677,1137.677,1136.704,1136.704,1136.279,1136.522,1135.427,1135.853,1000,1000,1110.555,1113.109,1113.961,1113.109,1111.407,1108.123,1000,1000,1000,1132.417,1130.228,1129.574,1129.027,1128.7,1000,1000,1000,1000,1000,1000,1000,1000,1000,1000,1000,1000,1000,1000,1000,1000,1000,1000,1000,1000,1000,1000,1000,1182.435,1178.056,1173.678,1000,1000,1000,1000,1000,1000,1000,1000,1000,1000,1000,1000,1000,1000,1000,1000,1000,1000,1000,1000,1000,1000,1000,1000,1000,1000,1000,1000,1000,1000,1000,1000,1000,1000,1000,1000,1000,1000,1000,1000,1000,1000,1000,1000,1000,1000,1000,1000,1000,1000,1000,1000,1000,1000,1000,1000,1000,1000,1000,1000,1000,1000,1000,1000,1000,1000,1000,1000,1000,1000,1000,1000,1000,1000,1000,1000,1000,1000,1000,1000,1000,1000,1000,1000,1000,1000,1000,1000,1000,1000,1000,1000,1000,1000,1000,1000,1000,1000,1000,1000,1000,1000,1000,1000,1000,1000,1000,1000,1000,1000,1000,1000,1000,1000,1000,1000,1000,1000,1000,1000,1000,1000,1000,1000,1000,1000,1000,1000,1000,1000,1000,1000,1000,1000,1000
1000,1000,1000,1000,1000,1000,1000,1000,1000,1000,1000,1000,1000,1000,1000,1000,1000,1000,1000,1000,1000,1000,1000,1000,1000,1000,1000,1000,1000,1000,1000,1000,1000,1000,1000,1000,1000,1000,1000,1000,1000,1000,1000,1000,1000,1000,1000,1000,1000,1000,1000,1000,1000,1000,1000,1000,1000,1000,1000,1000,1000,1000,1000,1000,1000,1000,1000,1000,1000,1000,1000,1000,1000,1000,1000,1000,1000,1000,1000,1000,1000,1000,1000,1000,1000,1000,1000,1000,1000,1000,1000,1000,1000,1000,1000,1000,1000,1000,1000,1000,1000,1000,1000,1000,1000,1000,1000,1000,1000,1000,1000,1000,1000,1000,1000,1000,1000,1000,1000,1000,1000,1000,1000,1000,1000,1000,1000,1000,1000,1000,1000,1000,1138.894,1137.677,1138.407,1000,1000,1000,1000,1000,1000,1000,1000,1000,1000,1000,1000,1000,1140.596,1145.948,1151.542,1000,1164.921,1166.867,1168.083,1170.759,1168.813,1170.759,1170.759,1175.624,1180.975,1187.3,1191.192,1202.381,1205.786,1209.678,1212.597,1215.516,1216.489,1218.435,1220.381,1222.327,1229.625,1233.516,1239.354,1241.3,1240.327,1236.435,1234.49,1233.516,1231.571,1234.49,1238.381,1241.3,1241.3,1128.586,1128.7,1128.624,1128.662,1129.08,1129.369,1129.308,1129.027,1000,1000,1000,1000,1150.569,1150.083,1154.218,1153.488,1158.597,1161.516,1166.867,1000,1000,1000,1000,1000,1000,1000,1180.002,1180.002,1177.57,1177.57,1175.624,1173.191,1174.164,1175.137,1175.624,1178.543,1184.381,1185.354,1189.246,1191.192,1194.111,1196.057,1202.867,1207.732,1214.057,1220.868,1107.18,1000,1000,1000,1000,1143.637,1144.245,1144.61,1144.975,1146.434,1146.069,1146.069,1147.529,1148.624,1148.624,1148.624,1149.84,1148.624,1147.529,1148.259,1149.353,1151.056,1151.786,1152.637,1153.488,1153.124,1152.637,1153.488,1154.461,1154.826,1155.313,1157.624,1159.083,1159.57,1160.056,1160.056,1159.083,1159.57,1159.083,1158.597,1159.083,1159.083,1160.056,1160.056,1162.732,1161.516,1164.191,1163.218,1165.407,1165.407,1168.083,1166.38,1166.867,1169.786,1168.57,1166.38,1167.597,1169.786,1167.597,1169.299,1169.786,1168.083,1169.786,1169.299,1168.083,1169.299,1171.732,1171.732,1174.651,1177.813,1176.597,1176.597,1175.381,1173.435,1172.705,1173.435,1172.705,1173.435,1173.435,1173.435,1177.083,1177.083,1178.543,1179.273,1179.759,1177.083,1176.597,1175.381,1177.083,1177.813,1176.597,1179.273,1179.273,1179.273,1179.759,1180.489,1178.543,1178.543,1176.597,1175.867,1176.597,1179.759,1179.273,1177.813,1177.083,1177.083,1172.218,1172.705,1175.381,1177.813,1175.867,1177.813,1177.813,1179.273,1179.759,1178.543,1178.543,1177.813,1176.597,1177.083,1177.083,1177.813,1178.543,1179.273,1178.543,1179.273,1179.759,1181.219,1179.759,1179.273,1179.273,1180.489,1179.759,1182.435,1181.219,1183.165,1183.165,1182.435,1182.435,1188.759,1186.813,1188.273,1181.219,1172.705,1165.407,1163.705,1162.732,1167.597,1170.516,1169.299,1171.732,1169.299,1165.407,1165.407,1165.407,1166.867,1166.867,1169.299,1169.299,1171.002,1168.083,1169.786,1167.597,1167.597,1166.38,1166.38,1165.407,1164.678,1164.678,1164.678,1164.678,1164.191,1164.678,1164.678,1162.002,1160.543,1158.11,1158.11,1157.624,1157.624,1158.11,1159.083,1158.11,1155.799,1155.313,1153.488,1151.056,1149.84,1149.353,1148.259,1146.434,1147.894,1145.34,1142.36,1139.502,1136.704,1131.703,1000,1000,1000,1000,1000,1000,1000,1000,1000,1000,1000,1000,1000,1000,1000,1136.948,1138.954,1136.036,1000,1000,1133.694,1134.059,1135.427,1134.819,1135.245,1135.245,1134.637,1133.542,1133.177,1132.721,1132.721,1132.265,1132.873,1132.113,1131.839,1131.839,1000,1000,1110.191,1111.772,1111.772,1110.92,1109.339,1107.758,1000,1000,1131.839,1129.719,1129.133,1128.624,1241.3,1234.49,1231.571,1224.273,1000,1197.03,1000,1000,1000,1000,1000,1000,1000,1000,1000,1000,1000,1000,1000,1000,1000,1000,1000,1000,1000,1000,1000,1000,1000,1000,1000,1000,1000,1000,1000,1000,1000,1000,1000,1000,1000,1000,1000,1000,1000,1000,1000,1000,1000,1000,1000,1000,1000,1000,1000,1000,1000,1000,1000,1000,1000,1000,1000,1000,1000,1000,1000,1000,1000,1000,1000,1000,1000,1000,1000,1000,1000,1000,1000,1000,1000,1000,1000,1000,1000,1000,1000,1000,1000,1000,1000,1000,1000,1000,1000,1000,1000,1000,1000,1000,1000,1000,1000,1000,1000,1000,1000,1000,1000,1000,1000,1000,1000,1000,1000,1000,1000,1000,1000,1000,1000,1000,1000,1000,1000,1000,1000,1000,1000,1000,1000,1000,1000,1000,1000,1000,1000,1000,1000,1000,1000,1000,1000,1000,1000,1000,1000,1000,1000,1000,1000,1000,1000,1000,1000,1000,1000,1000,1000,1000,1000,1000
1000,1000,1000,1000,1000,1000,1000,1000,1000,1000,1000,1000,1000,1000,1000,1000,1000,1000,1000,1000,1000,1000,1000,1000,1000,1000,1000,1000,1000,1000,1000,1000,1000,1000,1000,1000,1000,1000,1000,1000,1000,1000,1000,1000,1000,1000,1000,1000,1000,1000,1000,1000,1000,1000,1000,1000,1000,1000,1000,1000,1000,1000,1000,1000,1000,1000,1000,1000,1000,1000,1000,1000,1000,1000,1000,1000,1000,1000,1000,1000,1000,1000,1000,1000,1000,1000,1000,1000,1000,1000,1000,1000,1000,1000,1000,1000,1000,1000,1000,1000,1000,1000,1000,1000,1000,1000,1000,1000,1000,1000,1000,1000,1000,1000,1000,1000,1000,1000,1000,1000,1000,1000,1000,1000,1000,1000,1000,1000,1000,1000,1000,1000,1000,1000,1000,1000,1000,1000,1000,1000,1000,1000,1132.569,1132.934,1139.38,1139.745,1140.596,1141.448,1148.38,1149.353,1155.191,1161.759,1166.137,1166.867,1170.029,1170.759,1169.543,1169.543,1171.489,1173.678,1178.056,1183.408,1187.3,1192.651,1195.084,1197.03,1199.462,1202.381,1203.354,1203.84,1207.732,1209.678,1214.543,1218.435,1222.327,1222.327,1221.354,1220.381,1218.435,1219.408,1223.3,1225.246,1229.625,1230.598,1230.598,1232.543,1234.49,1233.516,1235.463,1128.586,1128.7,1128.51,1000,1000,1000,1000,1138.65,1139.38,1139.867,1143.515,1143.515,1145.461,1148.624,1154.218,1156.164,1162.002,1000,1000,1166.867,1165.407,1163.948,1163.948,1162.002,1163.948,1164.435,1164.435,1164.435,1165.894,1166.867,1169.299,1172.705,1177.57,1180.002,1183.894,1184.381,1186.327,1186.327,1192.165,1195.084,1201.895,1207.732,1212.111,1218.922,1000,1000,1000,1000,1139.198,1139.745,1140.596,1141.752,1141.448,1141.144,1142.36,1143.029,1142.36,1143.029,1144.975,1143.272,1142.664,1143.029,1143.272,1143.272,1145.705,1146.069,1147.164,1146.069,1146.434,1146.799,1147.529,1147.894,1149.353,1149.84,1150.569,1151.421,1151.056,1151.786,1150.205,1151.056,1150.205,1150.205,1151.056,1152.637,1153.124,1153.488,1155.799,1154.826,1157.137,1156.286,1157.137,1155.799,1157.624,1157.137,1159.57,1161.029,1158.597,1157.624,1159.57,1161.029,1160.056,1161.516,1162.002,1161.029,1162.002,1162.732,1161.029,1160.543,1162.002,1161.516,1162.732,1163.705,1164.191,1164.678,1164.191,1163.705,1163.218,1163.218,1162.732,1163.218,1163.705,1164.678,1167.597,1168.083,1168.57,1167.597,1168.083,1165.894,1165.407,1165.407,1167.597,1168.57,1169.299,1171.732,1172.218,1171.002,1170.516,1169.786,1167.597,1167.597,1166.867,1166.38,1166.867,1168.57,1168.083,1166.867,1166.38,1166.38,1164.191,1165.894,1166.867,1169.299,1168.57,1169.786,1167.597,1169.299,1168.57,1168.083,1168.083,1168.083,1166.867,1166.867,1167.597,1168.083,1169.299,1170.516,1169.786,1168.57,1169.786,1170.516,1168.57,1168.083,1170.516,1171.732,1171.002,1172.705,1172.218,1173.435,1172.218,1169.786,1168.57,1171.732,1168.083,1168.083,1163.218,1160.056,1157.137,1154.826,1155.799,1158.11,1160.543,1160.056,1162.002,1160.056,1159.57,1160.056,1159.57,1161.029,1160.543,1160.543,1160.056,1161.029,1159.083,1160.056,1159.083,1158.597,1156.651,1156.651,1156.286,1155.313,1155.799,1155.799,1156.286,1155.799,1156.651,1156.651,1155.799,1153.975,1151.786,1150.569,1149.84,1149.353,1150.205,1150.205,1150.569,1148.988,1148.988,1147.894,1146.434,1145.34,1144.61,1143.029,1141.752,1143.029,1140.9,1138.954,1137.921,1135.427,1131.839,1130.958,1130.958,1130.639,1000,1000,1000,1000,1000,1000,1000,1000,1000,1000,1000,1000,1000,1000,1000,1000,1000,1000,1130.745,1132.417,1132.417,1132.569,1132.417,1131.839,1130.958,1130.745,1130.426,1130.426,1130.334,1130.745,1130.228,1129.962,1129.878,1000,1000,1108.123,1110.555,1110.555,1110.555,1110.191,1109.339,1107.393,1000,1000,1000,1128.434,1231.571,1226.219,1224.273,1220.381,1215.516,1209.678,1196.057,1181.462,1000,1000,1000,1000,1000,1000,1000,1000,1000,1000,1000,1000,1000,1000,1000,1000,1000,1000,1000,1000,1000,1000,1000,1000,1000,1000,1000,1000,1000,1000,1000,1000,1000,1000,1000,1000,1000,1000,1000,1000,1000,1000,1000,1000,1000,1000,1000,1000,1000,1000,1000,1000,1000,1000,1000,1000,1000,1000,1000,1000,1000,1000,1000,1000,1000,1000,1000,1000,1000,1000,1000,1000,1000,1000,1000,1000,1000,1000,1000,1000,1000,1000,1000,1000,1000,1000,1000,1000,1000,1000,1000,1000,1000,1000,1000,1000,1000,1000,1000,1000,1000,1000,1000,1000,1000,1000,1000,1000,1000,1000,1000,1000,1000,1000,1000,1000,1000,1000,1000,1000,1000,1000,1000,1000,1000,1000,1000,1000,1000,1000,1000,1000,1000,1000,1000,1000,1000,1000,1000,1000,1000,1000,1000,1000,1000,1000,1000,1000,1000,1000,1000,1000,1000,1000,1000
1000,1000,1000,1000,1000,1000,1000,1000,1000,1000,1000,1000,1000,1000,1000,1000,1000,1000,1000,1000,1000,1000,1000,1000,1000,1000,1000,1000,1000,1000,1000,1000,1000,1000,1000,1000,1000,1000,1000,1000,1000,1000,1000,1000,1000,1000,1000,1000,1000,1000,1000,1000,1000,1000,1000,1000,1000,1000,1000,1000,1000,1000,1000,1000,1000,1000,1000,1000,1000,1000,1000,1000,1000,1000,1000,1000,1000,1000,1000,1000,1000,1000,1000,1000,1000,1000,1000,1000,1000,1000,1000,1000,1000,1000,1000,1000,1000,1000,1000,1000,1000,1000,1000,1000,1000,1000,1000,1000,1000,1000,1000,1000,1000,1000,1000,1000,1000,1000,1000,1000,1000,1000,1000,1000,1000,1000,1000,1000,1000,1000,1000,1000,1000,1000,1000,1000,1000,1123.752,1000,1128.921,1128.616,1132.569,1136.218,1136.218,1140.596,1142.786,1143.151,1143.637,1149.353,1152.029,1155.921,1159.326,1162.489,1162.489,1162.975,1164.191,1162.975,1162.489,1162.975,1165.407,1167.597,1172.218,1175.624,1180.002,1183.408,1185.354,1185.354,1187.786,1187.786,1187.3,1190.219,1195.084,1199.462,1204.813,1207.732,1209.678,1207.732,1207.732,1205.786,1207.732,1207.732,1209.678,1212.597,1213.57,1214.543,1216.489,1218.435,1218.435,1217.462,1223.3,1228.165,1223.3,1000,1000,1133.056,1129.894,1130.38,1132.569,1134.272,1138.164,1139.867,1141.083,1144.245,1146.677,1148.137,1151.299,1153.488,1152.759,1152.759,1152.759,1152.759,1154.948,1155.678,1157.137,1158.597,1160.543,1159.083,1160.543,1160.543,1162.002,1164.435,1167.84,1173.191,1175.624,1174.164,1176.597,1176.597,1179.516,1185.354,1185.354,1189.246,1196.057,1198.975,1205.786,1000,1000,1000,1000,1136.279,1136.522,1136.948,1136.522,1136.522,1137.191,1137.921,1137.921,1138.407,1138.711,1138.164,1137.677,1137.921,1137.921,1139.198,1140.049,1140.292,1141.144,1140.9,1140.9,1141.144,1141.752,1140.9,1143.272,1144.245,1143.637,1145.705,1145.34,1145.705,1144.61,1144.975,1144.61,1145.705,1145.34,1146.799,1146.069,1146.799,1148.259,1147.894,1149.353,1149.84,1149.353,1148.988,1149.84,1149.84,1149.353,1151.421,1150.569,1149.353,1150.569,1152.272,1151.056,1152.637,1154.826,1154.826,1154.826,1155.313,1154.461,1152.272,1152.637,1151.421,1152.637,1153.488,1154.826,1155.313,1155.313,1155.313,1155.799,1155.799,1155.799,1155.799,1155.313,1155.313,1157.624,1157.624,1158.11,1158.11,1156.651,1156.286,1156.651,1155.799,1158.597,1157.624,1158.11,1159.57,1160.543,1160.056,1160.056,1160.056,1158.597,1159.083,1158.11,1159.083,1160.056,1161.029,1160.056,1159.083,1158.11,1158.11,1156.286,1158.11,1159.083,1160.056,1160.543,1161.029,1159.57,1159.57,1159.083,1159.57,1159.57,1160.543,1160.056,1159.57,1160.543,1160.543,1160.543,1160.543,1160.543,1159.57,1161.029,1162.002,1161.029,1160.543,1162.002,1161.029,1161.516,1164.191,1165.407,1165.407,1163.705,1161.516,1158.11,1157.624,1156.651,1155.313,1152.272,1152.637,1151.056,1150.205,1151.056,1152.637,1153.124,1153.124,1154.461,1153.124,1152.637,1152.272,1152.637,1153.124,1152.272,1152.637,1152.272,1152.637,1151.421,1151.786,1151.421,1150.569,1149.353,1149.84,1150.205,1148.259,1148.259,1147.894,1148.259,1147.894,1148.988,1149.84,1149.353,1147.894,1146.799,1144.61,1143.029,1143.637,1144.245,1144.61,1144.975,1144.245,1143.637,1142.056,1140.9,1140.9,1140.292,1138.954,1138.164,1138.954,1137.434,1136.279,1135.002,1133.36,1131.201,1130.532,1130.426,1130.532,1130.228,1130.639,1000,1000,1000,1000,1000,1000,1000,1000,1000,1000,1000,1000,1000,1000,1000,1000,1128.852,1130.137,1130.532,1130.532,1130.745,1130.334,1129.719,1129.369,1129.187,1129.027,1128.981,1129.027,1128.89,1128.738,1128.586,1000,1000,1000,1110.555,1109.704,1109.339,1109.339,1108.488,1107.758,1106.664,1000,1000,1000,1213.57,1211.624,1206.759,1203.84,1199.462,1192.165,1180.975,1172.948,1000,1000,1000,1000,1000,1000,1000,1000,1000,1000,1000,1000,1154.218,1150.813,1000,1000,1000,1000,1000,1000,1000,1000,1000,1000,1000,1000,1000,1000,1000,1000,1000,1000,1000,1000,1000,1000,1000,1000,1000,1000,1000,1000,1000,1000,1000,1000,1000,1000,1000,1000,1000,1000,1000,1000,1000,1000,1000,1000,1000,1000,1000,1000,1000,1000,1000,1000,1000,1000,1000,1000,1000,1000,1000,1000,1000,1000,1000,1000,1000,1000,1000,1000,1000,1000,1000,1000,1000,1000,1000,1000,1000,1000,1000,1000,1000,1000,1000,1000,1000,1000,1000,1000,1000,1000,1000,1000,1000,1000,1000,1000,1000,1000,1000,1000,1000,1000,1000,1000,1000,1000,1000,1000,1000,1000,1000,1000,1000,1000,1000,1000,1000,1000,1000,1000,1000,1000,1000,1000,1000,1000,1000,1000,1000,1000,1000,1000,1000,1000,1000,1000,1000,1000,1000,1000,1000
1000,1000,1000,1000,1000,1000,1000,1000,1000,1000,1000,1000,1000,1000,1000,1000,1000,1000,1000,1000,1000,1000,1000,1000,1000,1000,1000,1000,1000,1000,1000,1000,1000,1000,1000,1000,1000,1000,1000,1000,1000,1000,1000,1000,1000,1000,1000,1000,1000,1000,1000,1000,1000,1000,1000,1000,1000,1000,1000,1000,1000,1000,1000,1000,1000,1000,1000,1000,1000,1000,1000,1000,1000,1000,1000,1000,1000,1000,1000,1000,1000,1000,1000,1000,1000,1000,1000,1000,1000,1000,1000,1000,1000,1000,1000,1000,1000,1000,1000,1000,1000,1000,1000,1000,1000,1000,1000,1000,1000,1000,1000,1000,1000,1000,1000,1000,1000,1000,1000,1000,1000,1000,1000,1000,1000,1000,1000,1000,1000,1000,1000,1000,1121.349,1000,1122.383,1124.603,1124.603,1125.515,1126.731,1129.772,1129.225,1132.326,1135.123,1134.029,1135.853,1137.677,1138.894,1138.529,1143.637,1145.461,1148.38,1151.542,1156.407,1155.921,1155.921,1156.407,1155.191,1154.705,1154.705,1156.894,1159.326,1161.759,1164.191,1166.867,1171.489,1172.948,1175.137,1177.083,1178.056,1177.083,1180.975,1182.435,1187.3,1192.165,1194.597,1194.597,1194.597,1193.624,1192.651,1192.651,1194.597,1196.057,1200.435,1202.381,1205.786,1206.759,1207.732,1208.705,1208.705,1210.651,1214.543,1209.678,1000,1000,1000,1125.15,1127.461,1127.948,1129.894,1133.542,1135.731,1134.758,1138.164,1140.596,1142.299,1144.245,1145.461,1145.461,1146.677,1145.948,1145.948,1148.624,1149.353,1151.299,1154.948,1156.164,1154.948,1156.164,1157.624,1156.164,1157.624,1162.002,1159.083,1162.002,1161.516,1162.002,1164.435,1165.894,1166.867,1167.84,1175.624,1178.543,1184.381,1188.273,1192.165,1000,1000,1000,1000,1133.542,1133.542,1133.36,1133.542,1134.059,1134.424,1135.002,1134.819,1135.002,1134.819,1134.637,1134.637,1134.637,1135.61,1135.61,1136.522,1136.522,1136.704,1136.279,1136.704,1137.677,1137.191,1138.407,1138.407,1139.198,1140.292,1139.745,1139.745,1138.954,1140.049,1139.198,1140.596,1140.049,1140.596,1140.9,1142.056,1142.664,1142.36,1143.637,1144.002,1143.272,1143.272,1144.002,1144.002,1143.029,1144.245,1145.34,1144.61,1144.245,1145.705,1144.245,1146.069,1148.259,1149.353,1149.353,1150.205,1148.259,1146.799,1146.434,1145.34,1146.069,1147.164,1147.164,1147.164,1147.894,1147.164,1147.529,1147.894,1147.894,1148.988,1149.353,1149.353,1151.056,1151.786,1151.786,1151.056,1151.421,1149.84,1150.205,1149.84,1151.786,1151.421,1151.786,1152.637,1152.272,1151.786,1151.786,1151.786,1150.569,1151.056,1150.205,1150.569,1151.056,1152.272,1151.786,1151.056,1151.056,1151.056,1149.84,1151.421,1151.786,1153.975,1153.975,1153.975,1152.272,1153.124,1151.786,1151.421,1151.421,1152.272,1152.272,1150.569,1151.786,1152.637,1152.637,1151.786,1152.637,1152.637,1153.975,1155.313,1156.651,1155.313,1155.799,1153.975,1154.461,1153.488,1156.651,1155.799,1153.488,1152.637,1150.205,1150.205,1148.624,1147.529,1145.34,1146.434,1145.34,1145.34,1146.434,1146.799,1146.799,1147.164,1147.894,1147.894,1146.799,1146.799,1147.164,1147.529,1146.069,1146.799,1146.799,1146.069,1144.975,1144.61,1144.61,1143.637,1143.637,1143.272,1144.245,1143.029,1143.272,1142.056,1143.637,1141.752,1143.029,1143.029,1142.664,1141.144,1140.9,1139.502,1138.407,1138.407,1139.502,1139.198,1139.198,1138.711,1137.677,1136.948,1136.279,1136.948,1136.704,1136.036,1135.427,1135.853,1134.424,1133.36,1132.569,1131.444,1130.532,1130.137,1130.053,1130.053,1129.878,1129.574,1129.133,1128.662,1000,1000,1000,1000,1000,1000,1000,1000,1000,1000,1000,1000,1000,1000,1000,1000,1000,1000,1129.08,1129.027,1128.89,1128.662,1128.434,1233.516,1234.49,1231.571,1227.192,1225.246,1000,1000,1000,1000,1111.407,1109.339,1107.758,1107.393,1106.664,1106.299,1105.204,1106.664,1000,1000,1000,1000,1178.543,1000,1174.408,1167.597,1160.543,1156.894,1000,1000,1000,1000,1000,1000,1000,1000,1000,1000,1000,1000,1155.678,1149.353,1143.029,1139.623,1000,1000,1000,1000,1000,1000,1000,1000,1000,1000,1000,1000,1000,1000,1000,1000,1000,1000,1000,1000,1000,1000,1000,1000,1000,1000,1000,1000,1000,1000,1000,1000,1000,1000,1000,1000,1000,1000,1000,1000,1000,1000,1000,1000,1000,1000,1000,1000,1000,1000,1000,1000,1000,1000,1000,1000,1000,1000,1000,1000,1000,1000,1000,1000,1000,1000,1000,1000,1000,1000,1000,1000,1000,1000,1000,1000,1000,1000,1000,1000,1000,1000,1000,1000,1000,1000,1000,1000,1000,1000,1000,1000,1000,1000,1000,1000,1000,1000,1000,1000,1000,1000,1000,1000,1000,1000,1000,1000,1000,1000,1000,1000,1000,1000,1000,1000,1000,1000,1000,1000,1000,1000,1000,1000,1000,1000,1000,1000,1000,1000,1000,1000,1000,1000,1000,1000,1000,1000,1000
1000,1000,1000,1000,1000,1000,1000,1000,1000,1000,1000,1000,1000,1000,1000,1000,1000,1000,1000,1000,1000,1000,1000,1000,1000,1000,1000,1000,1000,1000,1000,1000,1000,1000,1000,1000,1000,1000,1000,1000,1000,1000,1000,1000,1000,1000,1000,1000,1000,1000,1000,1000,1000,1000,1000,1000,1000,1000,1000,1000,1000,1000,1000,1000,1000,1000,1000,1000,1000,1000,1000,1000,1000,1000,1000,1000,1000,1000,1000,1000,1000,1000,1000,1000,1000,1000,1000,1000,1000,1000,1000,1000,1000,1000,1000,1000,1000,1000,1000,1000,1000,1000,1000,1000,1000,1000,1000,1000,1000,1000,1000,1000,1000,1000,1000,1000,1000,1000,1000,1000,1000,1000,1000,1000,1000,1000,1000,1000,1000,1000,1000,1000,1000,1123.326,1123.569,1124.603,1124.177,1125.029,1126.731,1128.616,1128.373,1131.353,1132.569,1131.353,1134.029,1135.488,1136.218,1135.853,1140.11,1140.961,1143.151,1144.975,1150.326,1149.353,1149.353,1150.326,1151.542,1149.84,1149.84,1150.326,1151.542,1152.516,1155.191,1156.407,1160.543,1161.759,1164.191,1166.137,1170.029,1168.813,1171.489,1170.759,1174.408,1176.597,1180.002,1180.975,1182.435,1180.975,1181.462,1180.975,1183.894,1185.354,1187.786,1188.759,1193.624,1192.651,1193.624,1193.624,1194.597,1196.057,1200.435,1199.462,1000,1000,1000,1119.434,1121.988,1121.988,1124.177,1126.975,1129.407,1128.434,1132.569,1135.245,1138.65,1137.434,1139.867,1139.867,1139.867,1140.596,1142.299,1143.515,1145.461,1148.137,1149.353,1149.353,1147.407,1146.677,1145.948,1143.515,1145.461,1145.948,1144.732,1143.515,1148.624,1144.732,1149.353,1150.083,1153.488,1151.299,1155.678,1161.516,1165.894,1170.759,1173.191,1179.516,1000,1000,1000,1000,1000,1131.201,1131.444,1131.703,1131.976,1132.417,1132.569,1132.265,1132.417,1131.839,1132.265,1131.976,1132.721,1132.721,1133.694,1133.36,1133.36,1133.542,1134.059,1133.542,1134.059,1134.424,1135.002,1134.819,1135.61,1135.427,1134.819,1134.637,1135.245,1134.819,1135.853,1136.036,1136.279,1135.853,1136.704,1136.948,1137.191,1138.164,1139.198,1138.407,1138.711,1139.198,1139.198,1138.407,1139.502,1140.049,1140.049,1140.049,1141.144,1139.745,1140.292,1140.9,1141.448,1141.448,1142.36,1141.752,1141.752,1141.752,1140.9,1140.596,1141.144,1141.144,1140.9,1142.056,1141.448,1142.664,1143.029,1143.272,1142.664,1143.637,1143.029,1144.002,1144.61,1144.61,1144.002,1144.975,1144.002,1144.61,1143.637,1145.705,1144.61,1145.34,1144.61,1144.61,1144.61,1144.975,1146.069,1144.61,1144.975,1144.975,1145.34,1144.975,1145.705,1145.705,1145.34,1144.975,1146.069,1145.34,1145.705,1146.069,1147.529,1147.894,1147.894,1146.799,1146.069,1145.705,1144.61,1144.975,1144.975,1145.705,1144.245,1145.34,1145.705,1145.705,1144.61,1146.069,1147.164,1150.205,1151.786,1154.461,1153.124,1151.786,1147.894,1147.894,1144.61,1144.975,1144.61,1142.36,1141.752,1141.448,1142.056,1142.056,1142.056,1141.448,1142.056,1141.144,1140.9,1141.752,1141.448,1141.752,1142.056,1142.664,1142.36,1142.36,1141.752,1141.752,1141.144,1141.144,1140.9,1141.448,1140.9,1140.9,1140.049,1140.292,1139.198,1139.745,1138.711,1139.745,1138.164,1139.198,1138.164,1138.954,1136.948,1137.921,1136.948,1137.191,1136.036,1136.279,1134.819,1134.637,1134.059,1134.819,1134.242,1134.637,1134.059,1134.242,1133.542,1133.542,1133.877,1133.877,1132.873,1132.721,1132.569,1131.839,1131.201,1130.958,1130.137,1129.719,1129.498,1129.43,1129.247,1129.187,1128.981,1128.814,1128.434,1232.543,1000,1000,1000,1000,1000,1000,1000,1000,1000,1000,1000,1000,1000,1000,1000,1000,1000,1000,1000,1236.435,1226.219,1219.408,1203.354,1203.354,1000,1000,1000,1000,1000,1000,1000,1112.258,1108.974,1106.664,1105.569,1104.839,1104.474,1103.745,1104.474,1108.974,1000,1000,1000,1000,1154.218,1156.894,1151.542,1149.84,1145.461,1142.786,1000,1000,1000,1000,1000,1000,1000,1000,1000,1000,1000,1178.543,1167.84,1156.164,1000,1000,1000,1000,1000,1000,1000,1000,1000,1000,1000,1000,1000,1000,1000,1000,1000,1000,1000,1000,1000,1000,1000,1000,1000,1000,1000,1000,1000,1000,1000,1000,1000,1000,1000,1000,1000,1000,1000,1000,1000,1000,1000,1000,1000,1000,1000,1000,1000,1000,1000,1000,1000,1000,1000,1000,1000,1000,1000,1000,1000,1000,1000,1000,1000,1000,1000,1000,1000,1000,1000,1000,1000,1000,1000,1000,1000,1000,1000,1000,1000,1000,1000,1000,1000,1000,1000,1000,1000,1000,1000,1000,1000,1000,1000,1000,1000,1000,1000,1000,1000,1000,1000,1000,1000,1000,1000,1000,1000,1000,1000,1000,1000,1000,1000,1000,1000,1000,1000,1000,1000,1000,1000,1000,1000,1000,1000,1000,1000,1000,1000,1000,1000,1000,1000,1000,1000,1000,1000,1000
1000,1000,1000,1000,1000,1000,1000,1000,1000,1000,1000,1000,1000,1000,1000,1000,1000,1000,1000,1000,1000,1000,1000,1000,1000,1000,1000,1000,1000,1000,1000,1000,1000,1000,1000,1000,1000,1000,1000,1000,1000,1000,1000,1000,1000,1000,1000,1000,1000,1000,1000,1000,1000,1000,1000,1000,1000,1000,1000,1000,1000,1000,1000,1000,1000,1000,1000,1000,1000,1000,1000,1000,1000,1000,1000,1000,1000,1000,1000,1000,1000,1000,1000,1000,1000,1000,1000,1000,1000,1000,1000,1000,1000,1000,1000,1000,1000,1000,1000,1000,1000,1000,1000,1000,1000,1000,1000,1000,1000,1000,1000,1000,1000,1000,1000,1000,1000,1000,1000,1000,1000,1000,1000,1000,1000,1000,1000,1000,1000,1000,1000,1000,1000,1000,1122.748,1123.143,1122.566,1122.961,1123.752,1124.36,1124.846,1126.731,1128.069,1127.826,1129.772,1130.38,1130.988,1130.988,1133.299,1134.394,1136.948,1138.894,1142.299,1142.299,1142.786,1144.123,1145.948,1145.461,1145.461,1145.461,1145.461,1146.434,1147.407,1147.407,1149.84,1151.056,1153.002,1156.407,1160.543,1161.759,1163.705,1164.191,1164.921,1166.137,1168.813,1169.543,1169.543,1170.029,1172.948,1172.218,1173.678,1175.137,1175.624,1175.624,1179.516,1181.462,1182.435,1183.894,1183.894,1183.894,1183.894,1182.435,1180.975,1000,1000,1000,1117.853,1117.488,1118.218,1119.434,1121.502,1121.137,1124.177,1127.461,1131.596,1133.056,1136.461,1136.461,1136.948,1138.164,1139.867,1139.867,1142.299,1143.515,1144.245,1141.569,1138.164,1134.758,1133.056,1132.569,1133.542,1135.245,1134.272,1134.758,1134.758,1135.731,1139.38,1138.65,1140.596,1141.569,1145.948,1147.407,1152.029,1158.597,1163.948,1163.948,1165.894,1000,1000,1000,1000,1129.802,1129.878,1130.053,1129.962,1130.334,1130.532,1130.426,1130.426,1130.334,1130.639,1130.639,1131.079,1130.958,1131.323,1130.958,1131.323,1130.958,1131.444,1131.201,1131.566,1131.703,1131.976,1131.976,1132.569,1132.721,1132.569,1132.569,1132.873,1132.721,1133.025,1133.025,1133.177,1132.721,1133.025,1133.542,1133.694,1134.242,1135.002,1135.002,1135.002,1135.002,1135.853,1135.427,1135.853,1136.279,1136.036,1136.279,1136.522,1136.036,1136.279,1136.522,1137.191,1136.704,1137.191,1136.704,1137.191,1136.704,1136.036,1136.279,1136.704,1136.279,1136.279,1137.921,1137.191,1137.677,1138.164,1138.407,1138.407,1139.198,1138.954,1139.198,1139.198,1139.745,1139.502,1139.502,1139.502,1139.745,1139.198,1140.596,1140.292,1140.292,1140.049,1140.049,1140.049,1138.954,1139.745,1139.745,1140.292,1140.292,1140.292,1140.292,1140.292,1140.9,1140.049,1140.292,1140.292,1140.049,1140.596,1141.144,1142.36,1142.36,1142.36,1141.752,1141.752,1141.752,1141.144,1141.144,1141.448,1141.752,1140.596,1141.144,1140.9,1140.596,1140.049,1141.448,1143.272,1146.434,1147.529,1148.624,1145.34,1142.664,1138.954,1138.407,1137.191,1137.191,1137.921,1138.407,1139.198,1138.407,1138.711,1138.954,1138.954,1138.164,1139.198,1138.711,1138.407,1138.407,1138.164,1138.164,1138.407,1138.407,1138.711,1138.711,1138.164,1137.677,1136.948,1137.434,1137.434,1137.921,1137.434,1137.434,1136.279,1136.279,1135.61,1135.427,1134.637,1135.245,1134.242,1134.819,1134.819,1134.819,1133.694,1134.059,1133.025,1132.873,1132.265,1132.417,1131.566,1131.444,1131.079,1131.566,1131.444,1131.703,1131.566,1131.703,1131.444,1131.201,1131.444,1131.323,1130.851,1130.745,1130.745,1130.228,1129.802,1129.574,1129.187,1128.981,1128.936,1128.981,1129.027,1128.981,1128.738,1128.624,1241.3,1230.598,1224.273,1223.3,1212.597,1203.84,1000,1000,1000,1000,1000,1000,1000,1000,1000,1000,1000,1000,1000,1000,1000,1000,1000,1000,1000,1000,1000,1000,1000,1000,1000,1000,1000,1114.934,1108.488,1105.204,1104.109,1103.38,1102.772,1102.407,1103.136,1105.569,1121.866,1000,1000,1000,1000,1137.677,1000,1135.488,1135.123,1134.029,1129.468,1132.326,1127.522,1128.069,1000,1000,1000,1000,1000,1000,1000,1000,1000,1000,1000,1000,1000,1000,1000,1000,1000,1000,1000,1000,1000,1000,1000,1000,1000,1000,1000,1000,1000,1000,1000,1000,1000,1000,1000,1000,1000,1000,1000,1000,1000,1000,1000,1000,1000,1000,1000,1000,1000,1000,1000,1000,1000,1000,1000,1000,1000,1000,1000,1000,1000,1000,1000,1000,1000,1000,1000,1000,1000,1000,1000,1000,1000,1000,1000,1000,1000,1000,1000,1000,1000,1000,1000,1000,1000,1000,1000,1000,1000,1000,1000,1000,1000,1000,1000,1000,1000,1000,1000,1000,1000,1000,1000,1000,1000,1000,1000,1000,1000,1000,1000,1000,1000,1000,1000,1000,1000,1000,1000,1000,1000,1000,1000,1000,1000,1000,1000,1000,1000,1000,1000,1000,1000,1000,1000,1000,1000,1000,1000,1000,1000,1000,1000,1000,1000,1000,1000,1000,1000,1000
1000,1000,1000,1000,1000,1000,1000,1000,1000,1000,1000,1000,1000,1000,1000,1000,1000,1000,1000,1000,1000,1000,1000,1000,1000,1000,1000,1000,1000,1000,1000,1000,1000,1000,1000,1000,1000,1000,1000,1000,1000,1000,1000,1000,1000,1000,1000,1000,1000,1000,1000,1000,1000,1000,1000,1000,1000,1000,1000,1000,1000,1000,1000,1000,1000,1000,1000,1000,1000,1000,1000,1000,1000,1000,1000,1000,1000,1000,1000,1000,1000,1000,1000,1000,1000,1000,1000,1000,1000,1000,1000,1000,1000,1000,1000,1000,1000,1000,1000,1000,1000,1000,1000,1000,1000,1000,1000,1000,1000,1000,1000,1000,1000,1000,1000,1000,1000,1000,1000,1000,1000,1000,1000,1000,1000,1000,1000,1000,1000,1000,1000,1000,1000,1000,1120.741,1120.027,1119.525,1120.164,1120.589,1121.349,1122.018,1123.569,1124.36,1124.177,1124.846,1125.515,1126.002,1126.245,1126.731,1128.616,1129.468,1131.596,1133.664,1135.488,1135.123,1136.948,1138.529,1138.894,1138.529,1139.38,1139.38,1139.38,1139.38,1140.11,1142.786,1144.123,1145.461,1147.894,1151.542,1152.029,1153.002,1153.002,1153.732,1154.705,1155.921,1157.624,1159.326,1161.029,1162.489,1163.705,1164.921,1165.407,1165.407,1166.137,1168.083,1168.813,1169.543,1171.489,1170.759,1170.029,1170.029,1168.083,1167.597,1000,1000,1000,1113.839,1111.528,1111.528,1112.501,1113.109,1113.109,1116.029,1121.137,1126.488,1129.407,1130.867,1131.596,1132.083,1132.569,1134.272,1135.731,1138.65,1138.164,1135.731,1132.083,1128.434,1126.975,1126.002,1125.515,1126.002,1126.002,1126.002,1126.488,1126.488,1128.921,1131.596,1133.542,1134.758,1135.245,1138.65,1139.38,1144.732,1148.624,1152.029,1155.678,1157.624,1160.543,1000,1000,1000,1000,1129.133,1129.187,1129.08,1129.247,1129.133,1129.08,1129.027,1129.133,1129.247,1129.187,1129.643,1129.643,1129.878,1129.498,1129.643,1129.719,1129.802,1129.962,1130.053,1130.137,1130.334,1130.639,1130.851,1131.079,1130.745,1130.958,1130.958,1130.851,1131.201,1130.851,1130.851,1130.639,1130.851,1130.745,1131.079,1131.444,1131.703,1131.703,1131.703,1131.703,1132.265,1132.417,1132.569,1132.873,1133.025,1132.721,1132.873,1132.569,1132.721,1132.417,1133.177,1133.177,1133.694,1133.36,1133.877,1133.542,1133.36,1133.542,1133.694,1133.36,1132.873,1133.694,1133.36,1133.542,1134.242,1135.427,1135.002,1135.853,1135.245,1135.245,1134.637,1136.036,1135.427,1136.948,1137.191,1137.191,1136.036,1136.279,1136.036,1135.853,1135.427,1135.427,1135.61,1135.853,1135.61,1136.036,1135.853,1136.279,1136.279,1136.279,1136.279,1136.704,1135.853,1136.279,1136.279,1136.036,1136.279,1136.704,1137.434,1137.434,1137.434,1136.704,1136.522,1136.522,1135.853,1136.522,1137.434,1137.921,1137.677,1137.921,1137.434,1136.948,1136.704,1137.677,1139.502,1142.664,1142.056,1141.752,1138.711,1136.036,1134.059,1134.242,1133.877,1133.694,1134.242,1134.637,1135.427,1135.245,1135.61,1135.61,1135.245,1134.637,1135.245,1135.002,1135.427,1135.427,1135.61,1135.002,1135.853,1134.819,1134.819,1134.242,1134.059,1133.694,1133.694,1134.059,1134.637,1135.002,1134.242,1134.424,1133.542,1133.542,1133.025,1133.177,1132.265,1132.873,1132.113,1132.265,1132.113,1132.113,1131.323,1131.444,1130.851,1130.851,1130.639,1130.745,1130.334,1130.137,1129.802,1129.719,1129.719,1129.643,1129.802,1130.053,1129.962,1129.719,1129.878,1129.719,1129.369,1129.308,1129.308,1129.133,1128.852,1128.814,1128.662,1128.586,1128.548,1128.548,1128.548,1241.3,1235.463,1231.571,1228.165,1222.327,1217.462,1216.489,1211.624,1204.813,1203.84,1200.435,1000,1000,1000,1000,1000,1000,1000,1000,1000,1000,1000,1000,1000,1000,1000,1000,1000,1000,1000,1000,1000,1000,1000,1000,1000,1120.65,1108.123,1104.109,1102.772,1102.163,1101.799,1101.19,1101.495,1103.136,1110.92,1000,1000,1000,1000,1000,1000,1131.961,1000,1133.664,1000,1134.029,1130.38,1130.988,1130.684,1129.772,1127.522,1000,1000,1124.177,1000,1000,1000,1000,1000,1000,1000,1000,1000,1000,1000,1000,1000,1000,1000,1000,1000,1000,1000,1000,1000,1000,1000,1000,1000,1000,1000,1000,1000,1000,1000,1000,1000,1000,1000,1000,1000,1000,1000,1000,1000,1000,1000,1000,1000,1000,1000,1000,1000,1000,1000,1000,1000,1000,1000,1000,1000,1000,1000,1000,1000,1000,1000,1000,1000,1000,1000,1000,1000,1000,1000,1000,1000,1000,1000,1000,1000,1000,1000,1000,1000,1000,1000,1000,1000,1000,1000,1000,1000,1000,1000,1000,1000,1000,1000,1000,1000,1000,1000,1000,1000,1000,1000,1000,1000,1000,1000,1000,1000,1000,1000,1000,1000,1000,1000,1000,1000,1000,1000,1000,1000,1000,1000,1000,1000,1000,1000,1000,1000,1000,1000,1000,1000,1000,1000,1000,1000,1000,1000,1000,1000,1000,1000,1000
1000,1000,1000,1000,1000,1000,1000,1000,1000,1000,1000,1000,1000,1000,1000,1000,1000,1000,1000,1000,1000,1000,1000,1000,1000,1000,1000,1000,1000,1000,1000,1000,1000,1000,1000,1000,1000,1000,1000,1000,1000,1000,1000,1000,1000,1000,1000,1000,1000,1000,1000,1000,1000,1000,1000,1000,1000,1000,1000,1000,1000,1000,1000,1000,1000,1000,1000,1000,1000,1000,1000,1000,1000,1000,1000,1000,1000,1000,1000,1000,1000,1000,1000,1000,1000,1000,1000,1000,1000,1000,1000,1000,1000,1000,1000,1000,1000,1000,1000,1000,1000,1000,1000,1000,1000,1000,1000,1000,1000,1000,1000,1000,1000,1000,1000,1000,1000,1000,1000,1000,1000,1000,1000,1000,1000,1000,1000,1000,1000,1000,1000,1000,1000,1000,1000,1118.552,1118.552,1118.856,1119.176,1119.647,1120.164,1120.589,1121.349,1121.349,1121.502,1122.201,1122.748,1122.566,1123.143,1124.603,1124.846,1126.002,1127.826,1129.772,1130.076,1131.596,1132.569,1132.934,1132.326,1132.569,1132.934,1132.934,1133.664,1134.029,1135.488,1136.948,1138.894,1140.961,1144.61,1145.461,1144.975,1144.975,1144.61,1144.975,1146.434,1147.894,1148.867,1150.326,1152.516,1153.002,1156.407,1158.11,1159.326,1158.11,1159.326,1160.056,1159.326,1160.543,1161.029,1160.056,1159.326,1157.624,1156.894,1156.894,1000,1000,1000,1107.028,1107.028,1107.576,1107.272,1107.819,1110.312,1115.664,1122.353,1126.975,1128.921,1130.38,1130.867,1130.38,1132.083,1129.894,1127.948,1124.664,1121.137,1119.434,1119.434,1119.434,1119.92,1120.65,1121.502,1123.691,1122.353,1124.177,1126.002,1126.488,1127.948,1129.407,1130.38,1130.867,1134.272,1136.461,1138.65,1143.515,1145.461,1150.083,1152.029,1156.164,1159.083,1161.516,1000,1000,1000,1000,1128.662,1128.662,1128.434,1241.3,1241.3,1128.472,1128.586,1128.662,1128.776,1128.738,1128.776,1128.814,1128.814,1128.936,1128.981,1128.981,1129.08,1129.187,1129.187,1129.498,1129.498,1129.308,1129.247,1129.369,1129.308,1129.369,1129.719,1129.643,1129.369,1129.43,1129.498,1129.43,1129.574,1129.878,1129.802,1130.053,1130.053,1130.053,1130.334,1130.532,1130.532,1130.958,1130.851,1130.851,1130.745,1130.851,1130.745,1130.745,1130.851,1130.958,1131.444,1131.444,1131.839,1131.566,1131.323,1131.201,1131.201,1130.851,1130.851,1131.323,1131.201,1131.566,1132.113,1132.873,1132.873,1133.025,1132.721,1132.721,1132.873,1133.542,1133.36,1134.059,1134.059,1133.542,1133.025,1133.177,1132.721,1132.721,1132.721,1133.025,1132.873,1133.542,1133.177,1133.177,1133.025,1133.177,1132.873,1132.873,1132.569,1133.025,1132.873,1133.177,1133.36,1133.542,1133.542,1133.542,1133.877,1133.877,1134.242,1133.877,1134.242,1134.424,1134.242,1134.424,1135.245,1135.245,1135.61,1135.61,1135.245,1134.424,1134.637,1134.059,1134.819,1135.427,1135.245,1134.637,1132.873,1131.839,1131.703,1131.703,1131.703,1131.976,1132.721,1133.177,1133.542,1132.873,1133.025,1133.025,1132.417,1131.976,1132.417,1132.113,1132.265,1132.417,1132.113,1131.976,1132.417,1131.703,1131.703,1131.323,1131.323,1131.201,1131.444,1131.839,1132.265,1132.569,1131.839,1131.839,1131.444,1130.958,1130.745,1130.745,1130.228,1130.053,1129.962,1129.962,1129.962,1129.962,1129.643,1129.643,1129.247,1129.247,1129.247,1129.187,1129.08,1129.027,1128.738,1128.7,1128.814,1128.814,1128.852,1129.08,1129.027,1128.776,1128.814,1128.814,1128.624,1128.586,1128.586,1128.434,1235.463,1235.463,1233.516,1235.463,1234.49,1233.516,1231.571,1228.165,1220.381,1217.462,1214.543,1210.651,1205.786,1206.759,1202.381,1199.462,1198.003,1192.651,1180.975,1165.407,1000,1000,1000,1000,1000,1000,1000,1000,1000,1000,1000,1000,1000,1000,1000,1000,1000,1000,1000,1201.408,1000,1000,1000,1128.921,1109.339,1103.38,1101.799,1100.886,1100.582,1100.035,1100.035,1100.886,1105.934,1000,1000,1126.488,1000,1130.38,1132.326,1133.664,1134.394,1135.123,1133.299,1132.569,1131.353,1131.961,1131.596,1132.326,1130.38,1130.38,1128.373,1127.035,1124.36,1123.143,1000,1000,1000,1000,1000,1000,1000,1000,1000,1000,1000,1000,1000,1000,1000,1000,1000,1000,1000,1000,1000,1000,1000,1000,1000,1000,1000,1000,1000,1000,1000,1000,1000,1000,1000,1000,1000,1000,1000,1000,1000,1000,1000,1000,1000,1000,1000,1000,1000,1000,1000,1000,1000,1000,1000,1000,1000,1000,1000,1000,1000,1000,1000,1000,1000,1000,1000,1000,1000,1000,1000,1000,1000,1000,1000,1000,1000,1000,1000,1000,1000,1000,1000,1000,1000,1000,1000,1000,1000,1000,1000,1000,1000,1000,1000,1000,1000,1000,1000,1000,1000,1000,1000,1000,1000,1000,1000,1000,1000,1000,1000,1000,1000,1000,1000,1000,1000,1000,1000,1000,1000,1000,1000,1000,1000,1000,1000,1000,1000,1000,1000,1000,1000,1000,1000,1000,1000,1000,1000,1000,1000,1000
1000,1000,1000,1000,1000,1000,1000,1000,1000,1000,1000,1000,1000,1000,1000,1000,1000,1000,1000,1000,1000,1000,1000,1000,1000,1000,1000,1000,1000,1000,1000,1000,1000,1000,1000,1000,1000,1000,1000,1000,1000,1000,1000,1000,1000,1000,1000,1000,1000,1000,1000,1000,1000,1000,1000,1000,1000,1000,1000,1000,1000,1000,1000,1000,1000,1000,1000,1000,1000,1000,1000,1000,1000,1000,1000,1000,1000,1000,1000,1000,1000,1000,1000,1000,1000,1000,1000,1000,1000,1000,1000,1000,1000,1000,1000,1000,1000,1000,1000,1000,1000,1000,1000,1000,1000,1000,1000,1000,1000,1000,1000,1000,1000,1000,1000,1000,1000,1000,1000,1000,1000,1000,1000,1000,1000,1000,1000,1000,1000,1000,1000,1000,1000,1000,1000,1117.693,1117.823,1118.203,1118.377,1118.659,1119.176,1119.404,1120.027,1120.437,1120.893,1121.198,1121.684,1121.684,1121.866,1122.566,1122.566,1123.326,1124.603,1126.488,1127.522,1129.225,1130.684,1130.684,1130.076,1130.38,1130.076,1130.076,1130.988,1131.596,1131.961,1133.299,1134.758,1136.583,1139.38,1140.596,1140.11,1139.745,1139.38,1138.894,1140.11,1141.813,1142.786,1145.461,1147.407,1148.867,1151.056,1152.516,1152.029,1150.326,1151.056,1151.542,1152.029,1153.002,1154.705,1153.732,1153.732,1152.029,1151.056,1149.84,1146.921,1000,1000,1000,1104.474,1104.718,1104.474,1105.386,1107.819,1112.866,1119.069,1125.15,1127.461,1128.434,1128.921,1127.948,1128.921,1125.515,1122.353,1118.704,1115.664,1114.569,1115.664,1116.029,1116.758,1117.853,1119.434,1120.65,1120.285,1121.988,1122.839,1124.177,1126.002,1127.948,1129.407,1128.921,1131.596,1133.542,1135.245,1139.38,1144.245,1145.948,1149.353,1153.488,1155.678,1158.597,1000,1000,1000,1000,1236.435,1235.463,1232.543,1231.571,1230.598,1231.571,1231.571,1235.463,1239.354,1239.354,1239.354,1239.354,1128.434,1128.624,1128.624,1128.662,1128.738,1128.776,1128.814,1128.936,1128.89,1128.852,1128.7,1128.814,1128.738,1128.814,1128.981,1128.981,1128.936,1128.852,1128.814,1128.776,1128.89,1128.981,1128.936,1129.133,1129.308,1129.247,1129.369,1129.802,1129.643,1129.643,1129.802,1129.719,1129.878,1129.962,1129.719,1129.574,1129.719,1129.878,1130.228,1130.334,1130.639,1130.334,1130.137,1129.878,1129.962,1129.719,1129.878,1130.137,1130.334,1130.851,1130.958,1131.703,1131.323,1131.444,1131.079,1130.851,1130.851,1131.323,1131.444,1131.839,1131.839,1131.839,1131.323,1131.444,1131.201,1131.079,1131.079,1131.444,1131.444,1131.566,1131.703,1131.566,1131.444,1131.566,1131.444,1131.444,1131.323,1131.566,1131.323,1131.566,1131.703,1131.976,1131.976,1132.113,1132.113,1131.976,1132.113,1131.703,1131.976,1132.265,1132.569,1133.025,1134.242,1133.877,1134.637,1134.637,1133.36,1131.976,1133.177,1131.839,1132.265,1132.721,1132.721,1131.976,1131.201,1130.639,1130.745,1130.639,1130.745,1130.851,1131.079,1131.444,1131.839,1131.201,1131.323,1131.703,1131.079,1130.851,1131.323,1131.201,1131.323,1131.323,1130.958,1130.745,1130.958,1130.137,1130.053,1129.878,1129.962,1129.962,1130.137,1130.639,1130.958,1131.079,1130.532,1130.851,1130.334,1130.053,1129.962,1129.802,1129.498,1129.498,1129.027,1129.133,1129.133,1129.08,1128.981,1129.027,1128.738,1128.738,1128.7,1128.624,1128.586,1128.51,1238.381,1236.435,1241.3,1241.3,1128.548,1128.7,1128.662,1128.434,1239.354,1239.354,1233.516,1233.516,1233.516,1231.571,1226.219,1226.219,1223.3,1225.246,1225.246,1224.273,1221.354,1217.462,1210.651,1208.705,1206.759,1203.354,1200.435,1200.435,1198.003,1195.084,1192.651,1187.3,1178.056,1162.975,1148.38,1000,1000,1000,1000,1000,1000,1000,1000,1000,1000,1000,1000,1000,1000,1000,1000,1000,1000,1212.111,1000,1000,1000,1000,1110.92,1103.745,1101.495,1100.035,1099.731,1098.88,1098.636,1098.88,1102.407,1000,1000,1129.772,1130.988,1133.664,1136.218,1136.583,1136.948,1137.313,1135.488,1133.664,1132.326,1131.961,1131.596,1131.596,1129.468,1129.468,1128.616,1127.279,1125.029,1123.934,1000,1000,1000,1000,1000,1000,1000,1000,1000,1000,1000,1000,1000,1000,1000,1000,1000,1000,1000,1000,1000,1000,1000,1000,1000,1000,1000,1000,1000,1000,1000,1000,1000,1000,1000,1000,1000,1000,1000,1000,1000,1000,1000,1000,1000,1000,1000,1000,1000,1000,1000,1000,1000,1000,1000,1000,1000,1000,1000,1000,1000,1000,1000,1000,1000,1000,1000,1000,1000,1000,1000,1000,1000,1000,1000,1000,1000,1000,1000,1000,1000,1000,1000,1000,1000,1000,1000,1000,1000,1000,1000,1000,1000,1000,1000,1000,1000,1000,1000,1000,1000,1000,1000,1000,1000,1000,1000,1000,1000,1000,1000,1000,1000,1000,1000,1000,1000,1000,1000,1000,1000,1000,1000,1000,1000,1000,1000,1000,1000,1000,1000,1000,1000,1000,1000,1000,1000,1000,1000,1000,1000,1000
1000,1000,1000,1000,1000,1000,1000,1000,1000,1000,1000,1000,1000,1000,1000,1000,1000,1000,1000,1000,1000,1000,1000,1000,1000,1000,1000,1000,1000,1000,1000,1000,1000,1000,1000,1000,1000,1000,1000,1000,1000,1000,1000,1000,1000,1000,1000,1000,1000,1000,1000,1000,1000,1000,1000,1000,1000,1000,1000,1000,1000,1000,1000,1000,1000,1000,1000,1000,1000,1000,1000,1000,1000,1000,1000,1000,1000,1000,1000,1000,1000,1000,1000,1000,1000,1000,1000,1000,1000,1000,1000,1000,1000,1000,1000,1000,1000,1000,1000,1000,1000,1000,1000,1000,1000,1000,1000,1000,1000,1000,1000,1000,1000,1000,1000,1000,1000,1000,1000,1000,1000,1000,1000,1000,1000,1000,1000,1000,1000,1000,1000,1000,1000,1000,1000,1000,1117.458,1117.572,1117.404,1117.632,1117.898,1117.823,1118.377,1118.856,1119.282,1119.525,1120.164,1120.027,1120.164,1120.589,1120.437,1121.045,1121.866,1123.752,1124.603,1126.002,1127.035,1127.035,1126.245,1127.279,1127.035,1126.731,1127.826,1128.373,1128.373,1130.076,1130.988,1131.961,1134.758,1135.488,1135.123,1135.853,1135.123,1135.123,1136.218,1137.313,1137.313,1139.38,1140.11,1141.448,1144.123,1145.948,1146.434,1145.948,1146.434,1146.434,1146.434,1147.407,1148.38,1146.921,1146.434,1144.61,1144.975,1144.123,1142.786,1000,1000,1000,1103.106,1103.288,1103.106,1104.109,1106.299,1110.312,1117.488,1124.177,1126.488,1127.461,1128.434,1126.975,1126.488,1123.326,1119.434,1116.029,1113.474,1113.109,1113.474,1114.204,1113.839,1116.029,1116.758,1118.704,1119.434,1121.502,1121.988,1122.839,1124.177,1126.002,1125.515,1126.002,1128.921,1130.38,1132.083,1136.948,1139.867,1144.245,1148.137,1152.029,1153.488,1154.948,1157.137,1000,1000,1000,1000,1223.3,1217.462,1217.462,1216.489,1218.435,1222.327,1226.219,1227.192,1229.625,1228.165,1229.625,1231.571,1234.49,1235.463,1236.435,1240.327,1239.354,1241.3,1128.548,1128.51,1241.3,1241.3,1240.327,1240.327,1128.548,1128.624,1128.548,1128.51,1128.51,1128.472,1241.3,1128.51,1128.548,1128.51,1128.586,1128.7,1128.7,1128.814,1129.027,1129.08,1128.936,1128.981,1128.981,1129.08,1129.08,1129.08,1129.027,1129.027,1129.187,1129.43,1129.498,1129.574,1129.308,1129.187,1129.133,1129.247,1129.133,1129.187,1129.308,1129.247,1129.574,1129.878,1130.426,1130.137,1130.426,1130.426,1130.053,1130.053,1130.426,1130.532,1130.639,1130.958,1130.639,1130.228,1130.426,1130.137,1130.053,1130.053,1130.426,1130.532,1130.426,1130.334,1130.639,1130.228,1130.334,1130.137,1130.137,1129.878,1129.962,1129.802,1130.137,1130.137,1130.334,1130.532,1130.639,1130.532,1130.532,1130.745,1130.426,1130.639,1130.958,1131.444,1132.113,1133.877,1133.542,1135.245,1135.002,1132.113,1130.228,1131.323,1129.719,1129.719,1130.137,1130.426,1130.137,1129.719,1129.498,1129.643,1129.498,1129.574,1129.878,1130.053,1130.639,1131.201,1130.532,1130.426,1130.958,1130.053,1129.719,1130.053,1130.334,1130.228,1130.334,1130.053,1129.878,1129.802,1129.247,1129.133,1129.027,1129.133,1129.187,1129.43,1129.878,1130.228,1130.053,1129.574,1129.643,1129.43,1129.133,1129.247,1129.133,1128.981,1128.7,1128.548,1128.624,1128.586,1128.586,1128.51,1128.624,1128.434,1128.434,1240.327,1235.463,1235.463,1233.516,1227.192,1226.219,1232.543,1232.543,1235.463,1238.381,1238.381,1231.571,1227.192,1227.192,1224.273,1224.273,1224.273,1222.327,1217.462,1217.462,1214.543,1217.462,1217.462,1217.462,1215.516,1211.624,1203.354,1199.462,1197.03,1195.084,1193.624,1194.597,1193.624,1190.219,1187.3,1181.462,1175.137,1159.326,1000,1138.529,1132.934,1000,1000,1000,1000,1000,1000,1000,1000,1000,1000,1000,1000,1000,1000,1000,1000,1000,1000,1000,1000,1000,1000,1105.204,1101.495,1099.427,1099.184,1098.089,1097.542,1097.299,1100.582,1000,1000,1127.522,1129.772,1131.353,1135.123,1134.758,1135.853,1136.583,1134.758,1132.326,1131.353,1130.38,1129.772,1129.468,1127.826,1127.279,1126.731,1125.515,1123.143,1122.201,1120.589,1118.286,1000,1000,1000,1000,1000,1000,1000,1000,1000,1000,1000,1000,1000,1000,1000,1000,1000,1000,1000,1000,1000,1000,1000,1000,1000,1000,1000,1000,1000,1000,1000,1000,1000,1000,1000,1000,1000,1000,1000,1000,1000,1000,1000,1000,1000,1000,1000,1000,1000,1000,1000,1000,1000,1000,1000,1000,1000,1000,1000,1000,1000,1000,1000,1000,1000,1000,1000,1000,1000,1000,1000,1000,1000,1000,1000,1000,1000,1000,1000,1000,1000,1000,1000,1000,1000,1000,1000,1000,1000,1000,1000,1000,1000,1000,1000,1000,1000,1000,1000,1000,1000,1000,1000,1000,1000,1000,1000,1000,1000,1000,1000,1000,1000,1000,1000,1000,1000,1000,1000,1000,1000,1000,1000,1000,1000,1000,1000,1000,1000,1000,1000,1000,1000,1000,1000,1000,1000,1000,1000,1000
